0111000101010111000011001000011011100101101001100111000010010111101011000
1001110101100001101110101010001001001101011011010000101111011000010111111
1001111110100001011101111110010011001111100010111111100110100000100111001
1110111110010001100111110001000111010110111001100010110101111110100100011
0111010100010011000100011011010011000110001011100001110100010100101011000
0111100110010101101001111010011101111110100110100000110001101011111100001
0011000011100000101011110001101000000010101000101110011100111011101110111
1111110010010101101101110011111110110000100001001000111110001110111101000
0011011101000000111010101001001000100101111010101001001100111011010000011
1100001010101010010000100001101000010111000110000111001001111001000000101
0110001001011101001010101111100010000111100001100011100101111101111111100
1001110100100000101100101101100110100111101011110111010000111001010100110
0000000001100001001100000111111101110100110100101111110010011000111001001
1000010100100010110100001000101101001110010000010101010000111110010110111
1000100001000100001111111101111010011010111110101001100100100110111110011
1111110100101000111000001101010011010100101101101010101000100101010011011
0101011110010101011000101111100101110011010001011100100100010110011000001
0010000011000101101110001111001111001100111001001101101000000101001101111
0110011110111011110111000010110000100011100010000110100001110110000110011
0111100100011110011001011001110010000000000010100110110010011010101000000
1101001010100010011001110000100101010011110000001011111101100111101111110
1011011100000010001110000101000110011001000110000010110001011011010010110
0111011111110010100010011000010001110000011101110001000010101010101010010
0011111100000010000110100100111110011100000101010000101001101010010011111
1110110010110111110100100101010010100111111100101011101000011001010010000
0010000000111011110001011000011011010011111110010011100011100000110111010
0110110100101000111000000001000110101100010111011111100010010100011010101
0001101111111011110101001010010010011000111000011111010011100001000101000
0000001101111110101110010000010010000011001001100011100010110010110000000
1010110100001011001100111101101111111111101010100111011011010010011001101
1100011111001110010000010100010010101101011010110000001110100101011010001
0001010100011100110011010010010000011011110100001010010100100001111000001
1011100100110011010101011111111001111110011000010111001110111100000010101
1111110000001101110010100100010010010101010000111011011110001010011100101
1000010110011000101000101010011010010010010101101000101001001001110011000
0001010101001011100011110101010111100111110001110100100101001100111011001
0110010000000110010001010011011110000100001010010011101001111111000010010
1111110011111101010000011010011011011001010011000111000101110100111000110
0011111001110110101010001100110110110000111111001110000011111010011000000
1110000011110000101011001100111101010100001010101001010111111110101111100
1011011110111011011010001101010100010010000100001101110010100010100000000
0101000010001110110010101111001111110110001100101110101110010100001000111
1101101010010011010000101101111010001011010101000111100101101001011000111
0000010001001011000001111110000100100010111001010101111010001010110100001
0110110011010010001101000110011000001111000000101000001000011100000001000
1101100100110001110000110010100000110110001100000110000110000110110100011
1011111010111011000100101000111001110001010010011111111010101101001110011
0110000000010100100000110111001011011000000100101001111111101111110000101
0010001110001011110010001011000101100011110010110111110101111010110000011
1010001001011100111100000011010010010110111101101000001010010000110101000
1011001001111001001111001111110111001110011001101000111101011011110100000
1010100011111110010010101111110011001101101100111000001001111000110101000
0111110100101011111111011110100000111000111100111010000110100001101001101
0001111100011100000111000001010101000001100100111010001110101111111110111
0100001111000001010010011000011011101000010110110111010111001010101110111
0111101110100010100010000000001111010101011001011010111011100101101110111
1110000100001000000100100111111011000011110101110100111100110101001000111
0101010001100000001011010101010000111111001000011011001100000010111010100
0011011011110111001010110101101110001111101000111001110110010110100110011
1101101011111100101101001010110010001111010010001111000010100100010001000
0101011111111100000101111000000011111011001110111011011000000011100011000
1001100100100111111010000010001010011101010011110000010110110000100001011
1001011110000110101111110000110001001011100101011010011001101000000001100
1000011011110001010011001001001100101000001000110010110110001000110100110
1011111100101010000110100100100100110101100101011111111101101101010100100
0100010110111111100001011110111101110110001101011111010001010001101001011
1000111100101010110110100010011101010111011000100000111111000000010110111
0111011100110110011010000101000001000001000101100111011100100001101010010
1110101000100111001011111110001010111001000000100000011101101000001101010
1110100100101001010010010101010000110001000010000101100000011110010010100
0100001001110100010011010010010011000101011000010000111111000011101001000
0101001010010111011011110100000000001100011001101000011110100101011110000
0111011011001111111000010010011111010000011101111000111110100100011000000
