011111011111011101001111111101111101110111111111111111110110111111000111011101100111101011001100010
101111111010010101011100000000110110100101101110100011111000100111111100111100011111111101101010011
110101010111001110111111010101111110011110111101111011000111110100101101111101110111111011110111011
111011111111011111111101110111000011010111111111100111110111101111110111011111101011111111011111110
110101001000011101101011111000110000100110010111110001000111111111011010111001111011010001101011001
111110111100111111111100110110110100111111101011110111110011010111101011100111101010111000101111101
010101001011101111100011000100111100010101101011111011111001101111111100101111111001111111001111010
111101001110111110110011111110101100101001000111101011101101110111111011011111111101110011111111110
110111110100001111110011010011111000111111011101100010101111110100000111100110001011101111100111010
101101011001110100111110000111011001111011011111111101111010101001111110110110010101111100101111100
111100110001100101110001111111111011011100111001100011101111100100001101101111001110100101111101111
101100100110111111011100111111010111111111101110100111011001011010111011100000111111101111110110101
000001110111011101011100111101000110100001001110111100100101001011111000011011111110011110111100110
110111010101100001111111001001111101101001110101110101011111110011011110011101001111110101011111000
101111111001100101100101001110010111111111101001111111101111111100011111110001111111101111110111101
111111111111101010100011111011111000011111101111111100111111101011001100111000111011110110111010110
001101111001000101110111110110010101011110100111110101111111011110101110001100110010010000010110111
110111101011111010110110111101101101100111010101011111111101101110111001101001011101111111100111111
001111111110011111001101101011111111011111001100110011110111111111111000101111011101111111101111111
011101011111110011001111110100111011111101011101011110011111110111110101100100001110111011111111111
111111000101110000110110010100111011111111011111001110110101111101111001011101111111110101001100110
111101000101111011111011111100000110110011111111001111011000101111110010111011110110001111001100011
101010111100010111011101110111111011110110001101111111110110011101111100111111110111110110011111100
101110111010011110110110110110011110111111100101111011011011011000001011110011101101010011100011111
100111010011100111110111011010111111110111111111100010101101011001111111010111010011101000111011111
101111011011100111011111101110001111111011011111111110101111110110011001100110111101000001010111011
100010010011111101100100110111111111010110111111111111011011100001111101101011110011011110011111111
101101110111101011011111011010111111110010101111101111011011011110111011111111011100011111111011101
000101011111001110100011111100011011111011111111101100101111111111011111111110000000101011010111100
101100001111110101100010001000011110100001111000110011011111101101001111111111001110101111100101011
111011111010010101111010101100001110111010011010011011001011101010101111111110100001010101010110111
111011101111011110111011101111001111101111101111111101111011100010100111111101111001111101001110100
101000111110010101111011111111110101111111110101011110011000111011101010011011101101101111100111111
111001110001111011100101111101111010111110011010100111111100101101111100011110011011100111110110101
011100000011101000111111111111110101110010110011111010010101110111101111111110110011001001111110100
100100000111011011111010111110011010111000110111111101111111100101101011110001001001111011001001100
110011011101111001011111110111111111011110111110111000110011001111101101110111110101011110011101010
101101101111001110111111111110101111101010010010100110001010111110100111111010010001011110111111011
001001011111011110111001010010111101110101100111011001101011000110001101111011101101110011010011111
111111101011001111111011101000011100101011110100111111011001010011111010111110100011110110011011010
101111001101001111101111111110111110110100101101011011010110111110111000010000001100100011111101110
110101111101111101111101110011011000001100111111100111011101000111011101111111111110101111110110111
111101100011011110000101101111011011101111011111010110101101111111111000010111110111011111000111111
101110001110010001011100111011101111110101101000111111111100111001110111101111111011111001010111111
111101101111101100111110111111110100100011110101111110110001110101111110101011001111101111111110111
111110011101110111111111111110011001101111101000010001111111111111001011110010000111011011110011100
110111110101100110001100111110110111111001100000011111111011011101011001100001110111011111111010101
101111111110011111011111111110011011001011101000110111101101101100110100110101100101011010101011011
111111111111111110100011111111010111110101011001000001101111011100011010110001001111111111111011011
101011100100111111110011011001111011101110111111001101111010101111000011110111100100001100001100111
101000110100101101011111011110111011101110011010010101110111111110010101111111111000101111110111111
100101000101111111011110011110011101010101111011011011100110000011011100100101111010111110101111101
111101111011001001111111111101101110010111111011000101111100101011001111110100111100010011111111110
111111110111011011100111001101110101001111010111111110011111000111011111111101101000111000111111000
110101111110101111101010110010010101101000111111111110010110110010110111011110011010111111100011011
110101100101010111111111001101011111100111011110011011101110101101010011110011111111110110111111010
010000111111011111010101111111111101011101110111110011010011111111110101101011010001111110110011010
101110011010111111111010110011000111000011110101101111110011110001111001111110011011111010110001111
101111001110011110110011011111110001111010000110111101111101111110110101110011110101101111010111111
001111111011111111111001111111110011101101101111101001001110111111001101110101101101010101110101101
111110111110011101111100011011111111010010111101011010111111011111010010100110101111111111110100111
101011011001011010111011110110001010010110111110101000101111101001101110101101101111111110111110010
100110100101101111101111100111101100110010110111111010011011110000100110111101011011000011011101111
111111111010001011111110010111000111111011101111111001011011100010111111010011111100100011011011111
110111110001110111110100010110111010111111100100011111101011100101101111001101101011010110011100011
110111110100110100111110101011001111100101111110010111011101110010000101100110111110011101101011100
011101110101100011111110101100111111110110111001000000101110011110011000000000100011101111111101001
010110110101111001111110111110000100000111111011101101111110100100101110111110101010101111011111111
011011110111111111101011111111101111101111101110100111000101010110110111111101010111111101010111101
111100101110011110010010101011110110111001011001001111101011011111011001100011011101111111100001101
100111011101011010000101100111111011010100011100110011110000111110011000111110010000111111110111101
101101011011001001011001111111110011111001010110011011111111000111001100100111001111111111100111111
011011101111001101110111011111110011111101011111111111011111111001011111011010110110111101111100101
111110010100111100001111100111111111111111100101111011110111001100011010101100111101100011001101111
111110110010110111101110001111111110011101011000001001101100011010011010110111011001110111110001101
111101111110010010111010110111110110100101110001011111100101111011011011011010111110100111101001010
000101111110100000100111111111101110111101111100011000111110100101010111101101111111111011111011111
101111110010111001101111101101011001101001111011111101011011011110001101001010111111010100111111111
101111110001101110001111011000111010101101110011011111010011110111110000110111011010101101010110111
011010110101101111101110111100010110110001110010001110111110001101001110111111101101010111111010101
010111111011111101111001010101011101001011011000101111110101111111010101011111110110010110111101111
111000010111111001111111010101001000101011101111110010010011110101001101110111011001110001000111011
111111001011111110011110101001000110000101111110100100110100111011111001100111101001011110011011110
111110111101011101101011111000111111111100111111100000011111111010101101011011010110100100001100000
111101111111011101111010100011011101001111011000101101111110110100111111111110100101000111111111101
011111110100110111111011001100110001111100110111100111111101110011001111101011011110001010101101101
111101101101101001110100101111011011110001111111111101101110110001111111100010100010010111100111111
010100101111111101101110001101111100110101101010111100111011110011111111101101111011101011110011111
101100111001101101110111001111001101111111101111101110111110111110110111011110011010111101101110000
111110111011011001111101010111111111001011111110101010100011101101111111111110110100101110101110101
011011011111101101110001100101001110010011001111101111111101110001100111101111011000111111011101101
001100010011111110010010111110100110111111011110101011011111111110111010101011111010100100101001011
110111110110110100111110101100010011110110001011110111010000011111110000110111011011110011110111101
101101111111111011111110011011111110110011111000011111010011111010111011110001101101111011101001110
011111111101011111110011111110111110011101111111101111111010010101011011000011110110101111001001010
001111111110011001110011111111001001111110110101101111111111001101111111011111001110111100111110000
000101010111101111111011101110111111001011111110011110000111101101011111111011111010111101101100011
111100111010100111111101111001101000111111111001111010111110111110010001010111101110001100010110101
011011000011001011110101111101101100011001111011111100100111101110111111111011111100111101111000110
