0010111111100110010111101011111111101100111111111111111111111110101101101000111110011110101111110111101010010111111111010111101110101111001111001011110110111
0000111110111010011110111110010101010110110111011011111011101101111111110111111101100110111101011100110100101010111110011111110101101111011110111101101110111
1001110111011100111101111011101100110111100111110110111101111111011111111001110111011110000111111000111111110110001110111110111010101001111111110111101100010
0010110010011111111100111110010110111100111101111111111010110111111111010110101101101111101111110001000101000011011011110100010111111111100011111111111111101
1111011111101101110011110111111111011111110111111011101111101011110111010110011110110100111110111110011100010111001110011011111111110011110101110111010110111
1111101111100011001000111111111110111001100111011111100111111111111001111110111111111101110101011010100011010101110110100100110111111011011111101100110111100
1100110100111111111111110001010111101111111111111010110101111110100011110111110111011011111111111011101011111111101010011010100111101111101111001101110110111
1110111001111100111111001111010011111011110111111110000111110001111101011111010111111101111001100100110111100110111110111111111101110111101111111111011011111
1111110001011001011100101111111111111101011111111110111111110001101111011110011011111010001111110110001011101100111111111111101111101011110110011010111011101
1010110110111111101011111011110110101110111111111101000110011110011111111101111010111101010001111110111111111011010111111111011001010101111111101101111011111
1100111101011111011100111100001111111011101111111001101111111101111111110011011111110001111101111110101011011111111010011111101111111100111110100011111011111
0111001111101111011011111110011111011011110111110010110011010001111110111111101101111111100101011110111010011101101101101111110010111010110111101100111110100
0111101111110111110111111111101111111111011000111111001101011110101110110001010111010011111111011111001110010011111111101001111010110111111011111010101111011
1011101101111010100101110111010011110110011011111001110110100110000111111101100011110111011101010000001011110111011011111101101010101101011101101001101101110
1101011001111101101111001001110111101101100111011111110010111111111011010011101111111110010110111111111111111100101111100011001011111101111111000111110101111
0001111011111010111001011111101111110001011111001101110011111001011001011111111101101111100110000100011010111111111011001011111010111110101111110110101111101
0011101101001111010011111111111111111111111100010110011110111000000111111111101101111110111001111011111111011011111111111111110011111111000111111111110010111
1111101110111001100100111110011110001101100001011110001111101111010111100110110111101111000010110110011111101111101011101111111111111111110011111011001110011
0111011111110011000000111111111110011101011011000011111111011101111110100010111001111110010110111111010100011101011011010001011111110110111011101011101101111
1111001110101110010010101011010010111010101111101111111111110110101101111111100111111111111011010011110101110110111111101100111001001111111110100111111011011
1100101101011010100100111000110111111111111100111101101110111101101111011011110001111011011111101101101111111110111111111111111010110100111001011010011110111
1010101101011111100000110110111111011111011111011001000111011111110111111101111001010111111001110010011010111010111000101111110111101101011111111111000111010
1111111011111100111111010101111101110110111100101010011111001100011111010110100000101100001110111101101011110110001110000101111000101111100011111111101101111
0111111001111101111011100001111100111101001111000111101000101111100111110011111111111011110101101011111101001001110000111101011101110011011111111111111111110
1111010111111011111110000111011101110101111111011110111111111101111111011001111011100101111111110010101100010110110011000111111011001011101101111100100100111
0101110110111101111001101010111001111100111101111111011110110111100101010000111110010011111001100100111101001111111100000010100001111110011011111110001010111
1111110111011101111101001100111111000100111111010011111010111010101010111111111101101001011111111111101110101010111010111011111110011111111110111110111110111
1010111111001111101100111000111000101110111100111011111101110100111111010111111101011101111011111111010111111111000110111111111111111111110111110111110001010
1010110011001011101011110111000001101110011110001011110101011011010001011110111111111101111110011111010010110111111011111111010010011101000101111111111011111
1101111111010110111111111111000111111011110111101111101111100111111110111101111000111111101101111011110101111010111111011111111011111100111010101100101101000
1010110010111001111001111111000011111111111100101101111110110011110110111011111111001111110111111110110101011111101111001001010111101110101000001101011110100
1111111011111011111011111010010011101010101100110111001111100111111001011111010010011100011110111111110111110110110111011100111110110101110110110010111110001
1001111111111111111111000010011101100101111111000110101110110011111010011111110000001101101100100111101111111001110101111110010111011001111011111101001101101
1100101110111111100011101110111110110111000001011110111011001110101110110010010011110101110110001110011101100110011011101000111000101101101111111011000110111
1011011111101111100110111101111111001111100111111111101111110110010011101111111111111111111111011111110011011101111101111111110111100101111110101010110111111
0111110110111101101111111100011001000101111111011100100101110110111110111100111110001010111101101000101111110100111101110101000111011111111111110111111011111
1001111111111010111111010101111100100110111110111001101111111011111110111011101111001111100110011100111110011000101110101111110011111011111111100100111111111
1111101011001110111011111111101011111001111111001111111100111110101011111110111010111101110110111111111111000011111000001111011011010011100100110111101100110
0110101101111100100111100001111101101001100110111010110101111101011110111111111111110100101010101011101010101101010110001111110101101111110001111111011100111
0010111110111011111011011000011011110110101111011011011111111111011111101110010111010111100110111101001100111110001011101110111111100010101111011011111101111
1111111101110010110110101111011110111111011111101100111101110101110111011111110011110111101111101101010011010110100010010101101101011110011000000011111100111
1101101111011101101011101111111010011100101001011001011110010111111111100101110100101111011010111010110111101110010110011011001110111001100100111111010110110
1001001011101101101111111111101110011101110101110100010111111000010111110111111101011110111111111101001101111111010111101111110111101100110110110110110101010
1111111111110011100111111111111110111111101001111111111100101111111011001111001111011111011110111111110110110001011110000101100011111111101101011110011110111
1110111111110111001101011010110010111111100001101011011101111001100011111101010111010110001011101111011101101000111101110111111011111001111100100001111111101
1111111111110111011101011110010011110101111110111111011110101110111000111011111101100010101111111101111111111111010101011010110101101010111010011111010000110
1011101111111100000110100101011100101010101111001110111111101000110111111101001111111010110111101011111111101100111111111010110110001101001111010101111011111
1111111111111110110011001111000101111011011101000110110001101101111111011111000010111111110101011101111101101100101101011111110011111111100101101010101001111
1101111111101111010111101101111001111111110111100101111110101110111110111010011010101011111100101110110011111111001010011101111111101101111101111110110111111
1011010111001011110110011100011111110100101101111001110011011111001011011110101111101001111001101110011111101111110000110101111110000100111011111011111001110
1111111110011010111100111111110111100111000111110001110011110110111101111111111101011111110111111001111011111101111110100010101111111111010111101110110110111
1101110001101111001111010111111100101101010111001110110101111010011101110011111101011111111001011110111011101010101110111111111111111100111101000111000011011
1111111010110111001110011011111011111110100100111111011101111111111111110001110110101011101001011110010111110110101101110111110110011101111110001111111111101
1111001010010111101100101111101001000111111111111111101101110011110100100111000001111111011100101101111100111111011101011010010000111010101111110111011101010
1111100010101000111110111111011111101101110111101000110111111010101111011111001100001111111011101111111101111011111110110011011111011011000111101111111111111
1010111111101100111111101101111110111111111111101001111000110011101111111111110110010111100111010110001011011000110111001101111111111111101011100101010111001
1101110111110111111111101110011111101001011001101110001001010101101111001111001111110011110111111011110011101111011110111011110111111100010111101110100110011
1110111110111001011101101001110101111011101010110111111010010011111011111011101111100111100001111010111111011111010111100101111100111111110111111011110011011
1111111110100111110110011111011110111111101111111011111100011110110101101101111111111111011111111011101100111001101011101111001100011111110111110111100111000
1011011111111011101111001111101010111111111010000111111111101110111011101011100001011011101001001010111111100111101100111001100110110111001010111110111011011
1110111001101011111011111010100001001111001111111101101000110011011110111111111111111111111111110010010001011101011101111111111011111111011110111101111101111
1111011001101110011111111101010101110111110101011110100010110001000111110010010011111110111011000111110100111111111101010111110101111011010101111101100110000
1011111001001110010101010110111111111101010101001111111101111001111000110001110101100111110111011110111111100001001111110111101011101011111111110101110111011
0111110110110011011011011100111110001011110110010100110111001110111101110111011001001111010011101111001110100110011100111111111011011110101111111011111111111
1101111110111010001111011111011111011100110111111010111111110011000110101100110110111111111011101101010111110101101011110111111111011111101111100101011011011
0111110101110011011001101001111110111011111101111011110001111011001110011101111101110100010111111111010010101011101111011111110111111111111110111111111010011
1111010111111011001110101011010111011111010101011111101111011011010011011000011111110111011001111011101000111111111011001111011111001111111111111111111000011
1111100111111100111111111101011001011011111000111011111110101101110011000110111011011111111111100111011111011101101111100011111111100010111101101010111001011
0111101011111110111011111011011011111111111110111100101111011100111100001110111111111101111011111110101110110101111101100100111101111111001000111110110110001
1111111111100111110111111101100100100101111110110111101111110101001100111111101111011110111001111111011111111111101100101010111110010111001011010101111101101
1110011001111100111101010010011001111111011011101011110101111111100001011111110111110011110101110111111110100100111111011110111111101111111111110101111111110
0111111111111111100111111111111111011110101011111111101101001111011001100010011111111011011011101011010011101010111110011111011110111111111111100001010101011
1010010111010101100111001010111110111111100111111110001111111000111011100111111110111001111111011011100111110111110110110100111110010111010011101110111111010
0101111111010101110101100011110110110111111110110110011110101001110111101010110101101100110111111101110101111111110111010101011100111100110110100110100110011
0101111110110011111110110011101111101111101101011111011111011101000111111100110011111111111010111011110111011111001111101011010000000100001111100100111111110
0110001101111111100111011011011110101010111111110011111111111011010001101000111011011110111010100010001101111110110111011101111111110101110101111011101101111
1111011001010111111111111111111010111110111001000111100101111010110111101111010101111001111010111111111110111111011111111111101111110110001010101111110011111
1110111111101001011011011111111111110111111011001011100100101111111110111111100111001001101111111110010100101101111110110010110100011100110101110111111101111
1101110011110011101001011111111000111110001101101111001011101001011111011001000011101110111110110101111010100111111110111011001111110011111110010101111011101
1111111100111011110100010111101000111011011111100111101111101010111011111100110001111101101101101111111111100101011010110101111100110000111111101101010110111
1010111111101110010100011100101101111111100110111100100111101100101111111011011001100011101110111001111011110110011111000110111011011111000111011011110101111
0111011110111111111111011011101001101011101111100111010011111111011111110111111110111001111111010111110010001110111100101011111111011111100111010111110111011
0101110111110111111110111010110001100110110001111100110011101110111010111110101111011011111001111001011001111100111101110001100101101111111101101111110111111
1010111111111110101111010101110101100111101110110011010110111100111111111011100101100111110011111111111110110111010100111101011001111110011111011111010000111
1011011111010011111110110011111110111100011100111111111000111101100111011111111101100011111011011111001101101101110100111011010011111111111010111110011011011
1111110101010111111101101001111111101111111110010011011101101111111111000111001100010011101010110001101011101011101001100100011000110000001111111111011111011
1111001010011111111111010100011000111001111111111011111111111111101101110011001010111101001111110111100100110110011111101101111011101011111110110111101110101
0001011101111101010111011111111011101101110100011111111111111011101110111010110111111110000100111111101111000111110011011101101011101011111110111111100001111
1101111100111001100101011101111011111111101001111111101111011110100111101111111111111100011011011101110110111101011011110101100101011110100011101111101111011
0100111101101110101111011111101101110100011100111111011010101111111111111111101001111000100101011111011110110110111110010110011000011011100001110101101110111
1101101110101100100111101111110110110010111111001101111000111100101111011011111111101110100110111110010011111110111011101101111010011111011111100111111101101
1111111010111111001010111010111111111101101101111010010110101010010100101100011111000011011011101100111111111010111111010111011100101101111110111111101011011
1011101010001011011110101011101101101111111111100010001110101111110110011111111011011110101101111111110111100110011001110111001100111111110111111111111111110
1111011111111100100111011111011000110000101011110111101111111111111111111100010101111010110110111110011111101111111101011011011011011111111000101111110011111
1011101111100010111011111111011110010111111111101110011011101001111111110111111110110111001111011101010111111011111101011110001111111011111010011110100110110
1111111011111110111101101011111100101101011101010011100111101010011011101110111011111111111011100111111011111100011110111111010011110100111111001111111110111
0110111001111010101010110011111101111111111111111111111011110011111011011110110110111001111111100101011101110111011100100110111011010001111100111111011011011
1100100111111011011010100111101111101101101111011101111100000111110111100100111101011011111111111011011001110111110111001111111101111010100001110010111111101
1000111011111010111101011011111111100110010110101101101111111111011111111011110101011011011011010101110111100011111111111111100011011011010010110111111101110
1001001000001010101110110011110110100111101111110010011010100101111101111110101111111111110010111110110101111111111110111011111111011101001011111011101111111
1110011101110010100110111110011110111110010101111011011011110110001010101110101111010111100110010011011011110011111111100101111101111111111111111011110111101
0110100101010011111101010101111101101100110111111111111011011110110101110110111111110000111111111111101010001010110111111101101010100100101101111010111011111
1010101011111111110011111110000011011111001011110111011101110011001111100001101110111101010101011100110100110100011101101000111111110101001111010111011101110
0111100101001010111110011111011111011101011111110100111001110111100111101111110100011011110111101011001001001011111101011111011110101111011111111010010101111
1010011111111111110011100011100110111110110101101111100111010011110111111010101111010101111111110010110000110111111110111110110111001111011111110100111111111
0011011111100110110110110101011111110100111011111111101111011010100101011111000110101101001111111111100100000100110110111101110110010111100001101011110011111
0110001111000111010111100011110111010011011111111111111010110111111011111101111110111110111111111111101010010101110101011100110011101101100011111111001100001
1010111001111111101111101001111110111001101101001010111101101100101111001111100010110010111100111101101010100010110011111011111100001110011111011101011111011
0100001011110011111011010111011010101011011011111111011111101100011101010111110001101100101101110001010100000111110011101100110011000101011100110110111101011
1010111110110111011110101101101101110011111001111110110011011101101111101111111111111011111011011101001011101011111111111101001011101011111111101110100111110
1111101101101101110111101111111101000101111001001101111011010101011001011111101011010111011111101111110110011101101110011101101011001111011111100111110110111
1001111001111101111000010101101010100110001101001110011011111110111111001110111100011101100001101111100110101110011110110100111101011110101101110011100111101
1100011110111011110111011110111110111100100010110111101100110100111111111101011001101101011101100111110111111110010111011110110011010111011111100100111111111
1101010111101101101111011110110111110110011111100110011111001101001010111101111111111011111111111111111111111101101111111101011111111101111110111011100101110
1111101110111111111111100110111001111101000110111011111010111111111111110010111111100110111111111011101110000111010101011101111001111111010110011110110101100
1110110111011010100110100101011110111010011111110011111111011111010111111111111011111010010101111111111111100111111011111011011011111110110011111111111111111
1111111111101111111110101011111101001011111100101011001111100010111100111111111110000011111100010111110011011111110101101111110111111111111101011011111011111
1001000011011111111110001000111111110001001011110000110101101110111110100111100010100111101111100110111100111100111110111110110111101110110010111010000110101
0011010111011110110111010011100011111001001010100111101011111011100111001010111101111110101010011011111011011101010111011010001101101111111101011001111001111
1111101111100100101010010011110110110000110011111101111010011111110000111101111100111001110111110011010111110111111101101101111111101101011111001011110011111
0110101111111101110111010011111111101111011001111001010110111001011001110011101001011011001001110111011111111110111111110110111001001011101110111011110001101
1111010111110100110111111001110110111111101110011101100101101111111010111101100110010111111110111110110111101111111011011011111010110100000010001011001011010
1110101111110011110011001111110010101111011011110011111010101111111101110010111011001000010111111111000110010000100111101101101111011010011110110111111011011
1100100111111111111011111011111000111110111110011101101111111111111100010111101101111011101111010111110101010110011110010110110001100101111101101111101101111
1110111110111101110111101111010101101011101111111111100111011111110111101001110111100011101000001111111011111011101011011111000001101111111110110101001111111
0111110101011001111111111011111111101111001011111101111111001101111111111111010111011110011101011101101111111001111111011101001111011010110111111111111111011
1010100111101111011110111011010101000101110010001111001101101011101111111101101111010111011111101101111100010111011100111110010111110111111101001111000101110
1101111110100000011001010011001110110011111001101111101111110100111111111101111101100000100110100101101111010001010011110010011010110101111110111111011111011
1011111010111111111011001011111110111101011110111111101110011011111101111001101011001011001001111011011111101110110111010110011101011011110011101000111111111
0101111111100010111101011101011010111111101111011011001110001111111110100001101011111011100001111111101010101111111111111011111010110111010001111101011111011
1111111110111111111011110101011101101011011111011011010111011110010110110101101100111111000110110100111100100100011111110101101101011111111101111101100010101
0001110101111011111010010111110110011100110110010011111111111101110011011101111111011100111011111111101001000001111110000110011111101110101000011111111111111
1111011010110111110101101111111011011010111111111011111111101111111010110100010011111011111111100111100110110111011111111010110010110011001100110101110111110
1101001101101111111111100111111101110010101100111111100111111001111011111111110011111000101111010001111111111011111111110101101101110000110011001011001111111
1101111110011001111100111111001000011111100101010010011101111111111111111000101011111011111011100110100111010111101111101010111011111000111101011000110011111
1111111111001110110101111011100111111110010110111010101101111110111011111001001011101011011111101011101111101110111010111001101111101000110010011011011110111
0011101111111011011110101011011111111111011111011101110101100011111100110101011101101011110111111100110001100101010111101001111110110111000110101111111111111
0110110011111110011111010111010110111010101011001111100011101110011100111101011100111011001111111010100110011110111111110011111111100111001001111011111011111
1110011101101111001111011110011011111001100111101101110100011011111111110010101100111111001101111001111110011111110010111011101100111010010101111110001011101
1110111111110111100101011011100101111101011110111011111011101111111100110111011111110111001110011000111110011111111010111011111100101010101000111001110010110
1111011111111011111101110111010111111001001001100110111111111011111001111110101111011111101110110011101110110110111101011110110110000101100000111100000011110
1011111101011111111011111101100011011011000100111111011111100111101101111011010111110100111010010101111111110111100110110001011011100110011000100010010010111
0111110101111101111101111111110111111110011010011110011111111111111110111111110100101111111111001111110111101111110101001011110111101000111111010111111011010
0111100110001001110011111111100111010111011101101100010001111111011011100001011011011111010110101111111110111001011111101010110101111011011110100111111001101
1101011111011100111011111110111011100011010101011110101011011101011110001001100110111101100111111001110101110100011111111101011111110111111110000011110111111
0111111101010011100101111111111010011110011101101011111110111110111011101110111101111111111111111010001010111110101100000011111101111000101010110001100111011
1011100110101011111111110111100101110111111101011111111011110001011110001101110011111111101111111111111101101111011111011111011100010101111001111000111011001
1111101101100110111101110001101011010111110011100101111101101111111001110001111111110111111111011011101001110011010110111111111101111101110100111100001011100
1111011011111111101100111011110100111101101010111110101011111111011111101111111011100011111111110111110011001111111110111011010010111010110100111110011111101
1001111111110010100110010011101100111011111111101110111101011011111111111010111111111100001011011110111111011010101110111010010111011011110101111010101110101
0111000111111101011110110110111110011111100110110100111000011001111101101011011000001110111110011111011010111000100110100111110111010101111000110011110100010
1111111000011111011011111010011111101111111110001010111110101111000011111111010111100110111010110111101110111111111101000001111111011101100000001100111001001
1101111111111001110111010110101101111000010110101011101111110111110010101110101101101110110111111101110011010111100111010110110111111111111111101111110001011
0001010111101111001101110001110010111001001010111101111101111011100101111011111011101101101111001111111111011101111110111111111111011110111010111111100110110
1101111111110111101010111110101011111111110111111110101000001001000001100011111110110011011011110111111111000111111111111001101010111111111111011001110001001
1110101101101110111111111111100001111111111101111111011011011011111100111111110111111101110111111011011111011110110110110111111111011111110111101100001011001
1101101111101011111110101110100111111011100110111011101111011011111111010101111111111111111101011101110111111011100111111011110111110111111001011110110110110
