01010011000111100101101111101110101110110001100100000010011111011110000010110101110
10101001001000110101111100001010100100111111001110100101101110100000000100111011000
01001101000101001011111110000101011001000000000000001101011000110100010101011011110
10001000001000111100011000100001111100010010001000101111011110101110110010110000000
01110111000001110011100010101111111001011001001011000011010101010010000001101111010
00101000011011111100001100011010000001100111111000111011000011011010010010100100110
10001000000001000101011111010101101110010111001101110110011110011111111011000010001
11101000100000101001101100110110011001010011100000001111011110100001000111001000100
00000001011010110000011001100011000001100110101111101010100101011010010001101101111
00000100101111010110110011101011010000010110010101000100010111011001111011100010101
01010100110111100100011100100000001000010111010101011100110010001010000011011001001
10100000011001010110100101011000010101010101011010010111010010100111110000011100000
10000100111000001100001100010100110100011010010001111011110110111110011011011100011
10101110011100110010010110000101010110010010111000011011011010011100111001010010111
11011101101001011011111110010111101011110100010111101101010110001000111101100110010
01011100110101101100100001101000101010111101110110011011110001001001000100101101000
00110101000010110110100010001110000110011011010011010111111000100111111001110000010
11010110011110011001001001010000110001010000110011110111001001101011100111001001100
00101000010101101001001000101000000101010101011000101110011011101101011011001001010
11101011000000100110001110010110111001101100111001101110111011110000000001111000010
11101001010100111000000111100111101110111001011100010100001001001110011010101000100
01110010111001100000000001110010010000000111000100011111001101100000100101101010001
11110111101010100111000011100000000111110111110011010011100100100010111010001010100
11100111001111100001100001000010100010010100000011110111111100000011000111010011011
10101010010001101001101000111101111011001000010000110000111011100000011011011000110
10000010110100010100111100010000001110001111100100100011000001011101110101101100001
10011001111000010010111010010111111101101101010110110101011000101010000001001110110
00000111000110100101010011100011001100111110011010011110000000010111111010101111010
11001100010100011010000010000111010000000001111111001110000011101101101111000000001
10101011000011101001100010101001101101100100001010101010100101110111010011001100010
11001101110000101001110100111000100010001111000000001101001110011111100010100100100
00111010110001100000100010111100001101001001000101001101001001010000100001110001110
11011010000010110101100110100110000000110110110000101011110111000100101000010100001
00111001010111000101010010101000000010101001101101001010011101010000101101100000111
10111011001000110001100011110101000011110001011111010011111100010101010100100111000
11010010000111001010101001110101000011001111101001110100010100001010101110100111011
10000010000001111000101111000010011101110001101100011101010111010111111111001010011
00101101100100100111001010100101001110010110110001001100011110101111000010111001001
11000100100000110001101000110100111010001111011011101101110110101111111101011101101
11011011011111111110101100010000101011001100111011010100000010000001100000001100010
01001000000010011001100011110011010100110011001111001100001001000001011110000110010
01000110111100110011011101110110100101110001101101110110000110010101111011001010010
01010111111011001000011001010010100101101001010000101111010101011011011011011011000
11001111001100011010111001101011011110101110100000001111101101011111100110101010100
10000101100001010101001001001000110111010101000100010101001000011000010001101000110
00000100011111111111101010111000101001110010000011000001000101000101010101101000100
01011110100101000011100000011100011110111100000100110100001010011010001000111000101
11000010111000110000110001101001011010001100101010010100100000011111100100101001010
01001000100100111100001100111100001000111000010100010110100101011101000011111011110
00001010111010101101001100001001011101111100010000110001100101101101100110010000011
01010110100010100111000111100100100100100110001001011101000100111000010000000100101
00000110001111011100111110110000001110010100101111100000011010011100111001100001010
00110101101011110011010000011111110011101011000000100011011111111101100111001111110
01110011011100101111110100111011000111111111101110100010100111100001000001011001000
10011111100111011111011101011100111000000111000010001100110100101011001100000001111
01111101000111111100011101100011101010100011110001101000111110101101100100110100101
01000000101010011001001110000100101000100001000111000111000111000111011010000110101
10111011011111111011000110100000111111100010000000011011000000000000000101001100110
11110011000001001111110110100011011001001001101000011001000100101100011111101110010
11011011110010100000011100000110111111100111010011101111101001011011000011000100011
11010111011111100011000010001010100011110100001000011101100000000110010000100010101
10001100110000010111110011001101110010001011010011001100100100101110011111111110110
01110001000110001111011010101100000001100000000001101111001001001001111010011101000
10101110110011000001000001010111011010000111101110111000000100001010111001100111010
10010110111011110110100001101010000101100011101111111011001101110100110110010101000
10110010000111001010100001011110101011100101010111011001101011001010000011011101001
10011110101110001100101100110110000111100011001100000010100111010101111001000111001
00000011010100011110000101011110001011111111010111001111100100100010001100010001000
00010010010101101100011001011011110110110101000101011001000000111010010010110000000
00110110110111101010101011010100001010101110110000110000101011111010101110100100000
00000010010011101010101010011000110110101110001000010010101001110011010010100111101
01100001000000110100010101001000011110101001010101001011011001001001010001011110011
10010111011010000110101110011110000111001111000011001000101101101100111000001001011
00101011111011101111010111101101010010100110110010011100011101010110000100001010001
11011100110000111001110001010011011101000001111110010001001011010000111000010011100
11110000001111001001000110000001100001100010001011000101000001101101100100101000111
01101001101110010111111011110100000011110111111110001100011001100100000111010101000
10001100100110110000000001110110101100111000000000101001111101111110011100001000100
01101010010001100000011100110000001110001111000010001000101011010010001101100000100
11101000101000010110000100010001001101100010000110011110000000111111001010101000011
10100101110001000100101010100011010000100001111010101011110011000000001000110110010
10101100100011101011000110110101010110011100100111011010011101010000000110010001100
00000010111011000000010101001000110111100000001001100011100110000110001111010001000
