0100101111110101001110110011101110101100110110111101111111111110110011011000101111100110100001001011001101110111110101010111010010111110101111111111
1011111110011110111011100011010111011011010010111111011101100111110001100011101110000111100000101111001110111111011100111101111110100001111101100111
0100111110010111110101000111100111101111110010001100011101111110101101011010011110111101001010101110101111110101011111101111101001100010110101001110
0100111111111001101111110111111110011111111010111000111001111111111001001011010001011111111011110111110101110011111110010111011111001111010011111011
1111001101011011011011001100101001111001011001111111001011101111111101110011011110111111110101011000000110111111011111101001110111101111110110111110
0111000110101101100111011011100110111011111110001101100111100101110101011100111001111010111011001101110110100010010011100000111100111101001111110111
1111100001101101011010111110011110110011110110101110111010001111111011010101010101100011011100001111101111101010101101010111111010101111110101111100
1111110011101101111101111011110001011011110110110010000111110101001001101101111111011011111100110110001111010011101101111101011110111111110111110011
1111010101011111101111110001110000011110101100111101011011001101001010101111001010111101100111101011101100001111000111110111111110111101010111111001
1001101110010110101110111001111010111111111111110001111111010110101101101011001111111011111001110111100110110011111111110110100110111001110110010101
1001011100011111100000011110010110110100110111010101110101011010111010111101011111100111110111001111001110111011101111011001011000000111010111001111
1111100011101101011101111110011010111111100111101010111010110001100101111111010000111111111101000111111111011000110111111110010111010111110111101001
0101111110110111011101011101110010101111011100111110110101111111000110110100011011011011111011111101110110100101111110001111111011111111111101101110
1110011111111010000011110011111011110111011010010100110101011111110110101010000110000111111110111111111011111010110011100011111011010011111111111101
0110100011101101000010100101000110111100111011111111100101111110000110101011110110111110100010101111111001011110001000010100100100110111110011100101
1011111110111010011111001011101010111111011011111111110111111011111111110101101100111000111011010111011011000010101011000101111011111010111110110100
0111010111100000010110101001011011001011111011000010111111011011100001110010101000101011100011011101101111110111101110110001110110011111101111010011
0110101100011001100111011101011010100011111001111101110000011111100110100101001110111011101110111111111100111011011111110111101001100010101101111111
1101101111011001000001111111111101100110000100110110111110001011001111111101011011101011101110101101011111100101000100011101101111111110010111111101
1011010111011001110011110111100001111111111111001000110111110110111001100110101101111111001110100001011101110111110100100111011111100011100101101111
1101111011000111110100111111110001110010011110011001101101111010011000100011010111011111101011111001110101010101101110111111101101011100111111011110
0111110110011101011100111011111101111011110011010111110111011101111110111101010101110110001110001110101010010110111101111100101011110010111000011001
1101001111010110101111010101011010011001101111111111011111011010110100010111101111101001110111100011011100011011110001011010000110011101111110011111
1001011111111100011111100010101011010010101110101010111110111111100101011011011111011111011010111111111100100001111111111010001101010000100001110111
0000111101111001111011000101111011110110010110111010010111111100110101110101110111101110001100101001111000100111101011111101110111110111011110000110
0011101000111010011110101011110100100011111111100101111111111111110110111110101111111100100110101010110011110001000000101111111111011100101111011110
1111011100110101001111010101000001111100011100011111101111010011111011111001011011101101110110011000010011011110111111001111010110111110110101111111
1111010111001111111111101110111101110011011111111111010001111011001011110000110110011111111111000000011101001110110011110011011111111101101110010110
1011110111001101001111011101000000111011110010101111101100110111111111011110111110111110111011101011111101101101101011111000111111110001111101111001
0101001111111100111011101101001110111001100110111111100101011011010101100111101001111011000100011011011110001111111101000111111101111000011111111111
1001101001010101111001111001010110111110110101001011010010111011111100111111011110011110110110101110011111110101101111101100111010111100110011001111
1111011000100010001001000101011001011001011010011111001001110111000001110111010111000011101110111111001010111111111101011111110010111011110011111111
1111011001111111110000111000011000011101111001101001001001001011111011111110101001100111011110011110101110100111100100010100101111111001111111111000
0110100100000100101111011011000100111111100010010110101011100110111001111100111011111101111101111100100111110111110101011101011100011000101110111100
1010111001111111011111001111111001011101111010011000101011001110101000101011101000011111100111110011011111111110111111111110010100010111110111111010
0101111111110111000111111011111111101111101111111101101000010011111001001101001001101010011111001111011101111110010011000001110001111100001010111011
1111110111011011100101100010111111110110101011111100000011111011001001001011111010111111011001001010111100110110111111111111110111110110111001011111
1011000011111111001100001010001011111001011110101101011111011001010110101011101011110111011001111011010011011111111010111110101101111100101101111011
0111011111011101111111011101101001011001111101101001100100010110101111010101100101101010010111101110110010111011100111101110101111110101011011001111
0111111101011101110101100101110111110110101010110001110011110010001001110111100110110111100100111110110111101101111111101111110110011101110101010100
1011011111110010110101110100111011111011001111111110101101000010111011010011110101101011111111011110101111111100101101111011111110111001011110111110
1111111101101111110111001111101110100110000001010111101101001111110001110101111110111110111110000101001111101111100110000010110111011101001101111010
0001110011001111110110110111000110111111100011111001101111111111100011101011111100101111001101111110111111101101001101010100111111111001001111010010
1000011111111000001110111111011000010110100001100111010111111111110010011101101100011110001011111010011011110000111101101101101101011111011111100011
1111011101110111100111111101110101111101101001111111011111000111111111100101011111001111000110111101101101101000100011110010011101110111111011010110
0000100001110011110101100101001010011010111110010001111110001000110100100111101101111001011001011110010011010110111101011010111011111011111001111101
1101101111011011011000111101110010011111101110011100111111111010010100111110110111111010000111011001111010011100110111110100010000110011110101011111
1101100111101111011011101011010101111001111011101111111111111110111111111011101111111110101101111100010001001010001010111001100111110111100100101001
1111111010011011010110111011111110111110101010110101111101000011110001111111010111111011100110110101001101001111101101011011101111111111100111110100
1110111010101111011001100111110101011100110110111010110100000011000111000111011101011001110111101001010111111100101000011111110110011000111100010000
0100101100011011101001111011111101000000110110010100000100111101111101010100111011111001100111010100000000101100100000101111101110111111011100101110
1100110011100011010011100111111110010111011111011000010110111011111110010110011011100011101011011011111011111110101111111011110111111101111001111100
1001011001111111111111010110110001110011111001111100000011101011010011111011110011100000010100101101111011011001100111111001100111011000001010001110
1111001011111101111101111101001000000101000111111101001101011000010101101111101011011111101110101111111110110001100111111101001111111111110111011110
1111101011010000101010110110100111110100111011111000010110110100111101111111011111110001000100010010101101100111111111111011101101000111111111111011
1110010101101111101111111110110000000110111111111111011001001000010011101111101110110110100011110111101011101100011110010101111011100111110110011011
1000111111010001101101111110001001101101001111110001101001101100111010111010010100111001101101001111111111010111101111101000110101111011111010101110
1111110111101111100111101111010111101101111110111000110110011101001001010011000111010111111110000111111101001101011100011111111010110111111011111100
1111110100011011000110011101101101001001001100110011101010011100011111110111110100001001001111101110111010010001010000111010010011111011101010111111
1011000101111111110111111111111100011111001100110011011001101011111111100011100100110100100110101110000010111011011100010010101100111001001111111111
1011101010101111111011111101011010101100011101110011110111110111101100111111110101101101011110111001011111111101110011010111011111110011110110001011
1111111111001110010101011100100101100010011110010010001011101011110111111101110111111111111101010101001111111111111111110110101110111011111010111110
1111101001101111111110110111111111111011111110111101100000011101111101111111101111110111011001101111110111111110111000011000101111111110011111101001
0101111110011101111001010111111110011100011110001111100001011110111111100111110110101000111011110111100101010000110001110101010110011101111111100010
1111111001110101110101111110101011110010111111011011001010011111011000100111110000111111011110111111010110011001100110111101111110110010111111111110
1101111000100101000111101110111011010100110111111011111110110111101001101011100000100011010111111111001001101111011111111111111010110111110011011001
0011101111100001001111000011101011111011100010010011001011111011110010110001011011111111111000010110111011111110001001111100101111010011100101011110
0010110001011111011001111100111000000110000011110111011000111111000011011011111000111111101101111111111101110101111010010111100011010011110011000111
1000001010101111011001000111100010000110101110010101100110110101001101101001111010111111110111111010101100110000001111101011101111111110111101011011
1111111101010001101100011011110111011011111010011110111101110111010110101111111100010010111101111100010010010101011010111101100110101101111110011101
0100100111111111111111001111011111100101011011111000111110111111111011011010111111111011111111111001000011110010101011111001000011100010111010111011
1010111000111001101001111111101111000011110100111011101011101110001100100111111110011111000111000101001111010100110010110101011001110111111110011001
1011010111110110001001010110101011111100001100111000111110001110010111100111011011110111001010101010111000111100011111111001110101100111011000110111
0000011110111001011101101100111111010011010111101111011100101111100001011011011111011000100111010101101101111110111101011101011010101011101001100011
0111100011010110100110110100111110101101101001111101111111111011110101111101111111011111001111101011111011011100101001011101011100110101111101111000
0101101111110011011011111010011100111111111111011100111101111111111111011110111101101010000011010110111111010001111010001101111111001111000110101111
1100010100000011100100101101110011101111111101110010110100111111110111110011010110111000101100110110111111100000011100011100111111101111111011001110
0011111100111010001011011011101101001000111010101111101010101101101111111111101101011111111101011001111010111011110101111111101111011011101001001010
1110110111101001111100110110111011111100011111010111011100000010001111111111010110111100001111101111011011100010011111011111110000101110110110001001
1110101101100111010111111101101100000011111111111100001111111111000001110111111000000101111100111011001111111110000111100110111101110001110111011111
1110100111101110011010111111101101001101010010111011111101000111001010111110101001101111100111111101111110001011101100101111100101011011111010111100
1001011101101000001111111110010111010110100011111111111001001110001000101111010010111101010111001101001010011010011111111110111110001011111011110101
1010111011110011111101101110110011011111111001111011101110011111111110101001101011000001111111110011110110110111010111111110011001010110110111001110
0011110111011011010111010101111001101101010101111110011111010110101111111110111001000011100110011001110011011100100111110111001111011111011111011010
0011110111011011111110111111111001111010111111111110010010101101101110110111111011000111111010011011011010101111111111100011011111010101110110001111
1111100010110110000111011111101011101101011110010000010101011110101110011010011111001001101111110111011111111110111011111111111110111100110000110101
1101111101111110111111011001111110111111111110111001010101000110111111111011010010011001101011100111001100110010110101011011110101001111101111101010
0111101111111100111110110011010111101101101011001111011011101110111110111010010111111110111100111101101101011110111011001101110011011111111110110111
1101110111111111111010100111101101100001110000011111010111010101001111100100110110111111001010101111111001011100110010101011100100000010011010111110
0001111101111101000000110011101011011110110001000100100001001111111011100000010101101001001111111111100101111001001001111011010101110100110110100110
0011011101011101011111011001100111011100111101010001010011101111101101101010111100101111110111111111100111000011010110100111111111011001001110001111
0000101110110100011101101111011111110011111010111110111011111100110111110110111111110101011011111110101100010100111111010111111110111100111111101011
0011010010101111111111110111101110110010110110101111010101111001110010111111001011111110111100011111011001100110111011010011111111101110110111101101
1001110011111001100010100001100001111110101101110111000110100111010111110111011011100110011100111110001011001100101011110111100101111110111110101100
0111000111001110011110111100101101100111001110011100110100111011110111101010101110100111111101011001110101011010110101111110111111101011111110110101
0001100101001101110010010010010111100101101111111011001100001101111111100101110110111101011111101111111011110001110111101111110011000111010001011110
1110111010101110111011011110111111011111101111110101110010111010110111101010011111011001111111110011010101110000001001110111101110010010111100100010
0111011101111111111001010000001111010011111011011010110111110111111101010101101011000111111111010000011110110111111011011101100100110000010111001111
1111001111110111010001110100111110111111101101000001011111110011111110001011101100101110111111011000111011010100110111111100111011010110110100001100
1101011011111111111110111000110100110100010010101101110111001111110100110110011111111111111010111000011111110011111101011100111111101010111101101110
0011011011011110110011011100100011001011101010100001111111100011001110001111110010110001111100110010011010111110011011101101111111100111111111110111
0001010000011111011110111111111000111111001101110101110011101010101101001011111010111100100010111111100011111111111011111001011000100111101010010110
1110001110110111111101111001111110111000111110101001111111101100011110011111111111001111100111010111100110111010011111010000110101101010101111111010
1111111111111000111110110001111011111001111010001100011011001111100110010101100110100111011100101101001011111011100101111110101110100001010111011000
0110111101111101101001000110011111100111111101100101110110111110101001110011111111111100001001010111111101111111110010111011110110010101101101100010
1011001100010111101110000111101001110101111111011101101111001111011100110111101100010101111011111011010110011001111101100111110111110111010101011001
1111111001101100111100011100101111111011111110000111011100011110011110101100111100101110010010011101111110001001111101001011111110010111010111011011
1111100101110110110111100110001101111110100101100101110010111111101111111111010101110111110100111111111111001011101011110100111100111111101010111011
0100101010110110010000100011110100110111111010111111100101011110111000001110010111011101110001100000111111110101111111111001001010011110100111011101
1110100010001010101111001011111111111101111001101111001111001110011101011110000100111101100111000110110010001011100111101010111100010101001111010111
1101111111100111110101101011010111111110010001011001001010010110011000100100011111101111001010100101111110010101101111010101111110111111101111101101
1111100111101000111110111100111111000111011000001000111011111100110101000001010010101000011000010101010111111110101110001111011100011111110111101111
1001001101111101100111111011111111101111110111101111111010001111100100110111010010011111100111110111010111111111010110111101011101010011000111101001
1111110001011100010101110011010101111101000101100000001101111111010101011101111001101111101110110111111011101000100111001111110001101111110010101000
0111101101101011110011011010111100101101101101011101001111010110011111101111101011001101010111001101111001111011000110111010111011011001100111101111
1111101111111000111111010010011111101011111101101001111111010100110010001100111111111010001100110011001101101111111011001110011111010111011100101011
0011110011111101110010011011101000111111010010110001111110001100110111111001001101111101101111010110111010011111111100110111111111100111001101000111
1010111111110101010001111011111101111011101111101001111010001101011010101110011101111111010111111111111101111110010100110010111111111001001001011001
0110110111010100110111011101101000101111100110110011111010100101111011111000010111111100111001111010110111011100101011010101100100111100111110111101
1101001111110010111011111001100111101100101011111101111101111111111101111110111001110110010111101111011110011010101011101111101111111100110100001101
0110100100111000001011111110101101101111100101011111111011100010111011101111111011100111110000110111110110101101111100010001111100111111111010010110
1111001111011011011111001110011111101111001100100110010101001101111101010111111111110101001101111111100101010011110110110001111101110101111011111111
1011001011011100010110110111010100101111110011001111001001111100010110000000011111111110111111111000000111100101011111010000000000011111111111010110
1111101110101101111110001111010101011001100100011111111101001001110111111111011010011111111111011100110011101011110010111100010111011101011100010011
0110111011001111111011001100111110011111111101011111101111010110111111001001111111000111101111111111101111110110011011111100000101110011010100000101
1101111110111101100100001111111101111001111011100101000111101001110000011111101101101111011110110011111011110111111111001101001100101011110111110101
0111011110101101011111010101111011000110101111001010011101011110111010010111110101111100001110101011110100111111101111011100010010101010110111001111
0101110111010010101110111111110011101111111110011111111010011111101011001011110111011110111111101101101111110111100111111101110011111111000100000111
1101101111011101101101101111101110001011111001011111110101101111111111100101110001011101001110111011100111101010001111010001001101111111110110110101
0011100000011101011111011101110010011110011111011001111110101010001110111001110110111011011011110011101001000000111111010101100110110111110111111000
1110111111001011011101001011111110011110101011111011010111111110110011111110101100000100010111100101111101010010010011111100111111010101101111010110
1000010111011111101011111111111111111111111111111111110011111111111110010010010110111101011101001110000011111111101101111111100111101110011111111111
1001111111001001101010100111011111010101111101001111110010110111000011000101111011010111001111100001001000011011011001111011011110010001011111100111
1001111110111010101010101111001000111111010110011011011101000011010011011011101000111111010111010010110011111111010110111111000111110011110011010110
1011101100111111111101001010000100101000000111111010011111101110111110111101111011110011100011111011111001111011110110001010111111010100011001111110
0101111111111110100100101001100110100011111111111011011111111101011101011111110111011011001000110000110111110111111111001111110111101100111101111011
1110101101011111110111110111101111101101000011111101011111101101111111110110111111101111010111101011111010011011011000111110011011100101011011011111
0111101111111111001011101010111110101011100111100111011111001111110111111010101111111101110111111111100101100001010100111111111011011111101111111111
1100010000001101110011101101110011011110111111000111101011110111100011111110110011010011101101101001111010010110000111101111000000111011110101100101
1110111111111101111110101111110011100101111100111110011100011011101011010011001100111011011111101111101111101111101110110011111111111001011000011111
1001110111110111101010101101011111110010101110001000111111111111110101110001101111111011111111100100111100111111111000101110011011111100110000111111
1111011110111110111110010110111110101111011111101001011001010011111110000110110101110010000110010101101111101111101011000110011001111111111000001101
1101111110011111011100010010110111110100110101011011001011110111100000101111000011000111110111101001101010010011111100100100010011011011011010001000
1001111111000101111011110111110111111101111011101101011101110100111011111010000111010101100000110000111101111100000001101111010011110111110110001110
1011101010111100011111100110111111111110110001110011111111111110111011110011111110111010101111010111001101111011111101110100001001010011110111110011
1110111001101111011110111111011101001011100011101011110011110100101101001001100111101101111011110111110000001111001010111110111110111110111111010001
1111110100101000110110111111011100111110111110100010111110111101101110101101110100111011111100011101111010110101001110001111001100111111110110011001
1101010111110110111101110010111100011110000101110000001100111010010111111101001101001101001110100100100001111111101111110101111110011001111111001110
