01111111111111111111111101111111110111111111110011111011111111111111111111111110011111110111010111111111111111111101011111
10011111111111100111111111111101111111011111011011111111111101011011111111111111111110011101011111110011111101111101111110
10011111111111111111111111111011111011110111110111111111111111101111110111111101111111111111101111001111011111111101111101
11101111111101111110111111111111111011111111111111110111111111011111110101111111111110111111011101101100111001111111111101
11110110111011111011011111111011101011111111111011111101111111011011111011011111101111111011111111111101111011111111111111
11111011111011111111111101110011111111111011111110111010111101011111110110111111101011111111111110111111011111101111100111
11111101111111111111111111111111111111111101111111110011101111101111111110111111101110111010011011111111111111111111111110
11110110111111111001011011111110101100111110111111111111111111111111111111110011111111111111110111111111111111101111111111
11111111011111110110111011011111110111111111011011111111111111010111111101111111111101100111111111010111111011111110111111
11111111100111111111011011100111111111111111110011111111111111111111111111011111111001111111111111111011111111010110111111
11111111100111111111110111101111111111111110011111111111111111111111111111111111111111101101111011101111011101111111111111
11110011111011111100111111101111010111111111111111111111111111101011110111101011111111110010111111111111010011111111011111
11101111111101011111111111111111000111101111110111111111111111101111011111111111111011111111111111111111101110111011111111
11111111111110111011111110111111101111111111111111111111110111111111111111010111111101110111111111011011111111111111111111
11111111111101011111111111101110111111111111111011111101111111111111111111111111110101111111111111110111111111111111111111
10111111111111101111111111111111110111101111111111111111111111111111111101111111111011100111111110111111111101111111110111
10111111011111110111111111100111111111111111111111111011111101110111011010101101111111111011111110011111101111111101111111
11110110111110111011011111111111011111111111110110111111110111111110111111111111111111101111111111111111111110111111111111
11111110111011111100110111111110111111111111111111101011111111111111011111111111111101011111111111110110111111011111011111
11101111011011111100111111111011011111111111110111101111111111110001110111111101111111000111110111111111011010011111111111
11110110101111111011011010111111111111111111111111111010110111110111111110101111111111111111111111111011111111111011111111
11111111111111111111101111111111101111111111111101111111110111111111111111111111111111111111111111111101111111111011111110
11111111110111111101110111101111111111100111111111111011111110111111110111111111111011111111011111111111011111111111110111
11111110001111111111011011111111110110111101110110111111110110111111111111010101101111111111111111101110111111110111111001
01111011111111111111111101101111111111101111011111110111111111011110111111010111111111111111011111111111111111111111011111
11111111111110111111011110111111111111111101111111110111111111110111111110111111110110110111111111111111111111101111110111
11111111011111111111111111011111101111111110110111111111011111111111111111101110111111101111110111111111111111110111111110
11111111100011010111110101101101111111111111110101111111111101111111011111111111011111111111111011101110101101111111101101
11111011101111110111111111110011111101111111101011111111111111111100110111111111111111111101111111111111110111111011111101
11010011111111111110111111110011111111111100111111111111111110111111111111111111111111111111111111111111111111011111011111
10111111111111111111111111101101101111101111111111111111110111110110111110111111111111111111110011111111111111111111111111
11111110111111011101111111111110111111111111111101111110111101111111111111111111111111111111101111111110010111011110111011
11111111111001111010111111111111011111111111111011011100111111101111111111110101011111111111011111001111111111101110111111
11110110111100111111101111011101101111111111011111011011111110011111011111111111111111011101011111111111011111101101110111
01111111011001101111111011111111110111111111111011111011111111110011111101110111111011111111111101111111101111111101111111
11000111111111111111111111111111111010111011111111111111111111011111111111011011111110111111111111111100111111111111111111
11111110111111111111111111110111111101111101111111111111110111011111111111111111011111111110111111111101111010111111011111
11111110111111111111111011111111111010111111111111111010111111010111011111111111111111101101111111101011111101111111011101
10111111111111111111111111111111111111011101111111110101111111111110001111111111111111111111111001110111100111111111111010
11111111111101101111110101111101111111101101111111011111011111111111111011101111111111110111111111111111101111011101111111
11011111111111111111110111111111111111110101111111111111111011111111111111111111011111111010111111111111111111110101111111
11111011111111111111111111111111111011111011111011111110011001111111111111101011011100111011110111111111111111111111111101
11111101111111111111111010111011111101000101111111111111111011110001111111111111111111111111111111110111111101111111110111
11111110110111111111111111011011111111111110011111111100111111011111111111011011111011110111001001111111101111101101111111
10111111010111111111111101111111101111111110010011111111111111100101111111111111011111111111111111110111111111111101010111
11111111111111111111111111110111111111111111101111101111111101101111101001111110111111111111111110111111111111011111011111
01011111101101111010111011001111111111111111010111111111111111110111111111111111111101111111111111111111111111011111111101
00110111001111011111111111110111010111111011011001111111111111111111111101011111111110111111111111011111111111111111111010
11111111111111111111101111101110111111111111111001101111111111111001111011111111110111111111111111111111111111111111111111
11111011111111111011111011111111111111111111111110111110111101111111101101111011111111111111111111100101111111111111001011
11111111111111111111111111111111001111101111111111011111111111111011111111111111110111101111111111111111110111110111111111
11111111111111111100111111111111111111111111101101101111111111111111111111111111111011111111111111001011111101111101111011
11101101111111111111111100111111111111011111111111110111111111111111101011111011111111111011101111111111111111100111010111
01111001111111110101010111111111100110111111111111111011101111111111111111111111111111101111111011111111111111011110111111
11110111111111011111111111111111011111011110111111111101011111111101111111111111101001111111111110110111011111011111111111
11111011111111111111011111111110011110111010111110111110111111011111101011111111110111111111111111111111111111111111111111
11111111111111111111111111011111111111101011111111111101011101111111111101011111110101111110111111111111111111111111111111
11111101111111111111111111111111111111111111111111111011101101011110111011011111111001111011111111111111111111111110111111
11111111111110111011001011111101111101111111111111111111110010111111111111011111111111111111111111111110111111111111101110
11111111111111111111111111111111111111110001111111111111110011110111011111111001111111111111111111111111111000011011001111
10111011111111110111111111101110111111111011101110111111001100011111111111111111100111110111010101111011111011111111100111
11111111111111111111110011111011101111111111111111111111110100111111111011111111111111111111111111111111111111111111011011
10100011011111111111111101111111101000111110111111111110101101011111111111011111101111111111111110111111111111111111101111
11011101111001111111111111111111011111111111001111111111111111101111111111110111111101111101111111111110011111011111111101
11111111011111110110011110111101110110111101010111111111111011110011111111111011111111101111111111111111111111011111101110
10110111111011111110111111111111110111111101111101011111111111110011101111101110111111111111111111111111110111101111111111
11111111111111111110111111110111111111111101011101111101111111111100101101011111101111011111010111011101111111110111011001
11111111111111111011111101110101111111011111111111111111101111111100011111111101011111011011110111111111111111111110111111
11111111111101110101111111101111101110011111111111111111111011111110011110111111111110110111111111110111111111110111011011
11111111111111111111111111111111111111011111101110110110111111111001100101111010111111111111111101111101111111111111111111
11001011111011111110110111110111111111111111111111111111111111111111100111111111101111011111111111111111111111111111110111
11110111111111110111111111111111111111101111101101110110101110111111111011110111111111111111111111110111011111101110111111
11101111011111101111111111111111110111111111101010111111011111111101101101111111011111111111111001111111111111111111011101
11111001111111110111011110111101111111111111111111111111111111111111011110011111111011111111111111111111110110010101111111
11110111101110111111111001111111111011111110111011111111000111011101111110011111110011110111111110111111111100110111111111
11111111111011110111011111011111111111101011111111111111111111111011111111101110111011101101101111111110111111011101111101
11111110111110111111111001111111010111111111111111111111111111101111111011110101111111111111101111111110111111111111101111
11111110111011111111111111111111111011111010111110110111111011110111101111111010011111101111111111111111111111111111110111
11011111111111110110111011111111011111111111111111111111111011111110111111110101111111111110111111111011111111111111111111
01111111111111111111111111011111111111111111101111111111111111111011101111101010111111111110111111110111111111111110110111
01111111111111111111111111101111011101110011011111111111111111111110111101111011010111111101110111111111110101111110111111
11110001111111111111111011111111111111111111111111111101111101011101110111111111101011111111111111101111111111111111111110
11111111111111011111111110111111111111111111111101011110011101111111111111011111010111111101110111111111101111101111111011
11111011101101101111110111111111110111111110111111101101101111111111111110001111101011010111111111011111111110111111111111
11111111001110011101111111111111111111111011110111111101001111101111111111111111111100111011111111111111111111110111111110
10101101111111111111111110111111111011111011111011111111111111111111011111111111111100111101111110011111101111101111111111
10111111111111111100111111111111101111111111111111111111111111111100110111111111111011011111111011111111111111111101110111
11111111010111101010111111011111111110111111111111011011111111110111111111101011111111101111111111111111011111111111111111
01111111011010101110111110111111111111101110111111111111111101111111011111011111111011110111111111110111111111111111111111
11110101111011110111111111111111111111110011111111110111101111111110111111111111111101111011111111111111101111111111111111
10111111110111111111111111110111101110111111111111111111111111101111111111101111010110111101111111111111111111111111001001
11111101111011111111111111111111111101110111111111111111011111111111111111111100111111111110111111111111111111111111101100
00101101111111111111110101111111001111111110111111111111111101111101111111111111111111111111011111111111111101101101111110
11011111111111111111111111111110111111111110111111110111111111111111111111100111111111111111101111111010111011111101111101
01111110111111111110111111011101111111111011111111111111111101111100111111111111010111111111110101111111100111111111111111
11111101110111111111111111101101111111011110111111111011111111111111111101111111111111011111111001111101111111111111101111
11101111111111111111111111111111110111011110111111111111111101111111101101111111111111111111110001111111111110011110111111
11111011111111100111111111111111111111111111101111111101111111011111111111011111111110111111111110010111111111111111111011
11011111011110110111111111111111011111111111111011101111111111111101111111111111111010111111111110010111111110111111111111
11001111110111111111111011101111011110111111111110101111111111111111111111111111101111111111111111101111111111111111000111
10111111011111011101111111111111111111011101011110111101111111111111011011111110111111110111111110010010110111111111110111
10111111101110111111011111111111111110111111111111101111111101111111111111111101111111111111101111110011111011111111111001
11100111111111111111101111111111111001111111111110111111111111111101101111111111111111111111111011111101111111011110011111
11101111111111111101111011101110111011111111111111111111110111101111111111100111111111111111101111110110111111111111101100
11011011110011111110110111111110101111111111111111111101111111101111111011111111111111101111111111111111011111111111111101
11111111111101110111111111101111110111001110111111111111111111111111111111111111110110111011110111111111101111111111111111
11111111111011111111111111110110111111011111111111011111111111111011111110111111011111111111110111110111110111111011011111
11100111011011111110111111111111111101111111111111111111111001111111111111111111111111111111101111111011111011111111111111
10101111110111101111111111101111111110111101111111101111111011111111111111011111011111111111011111111111111101101111111111
11111111111101111010111111111111111101111111111111111111111011111111111110011111111011111111111101011111111110101111111111
11111111101111111100111111111010111111101111100111111001111011100111111110101111111111111111111101111101111111011110111110
11111010111111111111111110111111001111111110111111110111111111111011111011111111110110111111011111111111111100101111111111
11111111101111111111111011011111111111110111111111010111111111111101011110011111111101111111111111111111111111110111111111
11111111111101111111001111110111111111111111111111111111111011111111111111111111111111111111111111111111110111111011111111
00011111111111110111111111111111100111100110011111101111111111111111111110101111111111011111001111111111111111111100110111
11111111001111111111111111111110011111111111111111111011101111111110111011111110011111111111111101111101111111011100111111
01111111111011111101111101111011111100111111001110110111111010111101011101111111111111111101111111101101110111111111011111
11111011111111111111111111101111111111111111111110111111110001010111111111110111111111111100111011101110111111111111101111
11111011111111101111110110111111101111111101011111110111111101111111110111111010111111011111111111100111111111111101110101
11111111111111111111111011111110111111011111111010101111111110111101011111111111110111111101111110111011111111111111111001
11001111111111111111111011100111111110111011110111111111111111101101111101101111111111111100101111111010011111111111110001
10111101111111111111101111011111111111011111111011111111110111110111111111111111101101111110011111111110111111011111111110
