01011111101111101111101111111111111111110111111101111011111101110101011011111111111101111001111111111110011011111111011111011111111101111111111111101111111111111011111101111111111110111011111111
10011011111111111101011101110111111111011101111111101111110011111111011111101111111111111111101111111111101111111111011011001100111111010111011101110111011101111111011011111111011111111111111111
00011111111111011111111111111101111100111110111001111111111111111111111111111111110111111110111111111111111110101111111111111101111111111111101110110111111111111110111111111110111011111011101110
11100111111111111111110011111011110011101111111101111101101111110111111111011111110111111111111111111111111110111111101111111111100111101110110111001111111111111111111111111101111111111110111111
11100111111101111111111010101111110111011111111111111111110011110011111011111110111101111111101111111110111111111111110111011111111111101110111111101111011101101111110011111111011111110111111111
10111011101101111111110111111100011111111110111111011011111111110011111111111111111100111111111011111111111111010111111111011111110100111011111111111111101110111011111111011110111111101111010011
11111101110111111111110111111111111111111101110111100111111111111111001111111110011111111111010011110111111101110111111111100111111011111111011101101111101100110101111110111110111111101110111111
11111110111110111011111110101111110111111111111111101110111111110000111111011101111110111111111111111111111111111111000111111111101111101111111101111111110011111111101011001011110101111111010011
11111111011111111111010111111101111111111111111111111111111011110011111011111111111111110111111111111101111111111101101000110111101111111110111111101111011111111101111111011111111101111111111110
01111011100111101101011101011011111101111111101011110000111111110111111111101111110110111111101111111101110111111111111101111101111111111111011111111101011011100111111011011111111111111111011011
11111101100111111101110111111111011011011111111001110111110111011111111111111111010011111111111101101111101111101111101110011111111111110111111101111111111110111111101111110101101110111111111111
11111111111011111111111111111111111111101010101101111111111111110111111111111111111111110111011011111110111010011111111001111111110111111111101111110110011111111111101111111011111111111010111110
11110011111100001111111101001111111111110111111111111111111111010110100111011111111111100111110111001111111000111110111110111111111111111101111111111111110011001111111011111111101111101111111111
11111110111100111110111110100111111111111110101011011111111111111111111011101010100111111101011011111101110111111110111111001111101011011111011101111111011111111111111101110111111111110111111111
11011111111101011001111111111110111011111111111111111111011101111101110111111111110110111110100101101111101111111111111111111111011111111100011011111111110111111011111101111111111111111110111111
01111111101101101110111110011111111101111111111111111111101011111101011111111111101011110111111101111111111110111110111010111111010111101110011111011110111111111101011111111111111111111111111111
11111111111111110000111111111110101111111111111111111111101011111101111101111101011111101111111111111111101111111111111010111110111111111111111111001111111111001111111111011011111111111111110111
11111110111111010011111101111110110111101110101101111011111111111111110111111111011111111111101111111111111010011111111011001111111111011101111101101111111111111011001111111010111111110111110111
10111111100111010101111111111111101111111111001011111111110111111111111101111101110001111111011111111101110110101111111010011111111001111111010101111111111101111111110101110010111111011111111111
11111111111110100110100011111111111110011111111111110100011111101110110110111011111111111111111111111111111110101101111101110110111111111101111111111111111101111110111111111111111011111111111111
10111111001111111111010111111111111111000101110111010110111011100111111111100111111011111111111111001111110111011111011111111100111110111111010111101110101111111111111000010101111111101111001111
01111111111111111110101100011111101111111111111111100111111111111111110111111111101111111010101101101110110011111111111111111100111110010111110111111100111111111011111111111101101111111111101011
11101001010111111110010110111111111110111111110011111111110111111111001111111111011111110111001101111111111111111111111010011111011100111111111011111001110110111101111111111111111011100101111101
11100111111111111110111011111111111111111111111111101111111111111111111111110101111111001111111011111101111111111111111111011111111110111111111011011111111101111100111111111001111101011111101111
10111111101101111011101101111111101111111111111111110011111010111111111011111011111111011001111010111011100011111111111111111101111011111111111101101111011001100110111011111101011111111000111111
11110110111110101111100110110011111111010111111111101111101011111111111101111111111111111111100111011111111101011111111111110111111111111111111111101111111111111111101111111111011101111111111111
11111111101101101111101111010011111111010111111110100111110101011111101110110111111111111110111111101111111111111111110101110110111110110011101111111111110111111111111111011110101111110111111111
11110110111100111111111111101111111111111100110111100010100111111111100111111111111101111101111111111111011011111111101110011111111111111111111111101111111111010111111110111011111111111111111011
10111111111110111111111110010111011100111110100111101111111111110111111000111111110110011111110111111111101111101101111010111111011111110011111111111011111111110011111100111101110111111111110111
11101111101111111111111110011011111111111111010011111111110111111111011011111011110111011110111111111011111011100101011111111111111111111111111111100111101011111101101101111011110001011101110001
11011011011111111111111111111101111111111111111111111011111111011110110110111011111111011101111011111111111100111111111011011111111111010111111101101011111111110111111111111111111110111011111110
11111011111111010011111111111110111111101111011110001101101111111111100110001111111111111011110111110111011101110111011111110111110111011111111111101111101111111101011111011111011111111101111111
11111011110111111111111111110111011111101111000111011111101111111101111111111101011111010011111111111111111110111111111111111111111110101111110111011111000111111110111101110111111111010101111010
11111111111111110101101101111111100111111111101101111101111111111111111011111111111111011111011111001111111111110111111111101111111110110111110111011101011101111011011111010101101111110111111101
11100110111111111011111111111111100101011110001111111100011111111111111111111111111111111111100011110110011111111111001110101110110111101111111111111111111111111111101111001111111011111011110111
11101111110111011111111111111111111011111111111010111111111111110111111111111011111111111111111101111111111011111111111011111110111011101111111110110110111111110110110111111111110111010111110111
11011111101111101111111111110111110100111111111011110111111101011011011111011110111101111111111110111111111111111111110111111111011111111111111111101100110101111101110111111111101111110011101110
11011111111111111110110111110111111100111001111111111111101111010111111111010111111101101110111111111111110011111011111111011101110011001111111111110110111111111011111011111111011111110111111010
10110111110111111110011110011111110111010111111111100101111111111111101111111101111111100010111001110111111111101100111111110110111111111111110111111111101111101111111111111111011110111111011101
11101111111011111011011111111110011111101111111111111101101111111101111111111011111111111111111111111001111101111110111111111011111111100011111111111101111111110111110100010111111110111111110111
01111111111101111111011110011111111111010111101101111111011111111111100111111101111111111111011011011111110011111111111101110111011111111111111111011111111111111110111111111111111011111100111111
11111111111011111111111111111111111110111011111011000111110001111111111111111010111111100111111111110111111111111111111011111111111111011111111111110011111111111111111111111111111101101111101111
10111101111111111111011111101111111110111101111111111101111111110101111111111111111101011111111111111111111101110111010111011001011101101111011110101111111111110111111101111110111111011101011011
11011011111010111011111111100111110111111110111111111101110111111111011100001011111111011111111111011001111111111111111111111111111111111100010111100111110011101011101111111111011111111111111110
11111111111111111101111111111010010111111111011111111111111010111010111111111111101101101011111011010011111101011110111110111011100110111101111011111101110111111011101111111111011101111110110111
11111111101010111001111111110111000111110111101111111010110111111111111110111111111011011111111111101110111111101111111111000111111111111111110011011111110111111101110110011111011101000011101111
11111101111111111111010111100011011111111111110111101111101111101110101111111111110111111111111011011111011111111111111110110110101111111111111111101101101111111111011111111111111111111111111111
11011111100110111101110111111011111001111011111011111000111111111111111110111011111101111111110100111111111111111011111110111110101111111101101111111111111101110111111111101101111111111100111011
01001111110011111011111111111111101111110111111101111110111101011101011111111110011101111111111111110111111011111111101100011111001111110011111111111111011101111101111111111111110111111011111111
11111111111111111111111111011110111011111111111110110111111101111111111101111111111011111101011111111111111110111101111110111101111111111100111111110111111111111111110111000111111111001101111111
11111011111110111111011111111110011111111011111111011111111111111101011100011110111111110111110111111111111111111110111011101110011111001111111101111111111111011101111111110110101101111111101111
10111100111111111111101010000110111111011011110111101111111111011101101111011111111101111111110111101011101111100111101110110111110111111111111111111111111111111100111011111110001111101111011111
11111101100111111110001101001111111101011011111110110110111111111101111111110111011111101111100101111111101011101011011111111101110110011111111100101010110111110100111111111110101111111111111111
01111011101111111011111101101101111111111111101011111011111111111111100111111111110111111111111111110011001111110111110111111111111010111111111111110111111100111111001111111011111011111111111111
11101111101111111110111111111110100111001100111011111100111110111011011111111010111101111111111111111011111111111110111100111111111110011111011111111111111111110101111110111101111011011111111101
11111110101111111110011111101111110111111111101001110100111010011111101110111011010101111111101110101111111111111111111111111111111101111110111111111111110011110110011111111111110110111010010111
11111111111111011110111111111111110111110111111111111111001111111011100001111111111101111111111111111111101101111111111110110101010111111111111111111111111111111101011111110111111111110101101111
11101111111111100111111110101110011110101111110111111111001110110110111011110111110110111110111111001110111101111101110011111011111011111111111011011111111011111111111111111111111111111111111111
10110111110111111101110111001011111111111010101111111111110111111111111111111111110111111100111010111111111111111011111110010011110111111111111101101111110111011111001101110111111100101111110011
10110111011111100111011100111111111111111011011111111110111011111111101010111111101111111111111111111111111111111111101010110111000111111011110011111111111111111110101100111101111101111001111111
01111111111111011111111111011111111101111011111100111111111101111111111111111111111101111000111111101111011111111101111111111111101111111111110011111110110011111111111111110011111101011101001111
11111111111111111111111101111111111111111111011111111100101110111101110111111111001111111111111011111111111111111101111110001101111111111111111011111111011101101101011110011110111110111111011111
11111111110101111111111111011101111100111111111101101110111111011101101111111101110111111111111111111111111111111111111111111001111110111111101110101011111111111011111111111101111011011111110111
11111111111111111110011111111111111111111111110111111111111111101111111110111111111111101110111011011110101111100111111001011111100011111011111110101111111111101011111101000111011111111011111111
01100010001001111111011111110111111010111101111111111111101111110011101100111111111110011101101101100111111111111111111111110111110101111111101110110111101111111111111101101011111111111111111111
11110010011111111111111111111111111101111111011111111101011111110011111011111111101111111011101101111111111111111111110111111111010111111111111111111111110011100111110111010111111111111100001111
01111110111111000111111111111111011111101101111101000111111110011101111111111111111101111111110101101111110111111101111110111111000111101111111101111111111110111111111111111110111110001110111111
11111110111101111110111111111101111111111111010111111111101111111110111111011011111111110111101101101110011111111011011010011111111111101101001110111111111011111110111011111111111111011100111101
00111101111111101111110111111011111101111110111101011101111111111111011111111110111111111110111101111101110100111111111111111111011111111101011111110111111011110111111111110111111111111011101110
11111101111101111111110111001110111111010111110111101010011011010111100111111111111111111111111111111111111001011110011011111110111111110111111101001110111111001111101110101110001101111101111110
11111111111101011010101111101100111111110111111111111011011110111111100011110111111111111111111110100111111111111011111101011111111101011111010111111101111110100111011100111111001111111110111110
01110111011110111111111101110011101111111111111111111111001011111011110011111111111111011111111011011111111111101100111111111111110111111101011111101110101111111011111111111101110111011111111111
11111111111111110101111110110111111111111110111110011111011111110111111101111111110110011111111110011111011011011111110111111111111111110111111111110111111110111111111110111111110111111111111011
11111111111111111110111111010100111111111110101011011110111011100111111110111111111111111111111011101111100111110000011011111111110111111111111111111010111111111111111111111011011111111110100101
11101110111101111111111111111110111100111110111111001111111111111110111111001110111100111100101101111111111010111111101111111111111111111101111111111101111111001111111111111111011011101111111100
10111111101110111111011111111110111111111110111111111111111111111111111111001110100111110111111011111111111011111111101001111011111111111011111111111110110111001111111111111110111110111101110110
11111111111111111111011011011111111110111111111111110111101111111111110111110111011111111010111111111110011111011011111111111111101111110011011100011011111111111111110111111111111111111111011111
11111111111110111110111101111001111011101010111011111100111111111110111111111001011101011111111111111111111110111111111111110111110101101111111111110111111110101111100101011111001111111111111111
11111110111111110101111011111111011111010111111111111111111111011111111111111000111111111111011111111111111011111111101010111111111111111011111101111111110111111111111111111111011111101111011111
11110101111110111111111111111111111101111011111101011101111111111111011111001100101110110111111111111111100101110111011111101111110111111101001111111111011111111111111111111111111101111101111111
11111101110111110011110111111111011111111111111101110110111110111111111111110011011111111111011001111101111101011101111111111111111110111011111101110111111111101111111111111010110101111101100110
11111111111110101111101111111111111111111111011111111111111010111011111111101110101111011011111111111101111101010111011111111111111101111111011111011111111111111111011101111111111111111111111011
11001111100110011101111111110011111111111111110111111010100111011111111101101111110110011011111110111111111111111001101111101110111100111111111110111111101111110101011001111110111111111111101101
11111111110111101101011111111111111111111111101110111111111111111111111111111111111001001111111111110111011110110111111111111111111111111111111101111111001111111010111111111100111100110111111111
01110011111111111101111111101111111100111101011001101100011101111101111111011011111001110101011111111111001110111111111011111101111111111101011111111101111110011010111111011110111101101111111011
11111010101111011111111111110111111111111111111111111111101111110111111101011110110110111111110111111011101111101111111111101111011011111111111111111111110111110111010001111011110101111010111111
11111111111111111111111001110001001111111100101111111111111111110111111001111011100011011101111111111100111101111111011011111111111111101111101111111001111111101110001111011101111101111111111111
11111111111101110111111011111111111110011011011111110111111111101111111111111111111011101110111111111110111111111111111110111111100111111111111111010111100111100111010111111011111001111111111111
11111111011001101111110111111111011111011011111111011111111111111110111111101110111101110111001111101111111101111110101111111111110111111110111111011111101001110111111000011111101111111111111001
01111111111111111111101101111110011111011111011111111111111101111011111111110111100111111001111111111101110111110001011111111101110111110110111111011111111110111000011111111001111111111111111111
01111111111110111111111101101101111111111111111110111111110101110111111111011111111101011001111100111111010111111111111110110111001111101111111111111111101101011111011111111111111111110111110111
11011111111111011111101111011011111110011111111111111111100101101111011111010111111111101110111111111101101111111110110111111111011110110111111111110110001111111111111101011011111111110111111011
11111101111010111101110111111111101111110111111110111111111111111111111111111101011101110111011110111111111111111111110101110111111111111111100111111111011011001111111111101111111111110111100011
10110111101111011011100110111111110111111111111111110110111111110010111111011111111111110111101001111101110111111111110011101111100111111111111111111011011111111111111111111111101011111111111111
11111101111101011111111110110110110111111111111011000111111111111101111111111111111110111111110111111111101101011111111111011110111111011111011011101011110111011100111110010111101111111111110101
11111001111010111111111001111101110111010111010111111111110110101111111010101111011111111111101011111111111111001110111101111111111111010111101111111011001010111111111101100110111111111111111101
11111111110111001111100111111111111011011111111011110111111111110000011111011111011111111101101101110111111111111001111001111011111100011111101110111111111101111111110101111101110111111101011110
11111111111111111111111101111111111101111111111011111110110111111111110101111111110111111101011110110011111111111111110110111111111110111101110101111111111110111111101010111011011111111110110101
11111111111101111111011110111111101111110110010111111111101111101111111001111111111111111111111111011011111111110111111111110011111110001111111111111111111110111111111101111111011111111111111001
11111111110101011111001111011111101111111111101111101110101101110100110110111111111111110111111111101011010111110110111111111111111110111111111111111111111111111101111111101111111010111111110111
11111101111111111111111111111110110111011011011101111011111111110111110111111111111011111111111100110111111101010110100111111111111101111111110110011110111111111001111111011111101111111111111011
11111111111111111111111101111011111111101110011111101001111111111111111111111111111110111111111110001011110101111111101111111101111111110101111111101111111111111111101111111111111111111111111111
11111111001110111101111011111111111111101110111111111111111111111111011111111111001111011010101111111100111111110111111111111111111101111101111010111101101111111111111111110111111111111110100111
01110111111011111111101111111111110111111111101111111111101111101110111111110111111111001111111111111100111111111110111110110111001111111101111111111111111111111111111111111110111111111010011111
01111111111111111111111111101110110111111111110111111011111101111110111101110111111001111101111111101111011011111111001011011111111011011111111011111011011111111111111101011111111100100101011011
10111111110111010111111101110111111111111111111111100011011111101111111110111110111100111110110111111111101011011111101111110111111111111111111111011110001000111000111110111111011001110011110111
11111111101110111101001101111111111110110111111111111111111111111101011110111110111111111001101111101011110001011111011111101011110111111111111111101111111111111111111111111111011111110110111111
01111111111001111011101101101011111010110111111101110111111111111111101101001101111111111111111111111111000011111111101010111111111111011111111110110110111111111111101111011101111110010111011111
11111101111101111111111110111100111111101101011111111111001111111111001111111110001111010111110111110011110100111111011111011111111111111111111111011111111011111111101111111101111111111111110101
11001111111001101000111111111101011111111111111110111111111111111111011111011011111001111111111111111111111100100011110011111111001111111111101111111111111111111111110111111110011100111011011011
11111011111011111011011110111111111111111111011111111111111111111111101101110111001111111111110011110111100111001111111011111111111100111111100110111111111111111101101010111111111111111110111111
11011111110111111100111111110011111111011111101111100111111111101111111011111111111110111111111011111111111110000111111111011110010110111111111100111111111011111111110111011101101111111111111101
11111001111111111111111111111010101111111101111111101011111111101111111110111110101011111011111111000101111110100001011111111110111111111111111101111010001111111111111011110011110111111110011111
11111111111111111111111111111111111110111111111011110111110111111110110110110111110111111011111101111111111110110011111100011111101011011110111111111111011100111110111111111110000110111101111101
11111111011111111110111111110011111111011111111110111111101100111101111010111111010111111011111101111111111111110101111111001111011011001111110111111010111111111111111101111111111111110100111111
11111111111100101111111111111111111111001111011111011101111111111111101010111111111111110110111011100110111111111110111111101101001101011111111011111111111111111101111111111101111101111110111111
00111110111111111111011111111010110111111101111111110111111111111110101110111110101111011011111111111111010101110111010111111111111111010001101101111110001011101101111111111101111111111111111111
11101110010111111111111111101111110111111111111101101111111011111111111111001101110111110111111111110011001011111111101111111100111111011111101111110111111111111110111111011111111100110111111111
11110110111111111111111111011111111101111101111111111011101111111011111101111111111111111110001110110111111110111111010111111111111111111111110110111101111111101111011011111011010111111111111111
10111111011011100001110111110101111011111011111111011111101011101110101110101101111101011111101101111111011010011111111011111111111111101111011111100101111111110111011011111011111111111111111111
11111111001011111110111111011111111111110111111101111101111111101111110111101111111111111111011001111111111111111011111101111111111011111111111111111111111111111110011111111111111111011011111110
11111111010101100101110111100111110111111111010000101101010010111100111111111101111111101101111110111110111011111011111110111110101111111100000111111111111011101111111111010101010101111111111111
00110011110110111001110011101101111110111101101101111111110110101110110111111111111111111111110111111111011101101001111111011001111111011001111111111010111110111110100111111100011111111111111111
10111101111110111011111111111111100111111111101111011111111110111111111111111110110110111111101111111111110111111100111111101111111111111100010101111111101111101111111111011111111111111111111111
11111101011111111110111110011110111111010111100111101111010011110111111111111011111111111101011111011110101111111111111111110111011111111111111011101010111111111011111101110111011011110100111111
11111111111111111111111111111111111111101101011111111111100111011111111111101111111111111111111101011111110111111111111111011011110111101111100111110101111011111111111011111011111111111111111011
10011111101111111111001101111111111110111101111110110111011110011111111111111111111101111011111111111011111111111110101111011101011111111111111111111011111101111111111111111111111001111010101111
10111111111111110110001111011111110011011111110011011111111111111111101111111111110111111111110111111111111111100111101110111110111110101101111011110111111110011011111111111101111111111011111111
11111111111111001111110111110111111101110101111101011111011011111001011111111111111110111100111111111110111110101100111111110101011111111111111111111111011111111110111111111111101111111111111111
11101110011110111111111111111111111111111111010001111111111001101101111111110111111111101101101111111110111110111010111110111111101111111111111101011111111110011110001111111111100011110111111111
11101011111011101111111111111110110110111111011111100111010011100001111010111010111111100011101111111111110111101111111111111011110011111111011111111111111101111100101101111011111111111111100111
11111101111110111101111101111111111010111111111111111011101111101111111111111111111110111111111111111111011111111001111101111111110010111111111111111111111111111111110101111011111111111101101111
01111011111111111101110111111111111111111101111111111110111111110111110111111011100111111111111101110101111111011110111111111111111101011111111111111111110111000101111111011111111010111111111111
11111011111111111111000011011111001111111111011111110001111111011111111111111111010111111110111100001111111111001111111111111110111010111111111110101111111111010011111101111111111111011111110111
10111111111110111011101111111100111110111011111111010101111111111111110111111111111111111111110001011111011011111000001111011111111101011011111111110111111011111111111111101110111111111011111111
11100110111111101111111111111111010010101101111111011111111111111100111111111011111111011101111111011111111111111101111011111010111111101111111011111110000101111101111111111011011011011010101111
10111111110111111111101111010101101111101111111101111111111111111111101101110111111111111010111011111011111111111111011111111111111111110111111011111111111110111010110111110101111111110111111110
11111011111111111111111111010111111111101111111101111111111011101111111111100101011111111111111111111111111111111111011111011111111111011011101100111110111111111111111111111111110111111110111011
11111111111101011010111111111111111111111110011010111111111111111110011011011110111101111111111110111000111111111111011110001110111111111101111111100110111111110111110111101111001111110111111111
11100111011111001111111111111111111111111110111110111110111111111111111111111111111111110011111111111111111111111011111110101111111111111110100111111111101110110111111111111111111011111111011011
10111101101110001101011111111111111111111100111111111101111111111110010011110110101101111111110111111111111111111111111010101111110111111111011011111111111111111110111110100111011111011111100110
11011111111011111111111111011111111111111111111011111111111111010110111111111110111111011111011001111111111110011111001110111011111111111010101111110111111111111111111111101111111111011110101101
11101111111111111101001111111111001111011110101111111111111001111111110111111111111111111111011110110111111111011101110110101011111111111110110011011011111110101101111110111111110111101111110111
11111111111111011111110011111111111111111111001111111111101000111111111111111111111111111111110111111101011111111110111111110110111111100111010011010001111111111111111011111111111110111111011111
10111100110110111001111101111101111111111111111111010111110111111101101111110101011011111111111110111111111111100111011111101111101111111011111101111111111111111011111111011111111111111110011111
11011111111111111111111111111111111011111101111111110111111111000110111111110111110111111111111101110101111011001111110111111111111110111011111110111111111111110101110101111111011101111111111111
11101111111111100111111011111111001111110111101111111111101111111111101111110111101111100011111111110111101101111111111111111111101111111111110011001011111111111111101111111111101110011101000011
01100101011111110011011100101000111101111100110111110111110111001111101011111111111111111111110111111011110111111111111011110111111110111101111111001111111111111100111111101110111111111011111111
10011111111011111111111111111011111010111010111110111011111111110111011101111011011111101110111111111111111011111111101011111010111111011101101011110111110111111111101111111010111101111111010111
11111111111111111111110111110101111111111011111111110111111111011111111110110111111111011111100011111111011111110101111111010101111111111111110011011011110111110111111111111111111011101011111111
11111111101111111111100111111111101101101111010111111111111111111111110111011111111101011111111111111101111111111111110011111011111111111111111011111101110011111001011111111110111111111111111111
11111111111011101111001111111111111000111111111111110111111101111111101010101111111111111110111111110111101011110101011111010111111111101001111111111110111111111111101111101111111111110111101111
10110111001010111111111101111111001111111111111101111111111110111111111111111110111011111110001011111111001111110011011111111111011111101111111111111111010110110111111111111111111111111011101111
11111001111111111111011111111010011111011111110111111111111111110111111011111111110011100100111011111101101111110111011111101111111111101110111111111111101111111111111111011100111110111111111001
11111110111101011111110111011111011101111110001111110110110101111011111111101101111110101111110111111111111111111111111111111111111101101111111111110001010011111101101111111111111111111011111111
11111110101101111111111101111011111111111110111111111110101101111010011111111111111111110111011011111111101101101111011110111011111111011111111111111101110011110111111101101111110011111111111110
10110101111111111100111001111111101101111111111001111011111110111111111111111111111111110101111101111111101111111011111111111101110111101111111111111111111101111011111011111111110111111111111111
11111001110111111111110111111111111111111111111111111011111111111101110101111011111101111011111010011111101111111011111111011110101111110110110111111111011110111011001110111111111111111101111111
11111111111101110111111111101111111111111111111111011111110111111111101111001111111101111101010111111111111111111111111111111110101100111111111111111111111111011111011111111110001111111011011111
11110111101101110111111101111111111111011110111111111111111110101011100111001011011111001111011111111111111111111111010110101111111101111111110111111111111111101111111011110111111101111011111111
11111101101111111111111101100101111011101101111011110100111111111011010111111111110110100111111111111111111111111111111011111111111100111100111110111011011011110110111111110111111111100011011101
01111011111111011011101111110111101110111110011111111111111111001111111011111111111001111011111111110111101111111111111111110110111110110111111101111101111100111011111111111111111110111111011111
11111101011111101111110011111010111101111111101101000101011110111111111111111111110111111011110111100111101111011110011111111111110101101111110110101101110111111101111111101111110011111101111110
11011111111111111110111001111111011011110111111111100110111011111110111111111111111001011011110111111111101111111011101101011111000111110111011111101111111111110110111111111111111111111111011110
10111111111111101011111111111110101111111111110111111010010110111111110111111111100110001001111111111111111111111111110001111111101111111111111111111101111110011111011110111111011101111111011111
11111110110011111011111110111011110111111110011111111011110011111111101111111011111111011111111110111011111001011111111111011111100111111111111111010110110110111111101110110111011101111011110111
11110111111111111101111111111111111001101111101110111111111111111011111111110011111110101111111101111111111110101111111111011111111011110101111110111111111111111111110111111111111001111111011110
10110110101101111111011101111111111110111111111111101111111111111110111111111111110110110111111110111111111111010111110011111011111111111111111011111111111101101111111011111111111001111011110111
01111111111110011101011111110011011111101101111111111111110011100111110111111011100110110110111001011111011111111101111111110111110010111111111110111111111011111111111101111111111111111111100111
11111101111111111111011111100111111111101111101111111101111010111111100101111111111111110111110110111111101111011111111111111111111111111111010111111111111110111111001110111111111100101100111001
11111010001111110111011111011110100111101111101110111111111110101011111111111011111101010110110111110111011011101111101110101111111101111111111101111111101111111111111111010010111011111111111111
11111110111111111111111111111111110111111111111010111111111111100111101111111111111111111111011011101111111111111111111111111111111111011101001111101110111011111101111111100111111011111011111010
11111111110110111101011111111111001111101111111110011111010101101011011111111111111111111111110011111101111111110111111110110111111111110111011111111111111111100111101111000111111111110111111110
11111110111011110001111011101011111111111111111111111011111101110111111110111111011110101010111110111111111111110111110011111011110011101111111111110111111111111111111111011000001111111111011111
11101111110111111111001001110111101111111111111011111101111011011111111011111111111011011011111101111111111001101110011110011110111111110111111111111111101111111111111111111001111111110111101101
11011001111111111001111111011111111111111101111111000111111110111101101111101111010001111111111011111110111110111011111111011111111111011111111111100101101111011111111111011010101011111111111111
10110111111111111111111100111110111110011110001111101111111111101111100110011001111111111111111110011111100110111011110110010111111111101101011110111111111111011111001111111011011011111101010101
11111111110101111111101111011111101101111111111111000111111111111111100111111011111111110111100111110111111111101011111111111111001111111101111111011111111111011111111111111010101111110110111101
11111110111111111111111111110011111011111111111101111110111111111111111001111111011110111111111101111111111111110011110110111111101111111011110111111111111001111101111111111111110111111000110111
11011111111111111110110111111011110111110111111111111001111111011111111111011111111111101111101111101111101111111111111111110101101101101110111111111011111011111101110011001110011011110111111111
11111110011111111111111010111011111111111011001111011111110001111111101111111110011000001111111111111111001110111110101110111101111111111111111110110111111111101111000010111111111101101111111001
01111111110111111111111111111101111111001111111111111110110110111101111111101111111011111111111111101111011010111011101111111111111101111111111011011111101111111011111110111111111110101111111111
11111111111111111101111011111011011011111101101110111101111101011100111011111111111111111111111111111111111011111111111101111111111110101111001111011111111111111111111111111111111111011111111101
11111001111101111111010111111111111111111011101110101111110111111101111111011101111101111111111111111111011111111111111111111111111111111111110111111011111111110111111110111111111100101111110111
11110111111110111011110111011111001000111111101111111111011111111111111111111111111011111100011111111111000011111101101111110111101111110101111111111110111111110111111111110101101011110111111110
01011111111011111111111101111101110101111111101101111110111011101111011111111111111110111111111111111110101110111111111101111100111111001111111111101011010111000111101011101111110111111011111111
11111111111111111111110101111010011111110101111010111111011001111010101111101110011111111111111101111111011111111001111111110111111011111111111111011111111110111101111110111111010111111101111101
11101101111011011111111101111111111111110111011011111110111111111000110110111111111110111111111110111100110111010100111111110101111111101011101101111111111111111111111110111111100111111110111011
11111010101111111111011111111111111111011101111111101110111100111011111111110101111111111111111101111110011010110111111111111111111111111110111001010111111111010010010111111011011111111111011111
11011111111111111111001011111111111101111011101111011111011101111011011110111111010111111111011111111101111111111111111111111101110011101111001111011110011111111111111101111101111111111111101111
11111010111111110011111111110011110011101111011111111110110111011111111110101111011111111101010110101101101101111111111111111111110110111111010111010111111111111111101001111111010111101111110110
11111010101111111111101111101011011110111101111011111111110111111111111101111111101101110110011111010111011110111111111111111011111111111010111111011111101111111111111110101111111101111110111010
11111111111111111111110111111011101111011111111111111101111111111110111110011111110111110111110010011111111101101011111111111111111111111111101111111111101111110111111110111101001101011101111101
11011111011011111111111111111101011100111110111111111111111111111111000111001111011111111111111101111111111111111111111101111111111111110111011111111111111011111100110111100111111111110111110010
