0001110111101111001100001010001011010101101010110010100011000111011011011010111010100011111110101111111110110001011110111111111110001101010111011110
0000110110001101011011000100110001100101110111010000010111011101101111001111101000111110110110111011100111110001111001000101011111111111000111110110
0000011111011110111010010111111010011111011111011011111001011111110100000001001101100100111111110000000111101111011101101100100001011111111110111101
1000111010111010001010110011001011001111101110001100000101101110111011100100001101100101010010001101000111110110111000111010011110111111110100011110
1101010111110111100011011110010111101110111010100011011001101010100111101011000110010111000011100000101111101111111111010000011110100111110110011001
1111100111100101001000010101101110101000011011011100101111101000111101101110111011111111010101111110001111011110101100111101110010001010111111100110
0011000111011111011101000101001111111010010011111111010111111011110110101011000111101110011111011110111100100010110010111001100110101101011001101111
1110111011111000100111110000111111011011100000001110111011111100001111000111000111010101111101101111000110011111011010101111111100100001101010011000
1111111101101101110101010101101101110111010101011001111011111011110101110101111011111111001011000111100111111101111110010111111110011110011010010101
1010111110000010001110100100001111011001110100111011111011111011110111110000101100111011100111100001111110111010100110100011100001110111000110000010
1001110110011100011110111011001110111100101011011000100101110001011110011011010110110001001010100001010111110111000110010010011101101110101110001111
0011101100101110111001101110111001000011011011001100001000110100111011111001101010010101111110111111101010110011011010001000000010110110110010011001
1111001110110111110011001111110010001001110110010101010010010001101111111110100011011010100011110110100111111101100101101110100110011010101111011111
1110111010111011101010000111110001101111111010011111101011000010111111001101000010100010010111110110101011101100001101010011101010111100101100001010
1011101001011101000100110111111010101000010011001010100110110110011110100100011001111111000000011011101010011111011100010111110001001101100101111011
1100111010001110011100100011011010111011100011101010110111110110110111100011111110001001011111110011000000001010111010101000101100110110110010110110
0010100110011100011110111011101100011101111010101001011110001010111000101100110010000000100111001110111010110001010001110110111011101111010011011101
0110001010111001101010111011000101001101111110011100110011010000000111011001110111000111111101001111000010101010001011001001011001001110101111100111
1111011001110101110111101010011011101111011110011101001100111011111110010011110111111101000011111110010011011010111110110000100111010100011101101000
1000001111100011101011110010011011000011001101100100110011000101110100011110111010001101110101111101101001011010111111001010110110100001000110100111
0111100101101100111101110011110010011101101110010101111101011100110011000011010101011111101011111000101101001111110110100000101101101101111101000111
0100101110011000001110001101010100000011000001011110011111000101001010101100110011111110110001000111101111111111101111000011111101011011111011010010
0001000101110011111110001111111000111110010111111111111111110100101010101010110001110101101010010100001010001010101100011011101111100111100000100101
0011110110100010110110001101100101111011101110010000100010011111001011111101110111001111000010011011111110000111010111110100111011110010111111011101
1000100000111000111001110000010011100010011111001001101011101111111110001111111011110011110110000000001101001001110001111101000111111001111010000010
0110111011011110000001110001110011010101110110110100101101111001110010011000010011111001110111010011111001011111111111010000111110111011110101101101
1011100000111111111110100000010001111101100111101111100011000110111100001011001111100111010010100010111110011110000011000001001100101111111010001001
0011011010101111110011110100111101001000110111101110111101101111110111101011111000011000011010110101111001111100101011100010001101111100000101111110
0110010110011110100010110101010111110010111110111000010101001010001101010111011010001010000011110001111100111000000101111010101110110111011110111101
0110100100011111001111101111101010101111110011100101010010110011101111100011011001111001110110110001111101110111111110110001101011100111001110111110
1011011111110011101100100001010001110101110101111011010111010111110011101101110101111011101010111111010101101100100111110100110111000100001000000110
0000111111100000110001010001100011101111101100001111000000011101111101011111111111111100110011100111011111101100110111001101010000110100110111100010
1011111101101011001110001100110101100010111010010100011101010011111010111110110111100001010111100110010101010111110010010010101001011110001111011110
1101101111010100011100011111101110011100101100100011011111100110110000111111101010011100111000110011000110110001001100010110100110110011111101111101
0100111010100111001000111010111110000011011111011110010110101111111111100111111101001011111101111100001001010011110100001010101100011110001101010001
1010001111100001100010110110101001000110001110101111101111110011010010011110010111010101100101101010101010001111101101001100011010011110010100010011
0011111101101111111010110011010101000011011001010010111101110011001110011111110110111111110000010111010110111111011000100010111110111101011011000010
1111100010100100111010100110011101010011001010010110111110101110010111111011101100011011111000111110000011010100011110010111101110111110110000110111
0011101110010101001101111000110110111100011110001110000011111011101111111101001001110111110001100001011010011111100001001001110011000011111010110000
1111000111011101111111010110011100101100000111111110000011111011100011111010110111000001010110001110110111011100111100001010010111111110011000110111
1101100101101101110010010111111111000000000110011110000001000111011000110011111000101111011001010001111000111111111110001011001011001110011011101110
0110111011011110111000101101111010101010000011011110101101001011010101110111100000001011111111101100010011010110100101101001010001010011011111111101
1011110000110100111110011000100111111110000000001110011101001110100110011100100001111101110111101101000110111011100000001001011111010100000100101010
0111000011001000011110111111101101110011100001111100101000111110011100011110111001001010001111010001001000100000011111110011100000110100111011001101
1111111000111111111010111111110010110111110001111100011110100111001111101110101101111111001111001011100111010001110110010001111111010111111011001111
0110011010110011000101101011011000101001010110101000101010010001010010110011011111111111100110110100010001000111000111011101011101101110010001000010
1000101001000001100100100111111001010001000111011111001110101111011100110111110000100011010110110110001000111001110110011100011111011111011101101011
1110011011101100011011110100101010101101110110100010110101011110111111001011011111100000110101011111110101110011100100101100111001111100111110111100
0011011111110111111001101011101100110011111111100010110110001110011011011111111000110110111010010111001111110011101011100001001110100111101100110011
0001011100011100011111100111010110110111111110100010101101101001110111101001010111010011000100011110110000101010101010101110000110100111111101001011
1010101101000111000001100011001101111111111000111100011101101101111111111001010011010011111010100100111011010011001000001101101101110110101011110001
0010101011001100101010101010011101010000000000100000111100111011100001010000101111010111010111001010001110011101111111011011000000111010111110100011
1010010111100111010110111111000000011100010101011101000101111011011110011010011100110000101111100111001011000011001011100110110110000111101101001011
0110101111001001110111100001111011101100001010011011001111101110111101111010101110111001110000101110011101011101111010011101111111001001100111100000
0010110111010100101011101101000011011100011111100111010011011011111111010111111110010000110010111101101001101011110111110001110101001100011111101010
0101011000100011101011100101101011111100011010111111110000001100011011111111110100101011111011011010001010010101101100000111110010110010111111011011
1100011111001111110101111010011001110111000011101000011000101011101110010111110110111100101111111100101111101011111110100001111010111011010001110110
1111111111100101010111101111101011011011111000010110111000000110111000111110111011101001100011100111101101010000110001110011111101101111111101110001
0001111111110011001000101101010001111111000110100111110010001110110110101010100011101101111110100111101000011001111110011000010101010111010111111100
0110001111111011011010110100011110011011000101010001101000000101110011111111000010000101011011111010111001100111001011101111100011001101111101111001
0111111111000000101010011101100100100111011100111111111110100001111111010101001111101111101010001111011110101100111000011001110001001110110110010110
1111000100010011000111111011001101100100101110111010010101110001100110011101101001100111011110111011110110111010111101110001011010111111110110011111
1011101011000111101000011011111011111111111110111001111011100000001101111111111101001010010111100000110111100100100011100111001111111001011110100010
1110001011101000001101011101011110111011110011100111101010011100100101011001011101110111111110110110011010001011011111111010110001001011010000100101
0111111011011101101110101111011111100011001000010111011011111101011110101110001001101100010100100011100100011010011111010001010100100111011111000000
1011011011110111101110001111001111110100110101111110111101111000101011100010111010110010100100001111101101111000010101011110110001110101000110001101
1101010100111110101001111010110110101010100110111010111111001010110101000111100011010110011000011001111111000001000101000001000111101000010011001101
0110111111101111011100001011110100101110011110110110111010101111101001001111011111101100001110001100011110110100010101000111001011011101101001000010
1101101101111111011011111101011010111111001011011110101110111100110001101111011100110101011001111101101100111111010110001111011010111111010111111110
1101110111011101010010010001111100100111010010011111011100011011011110100010010000001011010001111100111111101010111101001110011100111111011001111111
0001111011011011100001110001011011100111110011100110010101110010110011011100011000111110101100110101101101101111111101001000010011101011100110111010
1000000011111000011100010100100111011111111101101011111111011111000000100000001101010101110011110111101011110011100110101100101110001011110110111101
1100111000111100110101111111001111011111001110011110110101110111100110100100111111001100000111010110100011101000001101001010001011010001011101011110
0101010110001110100101011000101111111010011110101000001111011110101110101010011010111100011110110011011100010111111100110010101001111110011101111011
1100111100101001001110101011110111111101110111111000111111110010111111000100010101001111001111011110001011001111011110110000000001101100010000100011
0110101110110101011010011011111101101110110001111110001110011111001110000000011100011111101110111011110111111100000110001011111111011101011110011111
1100010011011001111101111001001111101101111110101001011111100110011000001000001010001101100111000111010001100111110001111101010111111011010010110110
1000010010100011111111111101111110111001100101111110101111000011010111101111000101110101011100011010111100100110101001110111111000110110000010010000
1111010011010011000100001011110101100110100111011001111001001111110110111101100000111011001011010110110011111100111001111001110100100010001101101111
0011101101100001011010010010001110111101000011010101111110001011000110011011010011100000110011100110110100001100111111111000100011010111110000100101
1000111110111101111101011110100111011001000001010111011011111000011100001100100101111010111010010110011010101110011000111100101100000111111100001010
0011011110001010011011111110011110110011001111010111000001101111101100011010010110111111110110101011110110000011010011110000101011100010001100111111
1111011011100110001001101110011110001010101011111000110111101101110110100100011111011001010011110011111110111110110110010111101001100011101111001011
0100110111111010001011101101011101011110001011001111111010000001011010110101011011101101011011000101110111101001001110011011011011000011000001010011
0100011011001011001111010101111101101100111111000000010111101010100101101111101011110101001100110100111110011100110110010000111010111010001111111111
0111111110010010011111110010000101011010101011001001000010111101101110111111110001011000101111111111101100010111111010010101011110111000100011010110
1100111011001110010011011010101000101110110111101111000100001111011001100011001011000001000111001000011011001111111101110110000011111011000011011101
1001110111110011011110111110011010111111111011100111010101111101000011010011111001111010010111100111011010111001011110010111011111100111010101001101
1110000101011000110111101100011101111110011001011010111111101001010000110001100111000100011011111011011110000011010101111101100011001111000010100111
1111011100010101010101001111010111101111111000111011011100110111101011010100010111110001101101110111111101111011110111111101011111110110101010111101
1010001110110001010010100001001001100100110110001010100110111101001110100111011010011100110001001110100000000100110101111011011011100000100100011001
1110011101010101110100001100010010110001011111110101100010100111110100101111110001001111010001010100011110011101110011100001110100111101110110111100
1111101011111101101010111111111110000001011111101011101111111111000100011111101111110111100001101011010011011111101111010111111101100000111100110111
0010111111001101111111000100100110110010111110010001100111010010000011011010101100110111111110110010001001001001001000111011010111010011111110110001
1110110101111101001110000011111111110110011001100010111011110111100011110101000101101101110011011110000101110011101110100001100111101100011001110000
0110011000011111001110110101111001101100100101111100001110010101001011111111011010101100110101101010001110110111100011000010100011001100001011000000
1101011100010010111110010000001000110101011010010101011110011100011111000011010001000110101010110001111100001110001110001101011110010011001101101111
1001011110011100111101100001001110101101011001111110111011101001010111111010101110011101011100100001011011101011111011110110111011001111101111101100
1100011110011111111001010110001111011101000010111101110101111101110000011111111111100101111011110001010000100101111101000101111011000101100100110101
1101000111110011010101010101111101001010101110011000101001101100111010110101100001110101110010001110101100101111000110110000001001110111110011001110
1100101011011110100111010111110000010001100010010110001011110110111011111001011101111100011000001001011101011000100110110110011111011110111010000101
1000001001100000101000010111111110001011110001010110010000011111001101000101111111111011110110001110101111001111000001101100101100000111111010010101
1000111001010110100111111111110100110010100100101011111111111001011111110110010010101111110101011101110110110011011010000001000101011001010100100110
1111111111101000000011011010111111001001001010011001010011001110111111100101010101111100110100111001111010111011001111100100101011101001111101000101
1111110111111110111001110010000101011111011010001011100110001111001101011011001011111011100110010100011101101010111011111111111101111101110110111110
0111110010101100001111001101011110100101010011011010111011010010011001111011101000010010010011100100110010101101111101101100111110000000111011110011
1111101011111100110001000001111101001000101100111100001010011110010111111001111010110001010000110111001111000010011001010011110111111000001111111011
1101010111111010101101000111110011101111111010111011010101100100110110010101001000101101010110110000101100001000011011110111001101000001111000000000
0010110111001111011111101111101100011011101000100101011010101101110011101011001110111011010111001101110111010100100101011001111111110111101011111000
0011110110101110000011010111011110011111110001000001010100011010000110100111111110101110001110011011010001001001111111101001111111111110010110110110
0011111101110011011111110110010010111010111001011110101010010101100011110110110011100110110010111101011110100000011011000101111110011110100000100001
1110100110111010100011011100010011111010101011111011111110110001001010110110100001010111110111110111011101000100100010110001000100010010101111101011
0101111011001001001111101101011110110011111010111101011111101110000001110100111100101110011110110110100011001101010111110011110101000101110111000100
1111101110010011101110011100010110101101100110100001011011101101110111100110101111101111111100000110001011110110101110110000100111101110011111110111
1111110110010111011101100101010001011101100100001111110110111101100001101110011110010111000011101110001111110110010101011001110111011010100110110010
1010110011101110001111110100111101110101110111110001001110100101111111111111000100111011111010101011100101001100111011111000000100000011100111000111
1000101111110001011111010111011110000100100111101101111010110011100010010011000101111101010110111101101110010111110100011001001111011010101111010001
0110100000001100110101011111101100010010010101001001101001010111111101101000111101000010111110010110010111111110101100101100010011011110111011111110
1011011101001001101010011001111000001000010100011100101011010111000000010110111111000010111101100101110111010101110101001100111111001000111001001100
1001111010100110101000111100111011000100000111100001011001101101110000000110111111111111111011000101100010111001111110001010100100111101000101111010
1011011100011001010100101000100100110011111001110111010000111001010011111001101110010000111001001000010011001100001111110010111001001011001110011101
1110010110001010100000011000001101010100000001110110110100010010010111010000110010100111110010001110110111010010000001100000110001111111100101010010
1001000111101110100101100001100011101101100100000101100101010011010111001101010000110011001011010100100010110000100000011000001110001001000000010100
1100011111000110010001101010010100000110111111001011011111011110101110000001111000110101111111101010001010111111101010000000010011100110100011010111
1010011111001111101111110100111011101110000110010010111111011001010000010101011111101000100110110110010111101110111000111100001011110100110011100111
1101110110100010110101010100001100011011011011110000111111101101110011100001111000011101011111001110100011101110101001101101000111101100101101111001
1101100110100101110011110111110010111100101011111010010011000110000111011101010011111101011010001111110111011110000010101010100101110101101010010110
1101101110101001001111101111101001101101001011101110111001100010101001010001101010000101010111101000111011111111111110110010011001101011110100101110
1101111010011100101100111100111001011111101010101100110110010110001110111001100101011111111001111110100101101110011011100011110001110100110010110010
0110000001100010111011111001011010000011111011110010011001111011011100101111100101110011111011110111101110111100111011101101111110001100100100010000
0101101101110101100110111111110101001101000101011111000111000110111011100110111001101111011110100001000110101100010000010101111110010101110111011011
0111000011011101001001011101100111111101011110110011000110100110010111001101110100001110010101001001101010101111001011010100101010101011011011101010
1111011010101110110011001111000010111101100001110001011011011111001111110111100000001110100100110100101110100110011011111110010101010001001001101111
1111101011110111111010100011111110111101101111111110101001111100110111000111010110000001110100110111110010001110110001010101111011100011100101111101
0111110011111001110001110110110011110111110011101111100111101101100011110100111111111011110001001101110000001111011111001101000100010100111010001111
1111101101000010100111101110110001001010010010101100110011110111110111111001100110110011100101001111011110011000100100011110001100111100101110111110
0011110100111111010011111110000101000110000110011111110101011100000100110000000110100100011111000111110111011011101111100101111111100111011110010111
1011111010010001101011011110100101011111110111110101001111111111101011011111100110000001000111100001111111010100110001100000100110110010100111110110
0010011110101100011011011010111011101011110110111111101101010010100101001101001011101000010011111100110101111001010011101000011000011011100100111011
1111110001101110011110010101110111110000011000111101111101111110110010111101001011101001001111001110001110100101111110011100010101100101111010110110
1110110111111001110101011010110110001010110110010011011100101110111010110001110000101110110101010101110011101101111111001001101010110011110101101100
1100011000001010111011010101000111101000110111100110111111110000101111001100001000111111000000111101000101101001110111110101110000111100010010011011
0110011000000011011100100101110101000111111000111011011011110011000011110110101101001000110111101110001011101111011001010000110110011101011110001110
1111100110011011100001010001110011110111010000011010000111111100000011111101110001011110011111100010010011101100011011011111011011100101111101000101
1011101100111110101000010111110011000000111110110100101100110100011011111101001011101011011100001101000010101001000001111000010100111111001011100110
1111011010101001110110110101111011000101110110010000000010101101011011011001101101001111110110001111111110000100110101101011101100001111110110111001
1101011001101111010111001001011110011101101011101101101110001110000111101111101011111100100010001001001011100101011101010101101110111011111101101001
0010101010111010110110110110100001110101010110101111100101010101011001010111001101111011111011001010110101100011010110001001110000101110101001010110
