01100001001110110100011110011001000001100010111111001100011010011011101111011100101010101000110011000010010111111000000110101101100101110000101001111011001
10000111010011000100111010101011101100011110011000110000101100001111010111101100000111110000011110110011110000010101011010010011011101011001110011101001001
10000100111000101001101011000101101110000010101100011000110101011100101110100001010000100011011001111011100001001101111011010010100010111010010001111111101
00000000001111010100010011001010011010010110111111000101100111011101000101011001010011110010000110011000100110011000000000111010110011010010101000000010110
00000111010110011001100000010001000001101001110010110110110010101111101011010100011101101001100001010101111001001111111111011101000100001110000110110111100
01101010000001111100010001100000011010111111001101000110111111011111111101111000011001110000011001010011110010110001110100010000110111110101111110010011110
01001100001001110010100010011000000110100100010010000100000000110010101111101101000111011110111000011010101110010111010101011110011000010011101101001001111
11001000001001111011111110101110010111001111011111101010001010011111111110010110110010110010011100001001111010110111001011011001101010100011101011110111001
00100000010001100111110100111110010100101111011000011001011011110000010000001110010000111100110011110100000010011001100010000001101101000110100101010010011
01101000101110001000111101101111110111000110101010011111001110111010110101110111000100000100000111001100000100111110111100000011110011010111111100011000110
10110011010100000101111000000100010111011011100001101101100001100001001111010101100011101010001110001111010011011010111000110101101111010000010101101010011
10011000011000000010010001100100101100011000011100000011110011101011010111011101101001001011110110111001101110111011011011001001111000101011100100101001000
11011000010000111001000100011000010000101010001110111011010000100110110001110001010100111111011010110111111010110001001101011110110010001100000111101101011
01010111100000110000011111000101011001101111011100011100111010010101110100000111001001100100111111110001000000111000000100110110110010000011111100111100100
10100111100011010010100101100001110011110100111111000111011000001110000110001011010000010000000100101000001010001110010111111111000110011111110111111100111
10011111000011101110111011111101001111001001101101100000110010011010100010010000110010100111011111001101010110010010101101100110110000010000001110000010101
00101101010010010100000101101100111011101111001010111000000101101001101010000110010010100110100101110111110000110110111111100111101011011011001110110110100
11010100101000011011011101011101010101001011101101010000011001111110111011011111100011110100000111001010010110110110001000001101000110110110100001101011110
00000011100100110100111010111111011111001001111011011010011001111011101110001011101101001110001001111000011011101111011001010111101011100011010100010001011
00101001101010000100110011111110010011110010010000011110111011111011110101000001111100010001111010110110001100010111100111010010101010101001101000000100100
01101011111000110011011101110110011010010001001001010110110000111100001100011011000000101110111110010001000101111100111101101111101100000001000000001100110
11010101111101010111100010001101111011011010110001001110000111101000110100100000101010001111011011011111010001011111101001100001100100010001100001110110101
11100001011001010110100001101110011100001011100001100111011010001110000101000101100100000010111100000110100110011001010111010011010100111011111000101100111
10000001110011101100100010011111011000110000010111000001111000011001101101110001001001010100100100001011110101111011000101010101011101110111011001110000000
11110011000001010011010101001100000010101110110000001100001000000110010110111100110001000100001100001010110011000010001111001011011101000101010100010111111
00110100010101111101101010010111111101001110111000101101111111011111000001100110000001011011111001000000001111011110111110100100101010000110100001110110011
01000101110100111011101000010011001001101111100010110100001111010001100100110111101010001011110000001000111100111010111001101101010010111010011001101101101
10001010100010010111100101101100010001101110111011110001100011101111011111111010001110001010010000111111010001011000010110001011010011000111011001110101010
11010011110010011111011110010101111000111010010110111110001100110101011110000111111011100110000001101001100000100010101001110111100101001000110110110010111
00100001111101011111111111011000010110101010100011011111100001011010111010011101101000100001011110010101111101100010001000000101011110000000001100111110000
01010001110000000011101101100001110001110001111101001010011010111001000001110110010000010011011010001110010001011101110001011000101101101000111000110110001
11101000010001110110010101101010010010111101101011000011001111011111110110110000011101101010101011001010111101110000100110110110101001011000110001010000000
01100000010100101000010001001010001001010111000101010001011111011010010011110001000011001110100111110100101101111010000101111000111110010101010000100100010
00010101111011101111111101011111000001001010110000111011000010000111110000111111001111010011011110001010011111011110010111101001111110101100101010111000000
01110100000101011010111101101000100101101101101010010000010000101101011101101111001111110010110110000011010001011110111001000010000011111110111100011001111
01100011111100010110001001000100001001010001100001111111100010010011101110001101110010101101111101010000011011001110000111111111101111100000100110110101011
00110111011000111011110010000101000000011011101011110101001010011001011110011010101111101001111111100010011101010100010111101111011010101011110101100100111
10001001011001111111010001110010111100111100001100100100100011111001001110100110110001101010111111101101000011100001101111111101110010101011111001111001110
10001110100011101001000110111111001001011010100011000111011110011110001010100110011011011001110100011000011110101110100101010100101000110111100011001100100
01010100001100100001110100001011100111101001001111101010110000001111110110101111111100101111111100111100000001110001001011100001110001110111110111100111000
01001101101111011110011011111101011011110011001101011100110001111011101100010110110110110111000111011110001001101011101110101010000101010001110101001001110
01010111110001101000000011110001101001000001010110100110010111111111101111001011100100000011101000000001011011101011011111111111001001001110110100100011100
11110101111011001101011011111100110010101001111111001111000011000111111011001010100101100000001001110000010011010101001100110100011001100110000110101010001
00001101101001011110101000100011101110011110010110111011000110001011100001001110001100100011100110001111011101010000011111001110010110000101100100111011101
10111000011000110110011011110111011110100010011001110010011010011000010011111100101100001110100100010100101011000111111001010010011101100111111011110000000
11011011100101100011010111011010010000000111101111100110011101100011100110011101110001110111110000001111000011110001100001011000111010001010101111101010111
11110101110111111110100001010011001011011010110110101010110101001111101000011111110010111001101011101100010111001011110010111101110110110010100011010000100
10110101000111110100000100001010100001011111011001000101111101111101000000111110100000010111010101000000101111011111010101100111100100110101101111011010110
10011011010010101010000100111101001010110111011001110111010010101000100100001111000010100000111111000111001011101000111101111111110001001100000001011110101
10010101001000110110111100010111100110111010110110001011011100111001110001101111010100100011110101100101111111001101010101010101001010111110100111010100101
01001001001010011000001001111000010111010101111010010001101111001011100111010000101101110110011010000111100011111010000101000101111111011111111011111000010
01101000110011001111100000111100111110001001100010100010101000100010101101101010111110111111000111101010001110101010111000000110111100000110101110000110001
10100001111011001011010011001110010100011011001001000100101100001010110100101101000100010111100010010000010110010010001111101110001111010001101101100010110
10011110011001100001111011101100000111101110010110001010111010001111100001111010100100010011100011001110111111000100100111011000000100010111101101010110110
00001101010110100011111000001111010100110111111011010100100111011110001111101110010100001100111001000000110011100001000101110010101101000000110101011110010
00010000111110100000001101010101110110100011000111100000100100100101010110111110010000011001101001001000110100001110010001010100001001111110100001001110000
01111100001101010001100101010100000101011000001100111111001110101100000101110001011110110101110000011110101111101100111011011111110000101100101100001111101
10101100100111110111101101000010101000111100111111000100001000110010111101111011010000001011110110010110000101001110111001010011001010011101010100101000111
11000101110001100111001111101011100010100000110101111100110110110110010000010001110101110110111110111000001010111011011010111111101110100101100110010100010
01110100010000001000010001101001100000100101011101101011101000100111100000001010100100001101110011110110111010111100010100110101110110001010001111011101110
10011101110101010001011001110011110111100111100010100110101000010111110101100001011011110100010110010011001111010111010101110000110101010000001101100001111
00110100101100001111010001110101100001001110011100100010000000111100100110001001110110001100101111010001001110001001001010111010001100101101011001111000100
00001010111110001111110000011010001001001100010111010001111101000011110110010111110011001000010101100001100011100000111110110001110101110101100110101110101
10110111110001010111100101101111100111101100100101000010011011001000010001111010101011100011100011110001010010001111110001001001000100111011110011100010010
11111101010100111111111101010111101011111101101111101110100001010111100011111100000010101110110111101001110100100100100101100001011010100110110111000111110
01111101000011100100101011011001011000110110001100000111101111001001011110010001101100010111011001011111000011101100110100001000110110111011010111001110011
11001111010110110111001011010101110100111111011000111110011110101000101111010010111101001000010110101001111011100110100111011101011000001010011100010000011
11011101001101001011000101111011011111011111011101100101000110101100010001111100100101111010000001110010010100001101110001000100010101011000100111101010100
10101111010011011111010100100101010100011111011011111100010111101010001101100001100001000100110101001100010101010100011110110011101101001001011110101101100
01000101110111000101010010011101111010010010100001001001011010110101001111111000011001101111110010110111100111010010010011001001011011001011111011001110000
10101111001000001110100100011100001111101110001000010010010000000110110111010011101110000111110001111010100010011011101100101001010101110101010011000001101
11110111011101100011111110111001001111011100010010111011110011100110111000100010110000000110100101000001011000010101001110100001000001000101001011100000110
11101011001100111110000010011101100111110110110000100011000001101110011000001000011010000101010100101011000110101111101110000001100110101000110111111011100
11011110011110000101001101010010101000000111100001110110110010011011111000101101110111000011101000011111000000111110110101100110010100001000111100000010001
01100110010010000000010111110011111001110000100101011111110010011001110101011000010101101110000000011010110101111111011111110111010110110001100110111110110
10011101011110010100100110110111110010001000111100100101111000111111011000101111100000100100111011111110000110001110111000000100010101011100101011010110101
11010110100100100110100010010100011110010111111111011111010101011001010011110111001001010001110011001000010111010011101110011101000111111011100010101100010
11001011111101001100001011101110011101111001111111001011000000101001000001011010010111101111101001100101001111011111000011100100010101000110000111110110010
00000001110001101110100001111010011011111111001111010111010100110010001100011101110000100011100111101011100011100011000111100100001110011001011111001110111
00110010011111100111101100101100111100010100011011001000111011100100101001011010101101111001101101111101001110000110000101110010110001111101111111011011000
10000001001100010111011010101100000111011110111100110100001101110111101101010011000101111100001001011001010111111010010010110010111101111001110101110100011
00111101100010111001000010001011000101111000011001010011111011100010010111100110001101110110111001001101010001011001101001001111000100011011100111101000110
10001100000101000011010100111101011010110001100000110000100010010110011010001001010010110101011100100010010000110011000000101010100100111011100010100101011
01001010010010000011001000010001011010011111100001111110101101000111001001100101110011001001101110100010111010011001010111010110010011100011110101010001001
11010011001000011100010000111000111110101000001010010000100011111000001011000100001100001001110111001100101000011010010111111001001111011100011100011010010
01011110001101000110000111001001111011100010010000100000001010110011110001101101110100110010000011000110000011011111010010111010101110110010001001111111101
11111101101011011100100000001101001111011011011011110000101010011001010000110111111001000001001101001011010011111110011110100001100001011010100111110010101
01010111100010100101000101000010011000101000011100111101101010000101000000001001111001001100000100101010110010010110101000111001010101001111000111100000000
10001010101110000010110001110001100111110000101000010011010101101011010000100101100110010111100101100101101111010110000111001101111001111110001011110000011
00000010110011011110110110001000100100011000110100111010101111001100111110110100111000011000101100001101001101110001011000001001101101001010101101100101010
00110011001110011010111001111011111001011101110101111100011000011101011101100110010001001001010011101001010010001010111000111111001011101001000011100011111
00101000000110010001010001100110010110111101011101011101110100010100011011001111001110101010000101001111110111100011011110111111010000101101010000101101010
10001010100101001001101101100001101111110101111011001111111101011000111101011111010110001100010010111010011000011000100110011101010010000011110000110100011
11100111100111010001111001110110011111110000010111100010111110101110111010011000011010000010101100110011001110111100011111111100111110100011010000010010110
01100111001011010011111011000111010111010110001010100011001001000100000001010101111100100100010001111011011010110111111110011011011010101011101010011010001
01010001011101111100101110000100111111111001100111010000011011101010100110000011001110111101010001110100101000101101110001100011000100110011101011000000111
11010000111111010101110000000111111011001001001010111100011111011010010000011010000111000010100000000111101100100100010110001101010110001010111001010101000
10101100110001011110010001001001100111001010001111010111000101111101101100011111110011101011001100100111011011011110110101000111011000001110111111000010110
01100000100111101011000000011000100011010010001001010000001100111011011010010111001100011010111101011111111111101110110011110100111001101110101000111000010
01111110100111001011110000010100100100111010100000001000111111010101011001110001100000000000111100100110011111110010110001010100110011101101110101100111111
00110011011100110110010110111011010001111001011000010101101000001110101011111011110010110111101000100001111001000100100001001100010100001110110100001101111
00001000111010011001011000010110100001011001111011100100110100000100110001010101010011001101000111110011101110011011010010101001001000010001000000111011011
11100110001010001101011110010011011010001001010010110100110110000101011011110010001101110001111011110101111010110001010110010010001111111000110101111111000
01101101001111011000110100011100001001000101010011100000000011111110010111000111110000101111011011101110101011001100011001001111111100100100010011111110100
01111111000110001000001110101101100000000000100101100111100100101010011000100010000110011001000110101111010000111101001000010011101001110011110010001001111
11001101001010011110010110110111011110100111001001001111000100011011100100101000111100110011101001111010101000000100110101111001010011000110101000001111110
00001011000110100011000001100101110110101101100111010100101111000010000100000101000110001100111111111111010010100011010011001101001011011001011110010101110
10010010010100010101101101100101110010100001001101011101110011001001110010111101100000001101010010110100000010111010010110101100101101101011001000010011111
10010111101110110110001011000000010101100110111111111110101111110110011010011111100101111011011001110111001100111010000111001110001110110011010011000111011
10101000001000000010110111010111111111011111111111100110110010100110110000101110110001101101000001111001000000101111111001110101011101000000101100001111100
10000101010111001110100100101101100001111100010010110010101100101110000011100010101000100101011110110010101111001100100000111111100110100100001001011000001
11010111111111011101111101110011111010010011010100101000001110000000111101101100111111111100111001010110100110000011100100100110100001010011001011011101111
10111000111101100010111101110010111100101100001111110001111101010101001011110100110111100010110101100101100111100001100001010110111001000110111001110110001
01101011010000101111110001000010011110100010100101000101110110011111100111110101000001111000011111101001110001100011101111011010100101001000110001001010010
00001011011100111111010111101100111100101100101100111001011010010010011011111111101011111011001001110100001111010100001101110101100010011100111100001111000
01101111100110000011011100000010000001011110111101000010001011010001001110101110011101000101001100000110101001011100101100010010111111010001100100000011110
00101100111000011001110001101011001001101000111010010100110000111111001011011000010000010010101101111000010001111101011001110101000111111000110101110010000
01101110011100101010101001110010011010000101101111010001111110110101110001110000100111100111011111110111011101000000101101000001010010011111111111011100011
01101001011110011110110011101100001001011111100010011000111001100000101110111000010000110111011000000001100001000111110000110010110100000000010010001010011
10001110010011111001101111010001110111101111000111101110000110101110101111101011000110101001111011000010010110010111010000100100100100011000001111111011000
11101001100100101001001011010001010111011101001000001100101001100010110110101110100111101001111010100110001110000100000000000011001111110010100111100011100
00101011000110111011111110101010111111110101110111101111110010011011010001100111010110001000010101111001011011001110110000011010011010000011111001011111100
10010000001001111000110001101001110111011110001110001010001111101000101101100111101011110011010100100100010101110010101100001100001010100110000010001111111
01111111001011100011001100001011100101100110111011000111111111100010100000101001100111010011111000110010110001101111101001000100100001111111111000100101000
10011011000110100100100010110010110111001101011010001100101001010110011000001000011011011111111010001101011110100100000001100111000100111110110101101101000
10001010001011111110100101101101000111100111001111111001101100000011000001111110010100001011110011111001001111111010100100111001000110111010100100001010010
01110010010011111011101010011001001110001101100110011010111001000000100001100001111101000011001101000011100010111101001011001001110000001110011111100111101
11001001111100101110111110111100010111010100001111100000111100111010111110101000010010111111101111000101111001100010110010001110001111110011111110100010011
10110101111111011011110001001011110101110000011110110010101110100100100010000001101001101100010000110001100100111111001100010010010010010101011010101001011
01010110010111010000001110110100110011010011111010110000100110101111011001110101100100011001111011111001010001001001011001000010100001111000011000100000100
01000011101100001011100111000111110110100110110001111011011001001010110000000010100011001110011001100111101111001001000011100001000111111100011001111010011
11001100101000100100111110001110110100001001101100111110001111110101101011111110111011010100010110001011000111100101101110001101001000101011110111100000011
00110101011011101111000001110100111111000001011001101000011100001100010010101010000111000010111010010010011010100011110011100101101000111000100001100110001
11010100111000001010000110011011001100011110100010101011000010100001111100011101100110111110000000110010111101011101100010010001011000110011101101001001011
10100101000100000111001100100010011111110010101101000001101001111100001010101001101101001011011100110011100110100000100010111101011111011101001111101101010
11110110011000111100011100100001101000111000001101101101010010110101001000111011111011101000000100000110101010010011110110011101111011101000100111011010111
01101000000110101001001000101011011011000100010011100001110101010111110011011011111010111111001011111010001100000110110100011110011110110001001010101101110
00001100110010100100000111010000111000110111100111110101111001101000001100010101000010011001000001111001010000101010010000111010101000100011101011100000100
00111011110101101110001101110000001011110110111001110101000100011110010000001100011101111100111111101000110110011000010011111111000101000100010000010111010
01000111010101101011111110010000100011111001100100101100011001110100111100101011111100010011111100010100101110010001010001010001100101101100101111100111101
11010111110101100101011001001011011111111101111101111111101000111001010011111001111100100100101111111010110001001111110011011101000111010101001111000011101
01100100011001100010001110111011101011011100100000100010010001011110111011000011100110000001110011011011101010001110111001011011111100000010000101011111011
10010111010001011001001100110110011001000000110100111100100111000010110101010011000011001100001111100000011101111010010101010011111001101101100001111111100
00001110111111111010000010001100001110011111010101011110111110101111100011100111110110110100000001011010001001000011110110001111000101110001110001010010100
01001101000010111000000000001000010100110010111101110000001100111101111110111111011000111010001101000001101010010000011110100011100100111101100001000100001
11100011101010100100010101110001000011111000111111101111000111011101011110010111110101111110000111010011000010111100110111001010001111110101111110001001110
11101001001111101100011101111110110111010111110000101000010011110001100110101100111001111111100000110111000000001000100110011011111110101101001000010100100
10101101110001101010010111011111011101000001101111100110001101000010000010110101100111101000111010100111001100111000110101000000001000010010011100101000011
11100010011111100100101000100100011001101011010110100011110101100101110010101011010011000001001000101111110001110110011101101100101001111000011001010100110
00101001000011101001111011110110100110110000000011010111101100101100110000111110101001000101100010011011011011011010010001111010000010101011011010101001100
10111101101000011100010011001110000000010111010110011111100000111101010011110111000011100010011001010111010111001111101111100111001010010011111100000000001
11101111000110000110000010110000001101011101000000000000100110001000101010000001001101000111000010011110111111010011000111111010100001101011111001000100111
00111110010001111101111010101000001011101101011111001100110111101001101110110010010001100010010101011001111101010001000011100010010000011101101101101101011
00010110111010100110101011011000101111001000010100101110011110011110000100101110111010001111110101111100111110010101011000100101101101111010010001011001101
11100011101010110010011011101010001110000011010011010000110010100110001001010010101101101010101100011100100110111000011000100011101111010001110010010011110
