000111011111011101111111100101111101111011110111101111110111101101111101011111111111111111111111011110101101100111101111111111101110111111101111111011101101111111
000100110111111111110110001111101111111011111111111111001111111111111110111101111101110111100111101111101111101111111111111111110111011101100011110101101101111011
000110101011111111111111111010001110101111111110011111010111111111111011010111111100011011111011110111011101001111111111111111101011011111101010111011101111111011
111011111011111111111101111101111111110101110111001111101101111111111111111111111101111111111111110111101101011111111001101101001111111101110111101011011110101101
101101111101111101111001010100111111011111111110111111111111011011110101011001101110001111110011101111111111110111101101111110111111111111111111001111011111000011
100110101110111111100110111100011111111101101111100111111110111111101111110001111111111111111011001111111111110011111111111111110101111101111011101111111111001111
011111001111110100111111110101111111111111101101110011110110100110111111110101000111010110111010111111110111110111111111111101011011111111101101111001011110011111
110110001111111111110011101101111111011011111011111111011111110010101111110101101111101011110111111111111111101110111110101111110011111111111011110111111111111110
101111110101101110101111101110101111011111110111001101111111101011110111111111110111111111111110111111111111111111101111111110111111110111110111111111111101111110
110011111011011111111011111111101111111101110110111111111111111111011101100110111111111111111111111011101111111110110111011111111110111100111110111111011111101011
111101110100101111111111110111111011110011011111111110111110111011011111010111111111110111110110111110110111100111111101111111111111111111111100111110110111111101
111110111100101000110100110111111011111111011111010111101011011101111001111011110101111111111111111011011111101111110111111101011111011110111111111100101101111110
011111111011010111111111111111011110110111001111111110110111001011001111011111101111111111111101110011110110110111111111101010011111111111110111111111111111100111
111111110100101111111111110011011101010101011011111110111111111111111111111111101101111110111110111111010111111101111011011111111111111111000010101111100101111011
111111011111010110111111111100111001111101101001011101001111011111111111101111011110111111110111111111111111111111111111111111011111111101111111111101110111100011
111111111110111010010111111001111001110111111110111101111101101011111011011111111111111111111111101111111111111111111111111111111110111111111111111111110111101110
011101011110111101011111010111010011110111110101111101111011101111110111111011111111011101111111010101111101111111011111111111011111100111111111111101111001111111
111111010110110010111110111100111100111101111110111111111101111111111111011111011011011111110101111101111101011111110101111111011111101010111111011111111111111111
111111111111111001011111111100111111111011001111111101010111110111011111011111111110111111111111111111111111100111111010101001110111111111111110001111111111111101
111110110111111111101100001111111110101111101011111101111111011111111111111101101011101111111111101111111111111011001110101111101101111110101111111111111111111111
101110101110111011110111111111111111111111111111111101110111111110111111101111010111110111111110101110101111111111111110111110110100111011111100111111111011111111
111101101011111111111011111010101101111111111100101111111100111110111111111110111111111011011011111111111111111101101111011011111110111111111010111111111110110101
111001111110111111101101010111101011110111111111001111110111110111110111110111111101100111011111111111110101111011101001101111110111111101111111111111100111110110
101110111110111110101110111110101101111111110110111011111111110111101010001111111111101111111011111110110111110111011111111111101111011111111111011101111101111111
101101111111111101101101001101111101101101011111111001101111111110111111110111011100111101111111111111111110001111111111110111111111111111111111100011101111111111
001111100111111111101111001111101111101111111111111011110111111110011010100110110101111111011011111110111110111011111111011111110111111101111111101111111111111111
011101011100101101111101110111101110111111011111111110011101111111111111111011101110111011010111101111111111111010111100111111111111101110111011111111111111111111
110111111111101011111011111010011111101001101111111101101100110110111010111011111011111111111011011111111111010101111111110111001111111111111111011111111011111011
011000001111110010011111011100111111110111101111010111111011111111101111111010111110101111111110011101001111101111111111111110111111111110110111111101111001111011
110100110111110110011010111000111111111111111111111111111011111111011111011010111111101111111110101101101111111111011111111111011111111101111101111111111110011111
110110111111001101111111111011011011111110111101111111000110011111111111111111011111111111000111111101111111011111111011111111111111111110011111111011111101111111
100111110011111111111000100111101011011111101100111111101011001111111011111001111101111111100111101011111111111111111111110011111111110111101101101111111011111111
111111111111111101111111111111110011111111011011101110110111110101111010111101111101111101100111101111011111111110111111101111101111110101111110111111111111111111
111111111100110001111101111111000011111011011111111111111011111110111111111110111111111111111111100111011110011111111111111111111001011111101110111111111101001111
011111111111100010111010011111111101111111111011111101111011010111110111111111111111011110111111110011111111111010111111011101111111101111110101111111101111111101
110111111111011110101111110111111110111111110111111010110111101111100111111111110111111111011111111111111111100101011111110011111101111111011111111111010111111110
111101100111101111111111111111101111011011010111111111110110110111110001100111111111101111111111111101111111101111101111010011111111110011110111111111111110101111
110111111111111111101111001011111111100111011100111111110111111111111111111111111111111101101111111110111110101111111111110011101111111111111111111111111111111011
111011111101001001111101111101111111100111111111111110111011111110101111101111101001111110110111101110111001111111001111111010111111111111011111111111111111111111
001111101101111111011111111011111011011010111111011111111011111101101110011111110111101011101111011101011111110101111111001011111011111111111111111111110111010011
111010111011100110111111011011111111111101101011111111111110111111011111100111111011011111010111101111101101110110110111011111111110111101110111011111111111110111
111111111111111111111111111111011111111010101011000110111110111111111111111110111111111101111111011001111110001110011111101011111011011001101101111111100011111111
111111111100001111011111010111110011001111011011011111111010011101111111111110101011100111101111111111111110111011111111111000111101111111011100010001101111111111
111110011111010111001111111001101111111100101101111111111101011110110110100111111011111111111111101011111110111011111111101111101100111011011111101111111011111111
011011110011111101111110111111111110011111110111111111101111111111110111111011111111111111110101011111111111111111010001100111111110110001111111110110101111111111
111111101111100111101111111111110101111100011001111111110111101111111011011101010111011111010111101110011101101111111010111110110110110111010111001111111011111110
111111011111110101111011111111001111101111101001111101110111111001111011111011011111110101001110111100011111000101111011111111111110101101111111111111111100111110
110101111011111010111010111111101111101111111110111101111110111110111111110110101111111111110111111111111111110111111110101111011111111111100111111111111111101101
110011110110110111111101111101111111111010011111011111110111111111111111111111111111101111011111011111110010011111110011101011111111111101101111011111111111111011
011010110111111111111001111111110111111110111111101100101111111100111111111101111111101011111111111011011111101111111011111011101111101111010110011111001111110110
111110011110111111111111111101111111111110111111110101011110100100111111111110111111111111111110010010011111011101010111111111111111100111011111101111001100111111
111111011111111111111110001111111110111111111111111011111110111011110111111111101111001111111111111110110111111111111110111011011110110111111111111101110111011111
111111110111110001000111011011111101111111111100100100110101110110101111111110111101111111101111101111110100110111011110111010111111111011101111110011111111101111
111111111101001111111111110111110110110110111111101100111000111111111111111101111101101110011111101011111011111111111010111101101110011110001011110111111111011111
100111101111110111011111110111011111111111111111110111010111111111101101111110111101111111011111000111101011110011111110001111111110111110111110110111110111111101
101011111110110111111111011011001111111111110111101111101101111100100001111111111111111111111111100111111111010111111101110011110111111110101110101111111101111101
010111011111011111010101101111010110001111111001011101010110111101011111011111111111011100111011111010111111011111111101110110110111111110111110111111111111100111
111111111110111101111111111100101001110011011111111110111001111011111100110011111101110110111101101111111111111111110111111111101110110111101100111111111010110101
111011111111111010111011110011111111111111101111111100101000110111111011111001111101111111111100111101111100101111111001010111011111100101111111111101111111111101
111110011101111111111011111011011111011100011110110010110100110110111111111011111111111111110011111110111111111111111111111001110111001011101110111101011111111111
111101111110010111101111111111001101111111001111111111111111001111111110011011110111111011011010110111111111111111101111111011011010100010011111111111111111101101
011111010111011001111111111111101110111111111011110111111111000011110111111111111111100001101111010011111111111101011111010110111111111110001111111111011101011111
111111001111111111011100111011110101011111111111110101111100100111111111111111111111111111111111111011110101011111010011011011011111011101111011111111110111111110
111101100101011011111111111111111111111111111101111011111011101011111111110110111111101111111111111011111111111101111111111111101111111111111111000111111111111110
011111111110111111111111111111110111111011011101100111100111111101101111111011111110111111110111101100111001101110111101001110011111111111111111111011111101111111
111111001111111111110011001011111011110111101110100101101110111110111101111111111111111000111111110011111110101101111111110111111011111011001111111110111111111111
111111111001011111011111101110111111111101111111111111110111111111001111001110110011111011111101111101111111111111111001111111111111110111111111110111111111111111
111110101111011111111110111101111110110011111111111101001111111101000111011111111111111111011110110111111010111001111110100111111111111110110011111110100011111111
111101110111111101111101111111111100011111100111111011101111101111100111110111111111011101111011111010111011111101011111111100111011111111101011110110111111111100
110111111110111011111110101011100111011111111001111111101101111111111010011111110010011111111101111111011110111111110011111110111011111011111111111100011111101110
011101111010111111111111111111111111011111111111111111001011111110111101101101111110110101011111111111111001001101111101110111111111101111111111111111011110111101
101111111111111111111110101011110111111011101111111111111011011111111010110010111010101101101111010100101111111111001111111101111011111011111110110111101110110111
010101111101011010011110111110111111111011111011111111110111011111001011000110101101111111011110111101111111101100101111111011111111110100111011111011111110111111
111111111011110111110110101111111111010101101111111111111111111111011101001111101111111110011111111110110100111101111101011111101111111011111111111111111111110011
110110001001111111111101001111111111011101101110111111111011111011110110010110011011111111111111010110110110011111110111111110110110111011110111001111111011011110
111100111110111101111111110000101111111111110101111111111000011101111110111011110111111101111011011011111101111111111110111111101111101011101101110111110011111111
101100001111111111101111111111100111111111111011101110111101111111111101111101111111111111111101110111111101111111111111110101111111111011110110111111011111101111
111111111011111111111011101100111011111110011110110101011111111011011110010110000001111101111010111111111101111010101110111011111110111100101111111111111111011111
111111011111110110110111011111011111111111111001111111111111111111111111110110011111111111011111111111111111111010111111110111111111111011011111110111111111001111
111101001111001111101111110111111111110111011110111011111111111111111111001110101011110110011111111111110001111011111101011111011011111111111011101111111111111110
111111010110111111110111101111111110111011111011111111111111011111011011111010110101101111101111101101111110010111111101011111110110111110101101111111111101111110
111111111111111110101111111011111111110101001111111111111111111111011010110110101001111111111111111011111111111111111101111111111110110011111100111110111100101111
100011111110101111111101001111100111110111111111111100011001111111111111011110110001111111000101101011111111111111100101010011101001111110100111111111110111111101
110101111111110111011111010101111111111111111111111111111111111101111000111111111110110111111011111110110101011011111111111011011111011111001111000011111011111101
110101011111111100111111111111111101111101111011111011110111111111110011111111111111011011111111111110111001011101111111111111110011100111110111111111111111011111
111101101111111111101100111100111111011011011111001010111111101011111110111111110111100101111011111001111101111110010101111111111111000111011101110111011110010111
101111011101111111110101111111111111111111011101111111111011101111111101111111101110100101111110111111001011101101110110011111111011111111101101111111110111111100
110111101111111111111011110111111111111011111111101111111111001110011111111111111111011010010111111111101011010111111111110101111111101111111110111111111111111011
111111111111111101111111011111110111101110111101111111110111101110110100111010111111100101111111011101111011010111111101101111111011011111101110101011111111111111
111111011111101111111111111111111101110111111111111110110011111110111111101111101111111010111111111110011111011111111111100101101111111111011111110111111011111011
111111111111111111111001100111011110111101111001011110011111011111101101001111001101111011001100010111111111111101011110101101111011111111101111111101111111111111
101111111111111111111111111111000111101011011101111101111111101111111110111111110101111111001111111111111111011111110111111101111110000101110111111111011101011111
101101101101110110111111110111000111110101110010111111111110111101111111111111111101111011110111100001111010111111101111011111111111111111111111111111011100111111
110100011111111111111010101011111111111111111111111111110110011111110111111010111110101111111011101111101011111110111110000110011111111111011111110111011111111011
111111111111011110111111111111111111111111110111111111111001111111011011111101111101111111011101110111011111111101001000110111111111111111101111111111111111111110
111111010101101111110111111100111111111111111101110111111101011111101111011110111111110111011110110111111111111011011101111110111111110011101111111011011111111111
011110111111111101111111111001111111111010110111010111011111101111111110110011111111111101011111011111110110111011011011111111011111111111111111111110111111110111
101100111111111011100111110110100011110101101011111100001011111101111111111111110101111111110011101011101111110111101111111110011111111111101111111111011111011110
110011111111011101111111111111111001111111111111110111001111001110101110110101111111111111010100110111110101110011111001111101111011100111010111111111100011011110
111111111010011111111111111111101101111110101111100110110111100010110111111011111001101111110111101011111001110110111111111110001111101011111111111111011111101111
111111111111111100111111111100011111011010111101111111111101111101011110011111110111101101110111111101110111111111111111110111101011111111111111111110101111000110
011111111101111111110110101111111111100111111001110011110110111101110110100111111110011110111111111110111111001111111100110111111110111111111111101111011111111101
110111111110101111111111111101110011111011111001100111111111111111111011111111111111110110111101111111011110111101001111101110001011110111110011111111111111001101
001011111011111111110111111100111111111101111111111111011111111111111110111111111111110011111011101111101011011001101111100111111111111111101011111111111111101110
111111011101001111111100111111111111111111111111011001111111110111111111100111101110111111111111010101110111100101111000111101001011011110101111111101011111111101
111111111111111111111111111111111111110111111111011110011111111101100101111111101111010001110011111011101011111111111010111111011110101111111110111111111111111110
010011111111111100111101111111111111110101111011111101111101110101111101101000101110001111111111110011111100111111110011111111011011110100110111111111110011011100
111111111111011111111111001111111011101110001111011101111101111110101011100111110111111111110111011111011100110111111011101111111100110111111111111111111111111111
110011111111111110111111011011011011111110111101010111100111110111111101110111110110011000101111111110101111011110101111111011110111111111101011011100111111011111
000111101100111111011111011101111110001110111001101111111101111100111101011111111111110111111111111110110111101101010101101011101101111110111111111110111111111110
011100011101011111011110111011111110111001111100111101001111111111111111111111110111111001111111100011110110110111110111010011111101111110111110111111111011111111
111110111111111111101101100111111101111111001111111111011111111111101111111110001110111111111110010111101111111010111111111111111110110010111111111111111101111101
111111111111101111111011111011111110111011111101110111111111101010100101001111111111010111011101111111000111101101111011111111111111111111111111111111111010111111
111111101011111111111111110111110101111100111111111111111111111101111111011110011111101111111011111011111111011010011111110111111111110111111110101111111110011111
111111111111111101101110111110111110110110110111110101111111100111110110111111111111101111011100011111011111101110010110111111001111011101111111101101110111110011
011101110111111111101001111111111111010111111111111111111111011111111110011110111101111111110101101111001111011111101110111111011011111011110111101100111110010011
111111111010111110111111111111111111111101110111010111111011110111111011110111111101100111101111111111111101100111010111101110110111101011111001111101111110111011
111011111111101111011101111111011111111111110001001110111101110111011011111111111111111111111101010111110000111101111011100111101111101011111111111111101011111110
111001111101111110111101110111111111111111110111111111100101111101011101101111100001101101111100110110110111101111111101001111111111110101111010111111110011111001
111111101111111111000111110111111111111111111010111000011111111111101111111010111111110111011001111110110011111111001110111101101111111111011111111111111111111111
111111111011101111111011101111111101011001111111111111011101100101111111101111100101110111110011111111111111110111111101001111111110111111101011111111101011011111
111011101111011111001101111111110111111010100110011111011111111101101111111111111111111100011011111111001110101111110001000111101110011111111101001111110110011111
111111111111111111111111011011101110001111110111111111100101101110101101111101011101111010111001111100101111110110111011100011110111011111110111111111011111101011
111111111111011111011011111111101110000010011111001001101110010111111111011110111100111111111111111111111111000111111111110001011111111110011110110101111111111111
111011011110111111011111111111111101111111011111111110111110111111110110111101111111111010001111110111110111111111111110111000101010100111101010110100111111111110
111101110111011111110111111101111111110111011011111101110111101101110011110111111111111111111010101011011111111111110111111100111111111011111100111111111100110111
111011011110010100111111111010111111111111111110111011111101010101111111111111101110111111111011001011010001111111001111111011011101111001111101111111111010111110
010011111111111111101110111011110111101111101111101110111011111011111111101011111101111110111111111001010111101111011010101101101110101111111001111100111110111111
101110101111111111010101101111111111111111111011111111100110111111111111110111110111011111111111111111111111011111110111110111110101011100111111111100111010011011
110111001111111111111111111111111011111010111111111111111111011110110010111111101101010101011111110101010101111111101111111101111011111111111011111111101111110111
111110111111111111100111111111111010111111001111111111111111111111111111111111111101111111111111111111111110100111111111111111010101111111111100111100110111111111
011111111011111011110011111111111111111101100001111010011011011111111111110110110011111111101111111110111010111011111111001101101110011001111111011111110111111011
100111111110111111111110111111111011111110111111111110111110110111111111111111111110101101101111111111110111111111011111100111110110011101111110101011011111111111
111111111111111100111111110111111101111111111101100111111100011111111101111011111111001011101111110011111011111111110011111101101111101011111111111110111111111110
111111110111111101111111111111100111011111110011110011111001011111011111011111111011001111101110110111011100111010111101111101111111110110011111110111011111001111
111111111111111110110111111111111111011110100111111101111110011110111010100001011011111111111110111011111111111011100011111110011110101011110101110111011101011111
101010111011110111111101101110110111111100110101011111111101110111111111011110111111111111101111111111111101111111011101111111010110011101111101111111111110001111
111111111010111110101111110101011111111111111111111110000111001111101111011110110101111111111111111111110101100011111111111011110111110110111111110111101001111011
111111111111101111111111111111011110110111001011100110111111001110111111111111011110101110111011110111111111111111111110111011111111110111011011110011111101111101
000111011111101111101111111111101011111110111110011100101010101110110111111010110100110101011100101111100111011111111111011101111111111111101111111110110111110110
101011110111001111111111111101111101011101111010101111111111111111101111110101111101011111101111110111011101111111101111110111111111111011110111111111111101111111
100110101111101111111011110111111111111111111111111110111111110111100111011111101111111111111111111111001111011111110101011101101011111111011011111100111110111111
111111011101111111110111111110101101111110011111111111111011111111111111111011110011100111111111111111111111111111110111101110001101111001111101010111110111111101
110111111001101111010011111111110011111111011111101111000010111111111110111101111011111001111111111111111011110110111101111000111101011111111110110111001110111011
111101111111111110011110111011111111111101011011001111111111111011111111110111111110111111111111111111111111011111111111101111111110111111111101011101111110010011
111000111111101111011111001111101111111111101011110111101111111011111111110111101110111101111111111110111111111110001111101111111111011111111111101111010111111111
101111101111111111111111011111111111111111010111111100011111111011010110111011011110101110111011111111111111111111111111111001111111110010011100110110011101011111
010011011111111111111111011111011111111111011111111101111111111101111111011111111110111101111110111111111111111111111111111111111111011111011111111011111111111101
101111011110110101111110111101111111111111011111111011111100111111111011111111111111111111011111111111110111011111000111111001100101111111111011011101101111111101
111111111100111111111111111111111111111111110111111111111111111110100011111111111011111111111111011101111111001111101111111101100101101111101011110110111001111111
111001011011111111111111111111111110111111111111100111111110101111111001111101111111101111100010101010110111111111111111110111111111010011111110100111011101111111
000111111110101111111101011111111101111110010111100111111111111111101110111111111111111111111111110101111111111111111011011111111011111110111110111101101111111110
111111111101100011111101111111111110111010111111111011011111110111101111111011111101110111111111110111111101111111011101101111111100111111101101101111110110111111
111111111111111101110111111001101111111110101011111111111011111111101111110011111110111110111111110111111101110101111001011111010111111110111111111110111001111101
001111110110101101111110111101011011111111111101110111101111101101111111111111110011111111100111111111111111111011111111111110111111111010010111110110011000011111
111011011111111111111011111110111111011111111101110111111011111111111100011111111011101111110111111111111111111100100111101110000111111101111010011111110100111011
111100011111111111111111111110111011111011111111111010111111101111111111110110011111001111101111100101011101011110101111001111110111110001111111010111111101011110
111000111011010011111111111111111011011111111110111101110111011111111011111101011011111111111111111001001111111111111111110111111111110101111111111111111111101111
111101111111010111111001111111111111111001111111101111110011111111111110101111111111101111111111011101111111111111001111111110111011111111101111011111111111110111
100101111011100111111111111001111111101011111111011111111111111111111111101111111111111010111011111111111111111111000101110111110110111110111110011111111110111011
111011111101111111011011111111111101111111111110111111001001011111110101111111111100110111111111111110010101111011111101111111111111111111011101111001111011111101
111111100110111011111101111111111110111111111001101111111111110011110011110111100111110111111101100101101001101111111011111101011111101111101111111111101111011110
