000110100010001111011110001000001010101101101001001001101110111011010010100011000000001000111000000000111111000001110111111110101110111001011110011100000010011101111100010001110100101000
001101000101010101010100100110101110110101100101001110101101101101110011001100000110100001011111010011110011110011100010100010100110001111001011011101001100011001110111111000110101011100
010110111101110111110010000011011000001101010110101110111111111101100011110111011011011101101101011000001101100010100100111100001011000001011101101011011001010000110011110110100111010111
111010010110010111001001101011000011110111010000011110111111111001111111011001101011101111110011110111110011110000100001010011000110101110000111101111101100101100011111011001111010000100
101101100011100100101111101010011001111110100001101000011010101001010010100101011100001001110011000100111111111010100010011111000010011100000010001001101001011111000000110011110001010100
010010111111011110011101101111111111001011101011111000111101110111000001010100101110001010110101011101100111100010010000111100001101011001100111010111000110100111110010111010010010011111
101011001101001001101111111111001001010010110010001001101010111110111011011000011111000100110100101011011110110011101110001111011101101100111011110110010001000111100011111010110100101011
001101000000101111111110101001111110111000011111111011111111111011110100110110111110110101110111111001001011100011100111101001101011011000001110011100100100011001001010111010100001010000
001001100110011000110111101100100010111001011110000101011111101011100111110111101010100000100001000101111100111001011111101000010000110111110010001110101101101111011010011111000100010111
011101101010011110111101010001010010101110101101101010001001101001110101111010000011101110110101100011110011101011100110101010110001110101100010100111000110011100000000101000101010100110
100111001101110101110001111101000011001101110111011110011001010110000101111001000101110110111000010011001001000110111000011000111001011101101001001110111111101100111111100101010000010010
011011100010001101100000001000011111011001101011101000001111110010011111011111111110100111111100101011110100101010001010001111011101101101111011110111011010110011000111001110111111011000
001010010010011101000001011100111110001111110110010101101010100111010000111101110111110011011101111111010010111000001001111110100011110010101110101100101000111100100001111010010111101100
011101001110100110011010010100111010101110111011011111001010011001111100011010000100110001011110000110101101000000011000110101101101100000111001001101011101000101001111011011111010001011
100001111101100010000101101000011001001110111100001110100111110111101111111001000001010100001010110111011000010101010110101101101111100010110000010011001100011110000111111110101100010100
111111010111110010011100111101110011101001000000000101011011101110110100011010100011011110110000001001101010111100101110111010110111001100001001001101011001001110110001101111011011000111
101101010100011101011100010110011100010101000111110010010001011101111111011011111010101101010101110101111000111010110110110010110001100011011001111111111101110001110010001111110110111111
111100110011100010110000010101110100110101000100001101111000110100011001111000011011010010111010110010000010101101011100011100110101110011101110110011011011110010111111010010110000011100
001010111111000001010000001111001011100001110101011111111101110011011101010000001101000010001000011011111011111001101110101111010010011010010101111010110001001101100011000101111100100100
111001011110010111101110001110010100010101100011000001111111011011111010010000001010110110101100111011101100101001100011111110000001010000111000100100001011001011010001111000101011100100
100111110100010110010110000110100110111110111111100001110101010110101010110111010011011110100110000101010001110011011011010110011110101001110001111101001111011101010000011101101000111011
110011111100001110011000110000100011101100110000111101111111111110111100001110101000110010101100001011101101101110000111100111010101010111111110110110110101001101010111111100001001101011
101010111000010000011000110111101111000101000110101101001000110100110111001110000010111101010101010000110000110001000101000111101110011011001111011101110101010110000001010000000011111011
000111101110101000000000101110110110011001110011010111010010101111000001101111011100110100111000111011110110100110000001000011101011101111011101010101000101010111101010000001011000100000
010111111010001100000111010101110111110101111111011110000101001110010110110100111111011111100110000111101100011110100010111000001110001111110100010010100100111101000100010111101110011001
000000100110110111000110101101010011111101011111010010100110100100000101111011011011011110100111100111111000110011111100111111101011100100111100100010111010010110110111010011011010001000
100111111011101100110001010101110010110111100011111001111100011100110101111100110101111011101101111011100100111000000111010011011101010110100001001000111100010001000011000011111101000110
010001101010110111111011111001110101111110101111111111100000010000001101001011111010111101011011110100011100011111001111000101110100110101001111001110010100101101001111010101101011000101
011111100000000010111011000000110011100111101111000111100000011011000010010101111000111100111010100110011001101100100101001011111111000100111010001100100011011111000111010001001111010110
001101110110000101100010111100001010111010010001010101101000110110110111001100101101110101010010011101011111011010010110100100011111000001010110010101111010100101100001111000010101111000
010001011000110101001111101110000001100111111001001000001000111010000101100110111101000001000110001010001001010000001011011100110001110010110101110101110101011011101111011001100110100101
001011010101111111010001111110000001001111010100001111110110011011110111100010111101101011111011100010100111011111111000011011011111010101101101010110010111001100001111001101100110101011
111011110001111010100010000001000101011110011110100111101001100111011101100010010101011111010000010010000000110000000100000010111001111001100011001001010010101101111000000000000000011001
010001010001100011011011100100001001001101010100000101100111110011000110011010100001101101001100101111011001011000101110101000000101101111011001100011101111101010001011110011011001101100
110101011111110100101111111011000001100111111101101000110010101011111010110011111101111110101101111100110100010110000111100010111001100101111111101110111011010100100101000111110001100001
000111100011001100100110110110111110010110001000001001011110111110010001100111100110100111101001010001110111101101111001111111100000101000100110110010000110000101110101011001101111111010
110110011100010101101100111111100010011110010110101001110001100011111010101000101011000000111110101110000111001001111110001010101010001111110101110010010110010100111011110101001011110011
010110111001000011011001111101001001100011110100101101111101111110011111011011110011010110111001000000000011110100110010000111101001011010110011010111010010011101010011011011011011100111
101011011111111100001101010101011100100101000111101010001111001100010000101001110010011110100100001110011110100110110100001000111101100010111011001100101101000110010111110111010101011100
111110000110111011011110111110111111101010110010101100011010010011100000101100110111010100111001001011011001010100011010110100000010101111000111100111010111101110110010111001101000010010
000111100100111000001000001111111011110101110111010111110010110101001101110111111100001011000111111110101101111111110110001001110101000111101110010111011000011111101101110101101111111101
111101001011100111110011111010110110011010000101001101101100010011111000010000111100111111011101110111100011010110000011010110111010011011100101111000111101001111101010100000101100111000
110011100111111000111101101110100010010110000111111101011000101110001010101000110000011011001011011010000111101111011001101100110111101110111110111010100100111000001011101001111101111110
001100111010111000101101110001111110110110001100101010101100110101100011011100011000111100000110111111010111101100110011111011001001101110101000111010000000111010110000011000010110011000
100001011101011000001000110110101011000000010011101001000110001111100011011101110010000001100010101110110011101001001000110110010100000110101000110010100101011111101101111010001111111111
011000011110101011101010110110011110111011110011110001110110100100011010001111110110110010000110101000111101000011111110111101101011010100110110100010001001000111100110101011101101100011
001001111011110010011011111110001000101110101100111101111110011101111010101011111100101000110011110010100110100101001110111111000101011111010011011110100101001110010100111000111110100110
110011010111010010111001111111100010001011101100110011100000111101000011011010100100011110011011001010000100111010011111010000001101111011111000000111100000110111010001111110000000001110
001011010101000010001110001100001010111100111111001010001100011010110011011001110000110110101111100100101111100100111100111101111110110001001001101010110100000100100100001001011100001010
000101010010110010100101111101000000000010100111001100110011010101001001111011111111010000011001100110001100111011010111011001101101010010001101100111001110100101001011101000111010110001
111111110111011001100110101100110011111101111010110001001001001111100001101001101111001011001111101111011101001101110111100010101100110111110001000111101101101110101111011100101111110001
011100001010111101100111100111011100010111100010010010011111111001110110001101001100000111111111011000100100111100101011101101111111100111001110101101111111101100011110001111100001101110
011100010110011010100001110110011000001010010001100100101011110000101001111110101100001001110000101001111011001011111101010011111101010111110001111111011001100111001111101001101110111110
100000111000110101111111001111011101110011101111001000011101011100001101000001000010111001110101101001111011000101111010000101011100011011111001100010011111101110000100000110111010110010
111101110000101001111100011111011110110011010111010010000111111110111101101110110101111011111100010101100111000011110101100100001001100001110010100101110000100111101110111101111010111011
001111011010000111111101001000010011110110100110010101000001110001111111101100100001101111101111110110111001011111011011111000011110100001110001101101011101101111110010110100111111111101
111111111111110101110110001001101001011101110010101111000100100101110101101111101011010100101111011110001011110110101001111010110011100010111000101010001100111011110001110001001011101111
111101011001001000111100111000010101011001011110100101101011111101101001111011111110000101110100111101111110011000111111100110101011011111111011101001110011100000101101110110000110011110
101110111001111100010101010000010111001110001110010110100101111110111101111101000011101001000110111101110110110111111101100001101111101101011011111111010110101100000101111100101100010110
011101011111001110111100100000001100111000000000011111110110110011101001101000010111010001100001111000100011110000000111010001001101101001101010110111001100101100110001000000011110010011
111111111101101101100111010001101111110010110101000110111111000111111111000010100010111110100010111011001100011101011011100101010101000101010100110110001101111001101010011101100011110010
101101110011011011111110001111110101010111010011110111110111000101011111111001000110111011101011110101001101000010010010111111101100111010110101011111101011111001011011011001111111101010
111110111100010110010101101010110011011000101011101101100110000110011000100101110100111011101001110100011010111100111100001001011101010110010110110110010100010100111010000000000011001111
011001100010101111001111111001001001011010111111011001101110111000011100011111111000111111110010111011000110100110001010010111001101110111110000001010111111100011011011111111110100101110
100001111011101100111101100011111111110101101000101000100011101001110101000010101100010000010010010001001010011111100101010100111110101101111101101100000000010110110001011111001101110111
111111011100111010110001000010011110100111011011011100011101110010111011100010001010110000101011011010011100111100011011111101010101000110011101100101000010010001010111100101101011001111
011100111100011110011110001001010010100101011010101110111111100011000110010001110110011010001000110010010111111110110111010000111010011110101000111110100101100111110000000100011111101011
110110110101110111110110101001011011111001000110100100111010111111000111101011110011110101101100010011001001100001010101010101111010010110011011111001100101101110010111011001110000110001
000100100001011011111100000100001010110011100110010011110111111101000100001010111111100111100110011100110010110110111001001001110111011011111101100110111010111000101101101101101010101101
000100011111011110100110111101111100010010000000000101111010110110111011001010101110111011011111111111010111111101101100001100010110101001111010000001111011101100101101110011100011010111
111110101001001010011010100011010110110000111111100100010000110001110101111000000010100101100000110111101100000011110111111010101011111111010011100100111001111111100101111000100110010000
011101101111001011100011011101111001010010011001111011111111110011010110110010110000110101001111000111111001011111000100111011001110111111101110010110110101010110111001011111010000110011
101010011110101001001001111000111011101110100010011010111111011001010011000101111100111101111001001110101111101011110001010111000010110101100010011011101011001101000000011111111101001011
001101111111111111111000111010000110010011011001110010000110010100100011000000000111001000010000010110110001011111110111011100111001010111010110101100100011011011011011001111001111101000
010100100111111111000111011101000100111100111111111110111111010100011110000110101000111111111100010011011100011011100010011010100101110110100111000010100100110111101011111100111001101110
011011011001100000001111101011100001000110011100000110111010001100000000101011010111100001011001011111100101001111011111101100010011111110111101001110111010101010010011001111101111001111
101000011101010110001111010100111111010010000111010010101100100111011101001100011000111011101101110001001111011111111010101110011010001110111010000111000001111101110001010010000111001111
101110001011101010001001010110000011011010001110111101001110011100110000100100010101011000110001100110010110110110110000110100001000111110111011000101110010100100011100111100101101101110
000101011001100110000100101111110111111111101111111010111100101110111101101000001101100011111000011011101001110001000111011111011100111110111101100010100001000011001101011110111000011010
001010110001100011001001111110111010011111111110110000100101001100111001100111000110011111000011100010010011110111011101111111000011101110001111101100111110110101100100111010000000011111
001111111001000011110101110111110010100011010010011110001100000111001100101010100111110010001110110111111101011001101011101101101000010001011010011011000111000001101110010010001000011100
010011110011110000100001101001111011000111000111011110100101011010101100110101111001001110000010010111100101101100111100111001011010111111010111110110001001111110111011111100011100000000
011101111101100111011010110100000001111100001100011001001111110001111110010100011001101101011100001011000100101011100001110010001011111111100011101100001101000101011111000001101100111100
001100100110101101101000111001111110110100000000011000111011000000011000010101101110001100100110011010101111001000110110111111110110111001011011100011111110010001010100101110110010010100
010100011111110010010111001111010111000001010110100001110010111101011111101110101010001000101101100001001111111011011011111100111101011101110011111110110001010011010001011101011011110101
001000010010111101011111111111001010011101110101110001101001111111110101101011011000001101100110100111010011011011001001110011000011101111100011011001011011111011010011101111000110010001
101111000100000110001010111110011110001011110011001011110010111100100100111011010111110101000001110011111010011101110111001111100111110101111111100110010111011111110100000101100011101101
001100110111001110011011110111001111011101010001100100011100100100011011101000010111011010111100111110110010011110111001111000001100111011110010111000010101111000101010110001111011101010
000101000111100101111100111000011011011011100101101100110000111100101100001010111100000100011000010010101100110011111101111001100100110101100100100111111110001010001110101110110101111011
011110010001110010000010101101111101000011101000001111110111011100011111101110110010011000111101011010000001010101000100110000001101111000111100001100110101101101100000010001010110011000
101111111111000101011101111010010011111100001010100111111101111101011010101011100001110101011100100110001001001110111100001101110011001001101101000100000111001110001011001111110111101111
110111110111110111000011000111011000110101000011010111100100000110000100111101100010000111101101000101011001011110011100010000100010000000100111010111011010000100110010100010010011001110
111000000011111001110101001110010111110101100001111100111000011001110101101110101010100111110000110110110110100110000001011001111110100111011101001010111000101011101011010111101101111111
011001110101110010011110111000100110101011010100101101111110000000011101001010001011110101110011101101010010001101010101110000011100100000011111000000101101100101011011011011111001011111
010110010000011001001000110111110000100010111111101100011010110111001101000000011101010000000100010101111001011011001100011001010101101011011100111110110000100101100011011101111101010110
011111011100100010000010011100010011010111100011111101011001011001000101100111010000101001010100101000101000011111110101101010111001100011001000010100111001101000011101100001100101000000
000100110101101011010001011110010110100011011110111011010111111100100110000011011000111100101101010111111100111001111101111111010011010011010110110110000101100111101011100010001101110111
011101010010101011110011001101001011000011110010000100111111111111111110011110101101001111001010100110001111100010110111110101001011000010001010111000011000001111011101011010010111111101
001001110001100100110101001001100110101110111101001111001111100101001100100100100011000101000101000110110100110011101101011011110110011111111011001111111011011011101111110010111110111111
000111001000111010001000110111000110101011011000111000111110011000001111110101001100010100111110111001010111000011000001110111111001110111010000110111101101110111001100111101010110111000
010100100111111001110101111010111100101111111011011000011000100101110111111101111111011111101000111001101111001100100110000000011110010110111111101111010100111101100010001001011110111110
010101111111101110111101111001000101000101010000001011100110110110010111001110101110111000010110100110100111101011110010000111111010101111001100101000011111101001010001110100111110111011
110111001101010110110111111000010011000011001110100111110111000000001011110100101101001110001011101011000001100000110100011000010110011101100011101010111011011001101000000111000011001010
110110101101101010101011010111000111001100011100001011010110001001101101011001011000011100011110101100000001111101101100001100010001110110101110001001110111100001101111111010101010011111
101010111010011110110100110111100100001110000100111011011100111011010011101010101001101010110011110010000111111101001101100000100110101001101111010110101011100001010101011110110001110001
101011101001010000010101101101010011101010110111111100100110110101100110101111001111100010001000111111001011010101101011110110110000101011110101100111110011001100100001011101010110010110
110111110100100101100001000001010001111001111010100011101111001110101100100011010001111100001100010111001100101000011110010101110011011011010110111111011110011111101010111111011001010111
111111010110010000101100000011110101110111111100101011111001010000110101110110111101110001110010010111111100111011111101110101011011110101001101011010011010010011000000100101111001010101
011111111101100111111111011010001001011010111011110100001011001101111100100001110110100010001000111001111011010010111011010100011010111111110100001100110011101100100110111101001110100011
010110101000101110101010111101111110010111000001010100011111101011101101011011111000111111010011101000011101101110111010100111100001001001110110111100001001000111101010001001111010000111
000010001101100111110100101111010101100010111001011110010100101011100101111110001111111100110111100011011011010001011011000010101001100001111101011111110010111010100101001000111111100001
000000000010001101000101100110010011011111110010101101011010101111101101010111010100001101111101000010011100010000000011100101000010011110100001111001111100011111100100110100010000010101
011011110111000010001101110101010010001011100101010010111010010110101011111111010010110110111011011101000001110001100011010010111001001111001100111000001100000111110100100111110111100001
110000111100001001111010010100010001100010101110011011110010100010010111111110111010111011000111101101011101001010100000010000100000110010110000100011010111101100001101011000100110011111
111110110110000110110000110010010101111010010100101111101110001010101110111011001111001110100001111011110101110011010101100101101011000001011101011110110000000011001010100111011001110111
100001001010011011001000010001010001111110110101111011110110111001111010110111010101101110110101110001100011111000100000100100010011011010111101110011110111010001010010101000100010101000
000000101011110101101000010100110101100100101111100111011110101101001100000110011100110110110010101000011111111000000110110110001010011011100100111100011111011101011110011010100000011000
101000111100001111100110011111001110101010000111111010100111001010110111010100110101001011110111111010111011000000101011011110010110011001110110100110100111111010000111100011100011010111
110010111101001110111100101101100110110111010111011101010101110101100010011110101001101000000000010011000110111110001101111011110100011101001000110010111011000010100010110010111111001101
100100011000100000011111001110100011000001110001011110111111100011111010110100111010111110001101111100001101101110100110000101001101111001001110101101100110110100101110110101001101000111
111001011100111110110100110001000111000100111110101100111110110001000011000111011111110111000101110100001101010100111010011011101101111010111111001110111000010111110010000101011001011100
101111000010110111011000111000110001000101011111110010011001010111110011111001110111110111011110111100100111100011001110100000101010011100001110110111101001110000010011101111100101000111
101011111111101101110000110010110101101010110110110100011000011001001111011110111101101110101011101000110000000000000110100011101011111110100010011010101111010000011111111010000111010001
101011100001111001111110010101100001010101101110100101100100110111010100110111111001101000100000110101010111110100111101000001111101111011110001010001001100010110110000011101010110011110
110110100101100110111111011010011011110001011010001010001100010100000011101010110011011000000001101101000100011010001110101000100011111001011010001010010111010001010110111101100101011010
000110110001011000100111011110010001010010010110110111000011111101011001100000111101011010101010111101000011010100100011101100110011011111101101011001101101001000001100001111000010110111
110000010110111111000011010110101011111011100100111110001110010010111010011000001001101010111001001101001110011011100010111111000111000100011111110101000111010111011001111111010101101001
000000101111000111101100001111111010001011101000100111011000101011111100010110100101100000101111101111110111100010010110000101001111001101011101110111101100101101110010100111000001000110
101001110011011000001011111011011010111001010101111111110111011110110011010011101110100101001101010111000001101010101001111100010001110001001010000100100101011111101111111111100101111011
110101100001011101001110101111010100001010101011111111010011111111001101001000100001101111001110001010101000000000000111100100110011000101010100010111100111000111011111010110011110111001
111110010000101100101011110011010000100101100100100100011110000010111111100110010111011000111000111011101011100100111100011011110100111011000110110111110100001110010010110100101011110110
001001110111111111010101011011111110011010110111010110101111101101001010011100010010111001100011110100010011011010110001101111111100100001000010000000000011111111000000110001101000011110
100100101101111011001001010100101111001100110001101100111011010110000111101101110111011111001111000101011101101001000001101110001011011100001000100001001011111110011001001110000011111011
100011011110100001110110001100111000010001000111111011000100011100111011111101101111101111000000101110110011100101011111111111001010101000011101001111001011011011111101101011101101001000
110111110011000100101011100000001101110101110011000001000111010010101111000111110111110101100010001001101110110110011111111111010010110111010110101111101100101100100100101100011001011001
010110101111000100000101111110010110100110111110001110000110101111110011111111110110111010001000001111110001100110000010011001110100101011001011000000111010110101100000110000001001000111
010100001000101011100111101000100100111111111011011111001100011101111011011111110110010100001011111111010110100111011000101101000010001101110111101100100111011001001011101010100110101010
111001001111000011001111100101011110100111000011101111110111100110001111110000001111111110101011101101101111111010101111000111011111001110000100100011111110101101000010110010100111101101
000001101111111001011100111010111011111011111101001011111101010110101101101111100010111111110000001010111100111101011100101101000000000010000001110000011100100100111010110000110100001011
101000101001011010111101110011100110111000100111001011111110111111011110010111101101101101001110101110000110111001110100100110110100011010001010110111110101000101110100110011110110101100
111000110011110111010111010110010110001010111001110101001111000011111101000111111001001001101111011011011001001010110011110011111000110100010001110111010011010111101100111100000100101001
101101010000100001100111110101110011100111100100010100000000111011001001011100110100001011111110100011011111111010111101110001110110011011000001011110100010110101101011011011110001100011
110111111101100001000110000111001011011110100110000100100111001000010111111011011111111100010100111010111010010000000101111010101011001110010001100101101111101110110110000011101100001010
011101100011010110101011001100111110111101000010111011010110010011011010001101110111111000111100001010101101001100110000100101110000010110101110101011101110011110000110011100111110110000
001100100101100011111100010000100111100101111100110111111111101011111010010000110111101110000010110111100110010111011111010000110010101011111011000111101110101011110011010011101011110010
110001110001001011101111100001110001110011111010000010000011111000110001100000001100110100010011110100001011011110111010011101110110000000111100001101001101100001011011001000001110010100
111110011010110110101010001110001010001001110010100110011110010110110000110100011010110101001010011011110011111110101001101011000000011010000101010101000001110110110101001001111101100010
110101111111110110011111000111110010011110000011011110110011111011101011010111010110101011110011101110001110111000101101110000111110011010011110111011001111000110011000000001110010101001
001101101111001011100100110100010111110110111111111011001011111100101001101110101101101010011010101110101111001001110110111010010110011001011101100101111001011000011010110000100010110111
011111000101011111001011000001101100010110000001011110110111010001010100100011001001010010010000001110010110001101010001010101110110111001011011111110100000111001101000100110110100110110
000110011010100010100110111011100110001001101011101100100100010100111111111101110001100011001111001100111100101100110111111001011110001111010111100011000111111100000101010110010000100000
001000100011010111100110011101111010110111000000100111110110001100001111000101010001111111011011011011110111101101111010100010000010000101111000000010000011010010011001111100000011111110
011110001011111111011000011001000110001011000100011111011001110100001110100100010111010010011101011101101011010110001010111101010000111101100011110110000001111110110011100001111110110101
010101011110011010001111101100110101101101101010111101011011101100110001001000011011001111100100100111010010000111011101001111111110001011110011110100100011101111110000101101110110000001
100001000111000001011000010011011111110100000000010101000110010101001100110101011001011010110000001001111111101001011111001010100101110111001111100100110100101010110000101000110110000000
001010101010010111111111000010110110001101001110001111010100110100110111110010101110111101100101101101111100110001011110011011101101110010011010011110111100001101110110100111101001110111
000101001011100011000000100101001100000100110001011111111111110100111110001111010100010101001111100111011000101001000101010000010001101101100110111001101110010001000010110111011111011100
111010010101101011001011111010100010110010111001000000001000111011001011011010010101111100000000001110100011001100011101111110101001110110001101001011111000100000110110110000100101001011
110110011110101100111100100110111100010111111010001101011011110000011110110110000100011111101001011011100110101101001100000001011011111011000011100011101111000010111011001111100110111010
100111101110111100101111110111011011111111001111111111110011001010110111101011010110001001110110110110000110110111001001100100111111101101111111001100101101000010110000011001001000110100
000011101001001101010011010010100100001111011111001011111000000110110011011100100100111010101000111100000011011110100110100100101111110000001011101100011110001101010001100100000001011101
110011111001010010111101101111101001010011001101010010111000110101100010111010111011111001001110111111111011010110111000100010111101010111011100110001000101100010110111010110100110010100
111001100010100111100001010001101011100111011100101000111101101010101111001010011100001101011010101010110110111110000011100100011000011100111110101001001111011101010101111110011100100111
111101001010000111011100010000001001111100010011000100011001011111110001010111000111111000010101010001001000000010011000111110110110110000110010111110011111011111101011100111001001000001
100100011010010001000001000100111100100011101000011110100100111100001101011001101110000110101101111100110010010001101001001001101100110010101100010111010000001000010010000101001110101111
110100000011011001000100110110110011001010001110101111100110000001011110000001111011001010000001011100011000101111001101001011001100011000011011001000100001010001100010111101111001111110
011101111011011011100101011110110100111101100100011110110000111101010000011100001110010110111110101010010010110000111111111010011110000011100111110010001001111001011100001101111111010010
011100100011111101110110011111110111111010101001011010001111010111011111011110100110110000101111111001011100001001000100011000101100110010000100111000111000001011110000110011100100111011
011011110110101100010100000001000100101111101111010010111110000101001110001001010101010110010001101101010011100110110111011010111011011111111000000011011111110010110101011110101101111011
111111111000111001011110110111100101111110011011001000111110110110010111101011111100100101001110011101011110100101001011001110101111000101111101100010110000110101100101101111011111001001
010101111101111110011100000001110001010100111111111110100010110110011011111101110101110010100110010110011110111001011000011111101000111010001101011000010110001100100110110010110001110101
001000001011001110101100100100010010101010000001001101110110100111101001111101100101111010101010000101101111100110100001110111111110101000001001000001110101101011111110110010010100111100
001011111001111111000000111000000110011000001101000101000100000110000101110110111001010010111100111000111010000010101110011001111100110011010110100001100001101001110001111101011110111110
100110001010010110101001111110110111111110100100100110101000110111011101110100000010111101101111000110100111110010100101110111111001010000010110101100001101101100011111010010000001110110
111110110101011011111000101100110011000111100110011111110010110101011110101101100011001110101111001001011001011011011110010010001011010011110111101111001111011001000111101000001101001100
110111100011110111100001011001000110011000110010110001110001010100110001101000100101100111110110011111001111011110100010100100100100001000110101001101101110100000100110011110000011000010
000100000101011100111101111110000101110111101110111011111011010011101000111101101110100100001110101011010011111000100011100000000111011100000011111000001001100100111110110010100011000100
111000101001101010100000101011110001001011111110101010010111010110100010110111000110010011101011111111000100101011000011011110101100010011111011011001001110111001101011110110100011101010
001101000101110110010010110110110001110010011010011011111101111001101110010110000001111101110000011111110100111011010110001101000110100011010001110110011110101001001010010010011100000011
011010010001100100010110001111000111111010101100001100011000111011100100111111000000101110111111110000101011001010100111111010111010111101000100101000010001110010010110111001111100110101
100000100100100010111111000001110111110011101110011111111000110110111001011001000010101110101000111111001000101010110000000001101110100011011101101111111001001100101101101111000101001101
011011011011001011001010100011001001101111111000011011110111100010010111000000111011110011001110111111011111000101101100101111001111101000000001110011011001101111000111101111000001001110
110001100001110011001110110001011101001011111001100110111100011101101000111111111010001111111100011111110000000001011010100110101101111011111010000100010000111010001101110110100100110011
011111001100101111110000001110100100011010101011000110011110001111001100001111011011101000111110111010010111010101100111110101010011000101010000010011011001100111101100001111101001110000
001001101110010110001110001010010001110100101111100111101111111111100101101111110000000110111110101011110110110001100101010111011011100110100110101011010001011000101111100011010110011000
001001101000010110001110100100111010110010001100011000111001001011111101100110010000111010101100111001011011111111100111011001101100101101101100000110001101010010111001111000000011101000
