01110010110110001100100111000100001101010101100111000101001111110101101100100110
10101011101011100011011100011010111011111110010111010111001011111000101100001001
11001000011011110001100010111000001010111110001101110011010010011110100100100001
10001000110101111101101010000110111011100010000010101100001011110111011010101110
01110011100101110001001100101001010100011010101111000000000001101101100110010101
00000011010000011110100110010010111111111010001010111100111000100110111100101111
11001100110110010110100001000001001000100011111001010111100101110001111010000010
01001100000001111100110110111000111011111110011010111011001101010001100010100001
11011010001110011101101001110101001011000100110100011110101010000110000111110000
10110110000110100000110110011110111110101101101000000101000101110001111010010111
01100000100001011100000110011100100111100010010110100010100100111101111000001010
10011010110000011101010111100100001101100011100101110100110011010001000010011110
11100010110000100101110010110001110111101110000111100010000010100110011110110001
01111001001000111111000111100010000100111111000110100001001100001110101100010001
01111001010011010001100000110001101001110000001111001010000000001011111000110010
00111111101101100011011000000000000001111011111001000001111111010101011100000110
10010101101101000111111000100001001011101010110000010110000111111010101010010101
10010111101111001010010000011101100110000110110110100111100001110001011111111011
01000110000001011101011011011010111101011101110110010011111010011110000111011101
01111000100111111010111001010010010011000111010110111011010111111011100000100100
10110111110010101001001111011101001111000011110001100100111010110101100010111110
01000001010110011111001010110001111011000010000111001000110100100000010011010100
01011000100000011011110100100000100110111001101111101111100110010010100011011010
11001101011101000000101001110111000110010001111111110010011110100100000111010111
10110101011111000010110001010011011011111111110110110111010100110010011101011110
10000010100101000011100110110010100010001110111111101101111011000010110111011010
00101001100111101000011101011010010000000101000101000001100010001011001101010001
01100101111010100111110111100001100011101100111101010111111000000000001100000010
01101001011000000110100000100000110010001000010011100100001101001011101011101000
10010000111100000100100100000010101001111100100011101101010011011110011010011001
01010100010001000011000111100100000101111100100111110101011100110001000000001001
00001010100010101100110110010000111011100010011010000010000100100011000000001111
01010101011010100110011001011101010110100010000101011010111110000001101101101100
01011101010010000011010010101001101110000011111000010100000111011111010010000010
11110111110100101010110010000101010110000010111100001011110100111010110011000101
10001100011111000110101100000010111001010001011101010110101111111110111000010000
01110101111010001101111111011001111000100111100101011111110110111000000101011011
11010101101110111011110010010111000100010000101001011101111110100010111001010010
01110111011111111000001010010111100010010011000000000111111000110010000100001101
11101101000001110010001110000110000101101011101001011110111011011011001111010000
01101101010011011010001011011110000000010011000101001101110111011011001110101010
11100001110011000111000011110110000010000001001110110101100010101010001010000010
01111111001111011101110011000001111010111000000010101011000011000001010001011011
10000010010101010011101110100000010110111100110100101101000010110111111100111111
10001010110100011110101111010110011011010001011100010110010110101101011000111101
01000011101000011111100111011001011100000001101000011000010011110100000111111100
00101111010000110000001101010001011101010100110011100010001010010011110100101000
11101000101111100111011111110010101110001101100010111001100011011111010001111000
11011101001011100111011111001111000000000110001101111000011001010111100011011111
11101010000110110000111101111110100111011000001010000011010110110011000000000101
00110101001111000101101111001110000000000111001110010111100101100111101110110110
01100111100100001011000110010010110111010100110110101001100000100010011110111001
00010101100000100001011001000100101011011011010110010110000100100010101100111010
11010110110100001100101011011110010111111101100000101000101111001101010000100011
01100011101010101111001110010001101110110010101001101001100110101001001000010101
11100011010001010111001011110110001011101111000101110010000011110111010000100011
00000110101100010110111001110000101111111100000100110110001010011000101111100010
00100100000100010011110111010110101011111000110011000000000010001000111111110000
11010101100001010010100101011010100101110000001010000100100001010100101110010101
10000011011001011001011110001011111111001000100001101110000010110100000011111101
11110000100110011011101101100100110111011111111101000111110101000000010110000100
11011011010100011101000001001100010100011010010110100101001010101100001111000011
11011110011010001101110110000011001111100101110001111011000101001101011001011010
11110011011100011111101010000110011110111001011111000001101100001111111110011100
01101000001001101011000000101100011110011100100100000110110001110100100110010111
10111100101011010010100100000100010100000001110110100101001101111010111110111000
00110100100011101011001011101101011101111101001111111001000000010100010100100100
10011011011100110101100000101011110000011011101111100111000000110000101101100110
11101111011001101001101001001000101101000001001010101000111000011101011000101110
00010110011010110100010011000100011101000011101100010101010010110110101000100100
11010110011011111100000010111100100101011101100000111010111001110101110101001000
11101100100011010110000111110000100010111001011000111000111011011111001001000010
00011011110110001110111101001100011000011100010010110000111111011100000001101110
00000000100000000110011111101000101011010010010110000000110101100001001110101010
10110101100010100101100000001000100000001001111100111101110100000111110011011100
00001000110111101110111111100100000111010011110110111010011100111100000000101011
01010100001100000110101011001111100010101011111110011000000100110100101011110001
10011100010100011011110110000001101000100001110011100010001110011011110010100010
10010110011100110100101111010001010011001111000010101101100001101001100111010100
01101101010011001110000100100111001010100011100011010111001101001000000000011000
