0111111110111111111111111111101100111101100101111110111111101110101101111111111111111111111111101111110110111011111111111
1011111111111110111111110111111011011111111011111110111011110111111011111000111111111111010111110111111111111111111111101
1101111111111111110011111111101110010111000111111110110111111101110011111111101111111001111111011111101111011011111110110
1110111111110110111000111101111111101101000110111111111011111101100001111111011101110110101111111111111111111111011111111
1111011001101111111110111111110111100111111011011111101011110011111101111111101111111111111110111110011111111110111111111
1111101111110111111110011111111111111110111111101011111110111011111111111111111011111011011110010111111111011000111101111
1111110110111111111111110111111111011111100111101111101111111101111111110111101111111111111111111110111101111111011101111
1111011010110111111111111111110111100111101111110111111111111011111100111111111110001110101111111111101010111111111111110
1111011100101111010111011111111111111001111011101111111001111111101111101111111111111110111101111110111111111111101101101
0111110000101101001011110101111111111110111111111111111111111101111111111111111101111111111111111111111111011111110111111
1111111111010111011101111011111111111011111100011110111101101100111111101111111111111111111111101111111111111111111011110
1111011100100011110111110110011111111111111011111111100011100111111111110110010011111111101101111101110111111111101111111
1110101011000011111111111111011111011111111101111011111110111011111111111111111111111010101101111111011111111111111111001
1111111111100011111110111111111111111111111111111111111111111011111111111011111111010111111111110101010101111111110101111
1111111110111101111110111111100111111111111111111111011111001111110111101110101111110111110101111101111111011111100011010
1010111111111110011111111101111111011111111110011111111111111110110110111011111110110011101111111111111111111111111111111
1111111100011110011111111111111000111110110110011111101111111111101111101110110111011101001111111111101111110111111111111
1111111110111111101101111111011111111011111111111111101111111111011110111111011111111110111111110111111111111101110111011
1101111101101111110111111111101111011100011111101101111111101011111101111111111111011111111111111010110111111111011111111
1100111110111111111011111001101111110110111111101101101011001011000011101001101111111111111001111111111111001111010110111
1110111111011111101100111111110111110111111111111111110111101111101101011111111011101111011001011111110111110111111111110
1110001111111001111100111101101111111111111111111101101110011111111111111101111111111111111110111101001111011111110111111
1111101101111111111111011110110111111111011111111111101110101011110111110111111111110100111111010111111111111011111111010
1111111111111111111111101100110111101011101110111111111111111011111101101111111111111011110111111110111111111001101111011
1011110110101111111111110111101111111111111011110111101101111011101111010111101111110111111011111011111000111011010111111
1111111111011111111011111011111111111101101111111111111101111111011100111111001011111101001101010111011111110101110110111
1110111110111110111010101101111101011010111110111011111111111010101111101111111111111111101101111111101111111111111111111
1111111111101111111111001110101110111111111111110111111110110111111111111111111111101111101011111111101111110111111011111
1111111111100111101111111111011111111110110111101011101111110111111111110010110111111111111101101110011111111111110111111
0101111111111101110010110110100010111111111111101111101111111111111110111101011100111111111101011111110111111111011111111
1111011011111101111101001111100010111001111111011011011011111111111111011111110111110111111110111111101111110011101111110
1011111111111111011111111111100011111111111110110011110111111111111111111110111110111110011111111111111101111011111111011
0111111111111111011111111101111101111111111100111111101101011111111111111110011111101111111111101111111110111111011111111
0101111111111111011111111110100110111001111111111110111111111101111110010101111111111111111111101111000111101111111110110
1001110111110110110111111101111111011101111111101111011111111101111111111111100101111111011101110110111111111111111011111
1110011011111111111111101111111111101011111111100011111110111011101111110111111001101111111111111111111111110110101111111
1101011011111111111001111111111111110011111111111111111101111111011110111111111101011111011111111111111101111110111110111
1111111101011111101111101101110110100011111101111111101110111111111111111111111111101011011110011101111011111111111010111
0110111101111111110111111011110110011101111111100111111111100111011111001011111111111110111110111111111101011011111101111
1111101110111111010011111101011111111110111110011111111101111011111111111011110111111111101111111110011011110101101111111
1100111111111111110111011111111111111111011111111111111111111101111111111111101111111010111111111111111111101111110110011
0100110011111111111111101011111111111111101111001111111111011110011111111110111111101110111111101101101010111111101111111
0100110111111111011111111111011111111111110111111111111011111111001011100111111010001111101111110111111110111101111001111
1011011101101111111111110111111111111111111011111010111111111111111111111110010011111111101101010111101110111111111111011
0111111111010111111111111111111101111011111101111001111011111101101101011111101111111001101111111111011011011111111011011
1110111111011110011111101101111001111110111110111111111010010111111111111110111011110011101111111111111111110111111011011
1111011111011110011111111111110111111110101111011111111101111111111111111111111111111111000111101111011110011011010111111
1111100101111111110011111111001111001101101111101101111110111111111111111111111101111111111111111111110111111111111110111
1111111011111111111111110110111011101101111111110111111111111111111111111101111010111011111111111111111111110111111110111
1111101111110111111111111101010011101111111001111011110111100111110110111100111011101111111111111011110111011101111111111
1111111111111111110010111111111111111111111101101101111101110111111111111111111111011111111111001111110011111111110011110
0001111111011111111111111111111110111111111011111110111110111011110101011111111110101111111111110111101111110111110111101
1111111111111101111111111111110111011111111111111111011111110101111111100011011110101110111110101101111111101111111111111
1111010111101111001010010111001101111011111111111111100111110111011111111111011111110011111111101111111011111111100101010
1101111111101111111101111111111011111111111111111011100011101010111111111111111111111111100100111110111111110101110001111
1010011101101111111011111111110111111111110100111111110010011111011111101111111111111111110111101111111111111110110111111
1111111101011111111111110011111101110110111111011101111101011010111010111111011111111111111111111110111111111110111011111
1111101111110111111110011110111111101011111110101110111010111111111111111111111111110111111111001111111111111111111110111
1111111111111101111010111111111101111111101110111111111001011111011111111111111101101111110011111111111101011111111111111
0111111111001101110001011111111111111101111111111011110111101111011111110111110110111011111111111111110111111111110111001
1011011111101111111111111110011111111101111110111001001111110111110111111111111011111111111111101111010101111111011111101
1111001011110011110011000101111111101110111111111110110101111011111011110111110111011011011111100111111111111111100111110
1100110110011111111111111111111110011111011101111111011111111100111110011111111111111101111011101111011011101101101111101
0111111111011110111111111101111111111111101111111111110101111100011111111111111111111111111110111111110111011111111011111
1111111111111111101011111011111111110101100111111111101011001110011011111111111111111110101100100111110111111111111111110
0110111101111111011001110101111111101111110101111111111111111111101111111111101111111111111111011111111111111101011111011
1100111111111100111011011111111111111111111111111010111111110111110110001011111111111111111011110111111111110111111111111
1000111111111111111011111111111111111111110111111111111101111011011011111111110111111111111111111111111011110111111111110
0110011011111111110101101011111111111111111101111110111111111111111100111111011101011110101001111111011100101011111111111
1111111011111110101111111011101110110111111111111011111101111101110100111111011011111111111111011111111110101111101001111
1111111111111111111101110111110110111101111101111110111111111101110111011111111110111111110011111111110111111001111111111
1111111101011101011011101101111111111101110111111111011011111111110111101111111111101111001010111111101110111111011111011
1111110111101111111111010111011110101111110111111111011111101011111111110111101111111111101111101111100101111111011101011
1011111111111010111011111111011111111100111111111111011111111111110111111011111111110111101111110100111010111111111111100
1011111111111111111010111111101110111111111111110011111111111111111111111101101111100011100111101111101111001111111111110
1011111111101101011111111111011001111111101010111011111111111111111111111110111111111111111111111110111111111111111011111
1110111111101111101111111011101101111111111011111111001101111111111100111111011111110101110111111001111111101111010100111
1101010111111101111011110011111111011111011101111111111111111111101111110101100101011111000011111111111101111111010111101
1111111111101111011111111111010111011110111011111111111111101011111011111111100111111101111111111011101111111111111111110
1111101111101111111101111011111111101111110010110011111111110111111110111111111011111100101010111111111111111011111111111
1110111110111111111111111111101111000111111111101111111111011111111101111111101101111101111111111111011111111111011011111
1111111011111110111111111111101011111111110111110110011111101111111111011111111110011101111111111111111111101111111110111
1111111011111011010111111111111111110111110111111101111111111011111101111111101110011111111110111111111101111100011111111
1111111011111111111101111110111101101011100111111010011111011111111111101101111111101111111111110111110111111111110111111
1110111111111000111111010111110111111111111110111111101110111111111111111001011111110111111011111111111111111111001111111
1101101111110110111111101111111111111011011100110111101111101011111111111101111111111000111111111101110111011011111011101
1101111111111111011111011011111111111111111101111111111111111101111111111111010000111001010101101111000011110111111111110
1110111001110111101111011111111011111101001111111111011111111111011101111111111011111010111111111111110111111110110111111
1011101111111111011101111011111011010011111111011111111111111011111111101111101111111101010111111111111110111111010111111
1110111011100110011111111000111111111110110000011111110111111111011101100001101011111111101111101010010111101111110111011
1011111111111101111111101111111111111111111111011111110011011111111111011101001111111101010111111001111111011111110111011
1111111111111111111001110110111111111111111111111111111111011101110101001111101011110111111011111011111111010110101111111
1111111101100101111001111001001111011111111011111111110111111111011101111111111111111101111101111111101110111011111101111
1111001111111111111110111111110111111001111111111111010111111110011111101111111011011111111110111101111111111111111011111
1101101111111111111101011011101111111011111011111101111110111111101110111111111111111111111111010111110011111111111111101
0111111111011111111111111111011100111111101111011101001010110001011111110101111111111101101111101111111111111111110111101
1011101111111011101111011011111111011111110011111110111111111011010111111011111111101111111111010111111111101110111111111
1111111111111111110111110111111111111111111111111011111111111111111111111111010111111111100011111011111111111111111111101
1111111111101001111110111111111111111011101111111111011111111111111111111011011111111011110110111101111011111111110111011
1111010101111111110111101111011111011110111111111111110101111111111111111010111111111111101111111110100110011111110100111
1111011111110011111110111011011110111110111101011111111111110101111101111111111101111101101111111111011111111111011111111
1101111011111111011110111100110110111111101011111110111111111111111111100101110111111101111101111110101111111111111111111
0111111111101011110101111111101110111111111111101001111111100110011111010111111111101000101111011110110111111111010111111
1111111011111111111111110111111111111010101101111101101111111101111011111011111111111101111111011101111011011111101101111
1111110111111011111111110111111011110101111111111111111111010111111101110111101111011111111111111111111101101011101111011
0111111011111111111111110111111101111111100011011111111111111111111100101011111111111111011101111110111110111111011111110
1101101110111101111010111111111111111101111101011011111111011110111111111101111111111011110011111110111011011111111111011
1111111111111111111011111111111110111111011111111111011111111101111100111101011110111111101111110111111101101111101111111
1111111111111111011101111010110111101110111110110110110111111111110011111111111111111101111011111111111111110111101110110
0101101111111111111111000111110011111101111111011111111111111111111101011111111011111011111101111111111101111011111011110
1111101111111111101111101011111111111110110111111011110111111101101111011111111111011111111111111111111111111101011111111
1111001111111111111111111111111111100111111111111111111001111111111111111111111111011110111011110111111111111110101110101
1110110111111111110011110111101101111111111111011111111111110111101111100111001101010111011111111111010110111101010010111
1111111101101101111111101111110111101110101111111111101111111001111110111111111111110111111011111111111001100110101111111
1111111110111001101010110011011111111111011111011100100011101011111111111111001111101110000111101100110111111111010111111
1111111111011101111111111110111111011011110100111101110101111110111110111110111101111011111110111111111111111011011011110
1111100101111011111111111111111111111101110111111111100111111111111110110111011111111111111101111110111011111111111101111
1101111111111111111011111011111110110011011111100111111110111111111111111111011110111111111111111110111111110110011110101
1111111111110101101111001111111011111111011000111111101111101111101111100111111111111111100111111101111101011111111111011
1011111101110111111111111111111111111111111111111110111111100101111111111011101111111011111111001011111111111110111110101
1101111011011101111101011111110110111111111111111101101111111011011011111001110111111101111111111111111110110011111011110
