0101001111110110010111111000011110110101001011010101110011001010101111101101111011111110010011011011100101111110100111010011100111010010111111001011011001111011011000100101010
1010010100110010011110101100101101011111101110010101100010001011001001000111101100101101100111010100001001010001011011101010101100101110111011010000100110100001111010011011011
0100101011101101111011000011101101111111110101010111010101011010101101101011011011111001011110101111110100010011110100001111111111011010111111010010111000111001011010000101011
1000100101101000010001011011000010101111010111010111111111001100101101111101010101101111111010011111100110001111111001100111101011110010001110111010101100011111011100010010010
0011011110010011110101001001001011110011001011101010111001001101011110110010010111011111001100101100101111110110111101110010000101001101000111011001110111100101110011011101111
0100100011000101100000110001101010110111110100111101110111110111101010110111001101111100111010001000010011100110101110100111101110101101010101110000110001111000001110011101111
1010100100111010000010111001110011010010001111011101000111110001001110111011110101001000001101100101101111000110011011010011111111011001111101101000010111001100000111101110100
1101101011100111110111001101101111100101000100101100001010011011110111111111101000000111101101101111100111011010001111111111110111111100101100111011101010110010111111011001111
1010110101010101011110101110001110001011011111011010111100111111101111000101110100101010101101100111100000111000010100010010110101001000100110010100000111000010100011110010110
1011010110101110001111001011110010110101010001011100111101100011111111111000011001001100001001010001001001100100111111010001111111111000111100011111111110111011011111001000000
1111001101011101010000100101001000101111111111111110000101100111111101001011110101101111010111111010101110010111011110110011011111111110111011110001101100011100101110011001000
1100101010100101011000010111111001100011011111101110111101100101011111000101100100111001001111110101101101011101111101010011101110110100011110110111111000101101110001001001110
0011001001100110111001100010011110001101001011001111111001101101111101011111011111011100001011001011110111100001110101100101100111001101001101101101111101111111111111110000110
1010010111111001010111100011111101010011010011110111111011101100110010111111110101010111010101110100100011101001110111010011101111101110010101111011101101110011110010110111101
1100101101001000111110010011010111011011011010010011100001101111100011010111100110101110101000001110101110110000000011111010110000111101110000101000001000010110101101100011110
0010110110110100111100010010110001101111101111001100111011111100001011110000011010010010000111100111101110101101010010001000011100101111111111010001010100101110100110101010101
0010110100001011001011001011010110000111110001111110011101111111000010111100010111111001001011000000101110001111101111100100101010111110011011001110011001111011011001110010011
1111100110111111001010001011101100101110101100000111101010010101000110101011001111001001001100110101110110111001111111111111101110011010111001011011111111001000111101111001111
0110000011011011110101101111110101110110110101010011110001010100011111001011111100010111101111101110011111000100010011001010011001110111010110111100000001111001110001101010001
1100100111000111001011011100000101001011100010011011000010000111100110111011101100000010010010111011110011110001011010010011000100011101010101111001010101110100000101101011101
1110001111000110110101110111011110101101011100101011010111011100000111101001111110111011110110101111100101111010111110110110010111101011100011010010000110010011011110111101111
1011100101001100101110111000110101111111110111101110110010011101001001000111111001011101011110010010101110110110100111010100111010101111110111000111000111110110010111011100101
1100011010101100001011001111101011011110000010111100100000110000010101100111101010001011011100001001111101110111011011110110101111101010000110000001110011110010010010100110110
1001011000010011000111001010111101010111010011111110010010010011010110011011111101100100111110011100111101010101111110000110011000001111001011111110011001111111111111010010111
1101101111000000111101110000011110000001001110011010100100011101101101111000111111000111101100010110001111011010101101111100110000100011111111001010111001111001011001101001110
0100000110110000001110100010011000111000100010011101011110001011011111001101111110101111001110101111011101111000100111101110011101111001110111001111100001111101111101101100011
0011000011011111111010110101010110011010010101111100100010110101111110111101011000001111011110111110110010101101001000010000110110100011011001101110101101110110101000110111111
0011111101110110111010100010101111001011101010110110111001111110110001001110111100111011110100110001001101011111101100100011011110011001111100001010100101111101111011111011101
0110011101010101011001110001000101001101101011101011110101110111000111010101101110111111101100101100011111001101111111000111101011110010000100111100010000010011110011111010111
1000001001011111101011011110001010111010011110011101110001100001010111100111010111110011010010010011001110100000100000110111100100001010110111101100111101101100011011000101011
1110110110111100010010111101010001110011010110101101001010111101110011101100000011101001110011011010001100001011110011010100101101110111101010010011100011110011111110100010101
1110000110001110111111011011100011111111000000101100111110011111000111111111111010000011101000101110101010011111001111100111000111001010110111111110000010100111000001100100111
1001111111001010100010101011010100110110101111111110100101111100010000111011010110111011101101100000011011010011111010111110011001111101001101101111110111000101111011101101010
0110101100010111001101110001101100111011100101110001101111110001101101111111100110111010010101110111111000011101001011100011000011101110111101111101111100110101101001101001000
1011110101110001011011000100011111000101000100111101110101101101001100001011000110101011010101111101101011001010101001000110111001010100111111001101100111100011101101001010010
1110111001000110001001110110011111000110011111100000101011001111111110111110111010001111100100110100111100010111110000111101001111101011111110101110010011111110010011111101011
0111000010101011010111100111110101000000101110111111000111110011111101010101000110011010010111101111001100110100001110100101111100010001101100100100111111011100111000100111110
1111010101101001111011110000100110110000111011101110110010001001010111010010110010000111101111101011111111111001011011100011110110101101111110000001101010011000100100000010111
0111111010110111111101110011011111010000110110111110100000001000111110010101011011011001010111001111100010100011010000001001101010101010110000111010001101000010010100001010111
1111110111111111100111011001101101100000110101001011110000110011001010111011111100111011111110110101010101100100010111111101011110001010111101111110011111000110101101001010001
0110010000100001111101000101100011001111011110001010110011111100111110101011110110001111010000111111111001011011101110101001111101011111011100111101001101011101111000110011011
0011010011110110101011010010011000010111101110000101001110001000100000011001000100100100011111111001010101110101011011100011110000110010001110010100101010011011000010110111111
1100101010111011010010001001110010011100110001111111011000001100000111111011111100111010100001011101011010110000011110110010010111100110010111110010111000101100011010111011100
0111011110110001011011001010011011111011110001000100010010011110010111001111110111101101001101101011111111000110011010101000001010011011111010100111111111011011011110111101100
1101101010111111000101111101111010011110110001111101111011101011110101111100001101000100001100000111101110110101010111110111100011111001111010010001111101011111100010110111100
1011101011111101101001010010100011010101001110000000011101101101011001001011010001111100101110010111010101110101111100011101110011011111111111001011011100110110010001110011101
0000110100110100100011110011101111111110001010011011001110011010111011110110111010010100010011100011001100010100010110100111011011110101000010011111001101001101110011110111011
1111011011100110101100111111010011101010001010100011000111111111001101000100010111010111111001101101110111101101100111111010111110111101110001010111000110111100100101011110111
0000111111111001100111111110111110101111101010100101011101110111010000001001101111111110111001110000000000010100101101111110011100111011011111011111101011011010011101100010011
1111011101111101110001110111011110101110011110001000000111011100010111101011101011110111001110011110001110011101011101111011110111011001001001100001111101011001100111100111100
0011100010111110111111011001100010001111101000110000100001011010110011100111001011111011010110101111010001001001110000000110001110011111111110011111010101011110010011010110111
1111011000001110011110000100111001101001011010111000111001001001110010111110011011011111110100010010100101011100000110111111011111000110111100101101010100101001101101110100101
1101110011011111011001101011110111110111100010000011010110001011010100111000010110011011000110001101110011101011111101111110011010001010101100111011011110110011001101001010010
1011110011011101101011010101110100100101101111001001101111111000111011101000010111111111111000001110110100011110111011101010010111101111011100111010011111111111010110100101111
0001100111011101110000000101001101010000011011101001010000110001011111111011101100101111100100001110100011100000111001111111000010110101110110100011111101011011100101011101100
0011011011110000100010001100100111101000010001111100110011101101110110101010101000101011000101010110111111000110110111001100100010011001000110001011001111111010011101110011001
1101011100000101010111010110001101011100110110110100110101000111010101101111101100111010001011011111011110001101110011101010101100001111001110110001011101101000111101010001100
1011111001111111101010000001110011111000100011011111010110010010100000011110001111010101101111010101101100010111011011111101100011010110100100111111110111100100100111011111101
0000011011111111100000100011111011101001100011011000011100011111011101110110101011010101010110011111100111111011101101111111100111101110001101011010000110110000111100101111000
0010011110000001111011111011101111001001100100111110011001101111011110011101111110001000110111010011110111111010101111011110101110100111110111001111111101100100011011111101101
1111100110001111100011001101001110110110111111110111110100110001100111110011001110111101100111000101001111101111100101111110001111010100110100111101101011011110101011110001111
0001110010111111111111001011101110110000101101011100000110110001010011100111011111110101000100001000111110001101100100000010010101111100011010101111101010110111100011100111010
1110010111100010100100010101100100011001000110111010100011110001111110101100011001001110100101010111111111010001110001001011010010001001001001001100111101101010011101001101101
0100111111111010110101011110111101111101000011011001101110111110111111111110000000111101110110011111100101010001001011110110010000010010111100101110100011110110010111010111000
1011010111101110000100001011001001011010110010100011010101001011001000010111110000110001111010001010111101100111101111101110000010111110001010110100011101111110100011011100011
0000100101111100001000110111011010011110100111101111111110110111000100011011010011110111011001111101010011111001010110011110101001101101111011100001011010111101001011000001011
1111111011111001001001001110000001111011100001110000011000110011100110101011100010100101011011001100101100011011110101110111111001110010011111001101110001001000001010001101010
1011101111111000011110111110110101111110101110010100101110111011011001110101101111001100011001100100111010010100001111011000100101110101110111101010111111010101101111100100001
1000111111010111111110010110111100010111101100100111011100011111001000110111100010011110101111110000001111101111011000000100111000011000111011010010010010101001000000000110101
1111000111111011001011101101111101001100001111110110011010101101000100010011010111001001100101010111111101110011011111010110011110010101001101011011111110010110000100011001011
1011111101000101110110101010011111010001101010100111111110101111001110001001010111100110101110111001101111010010010001101011101000011111111101110111010101001000111111111111100
0001111101001111100100011010100111011111011010100001101001111001110111000110110001010011101000111010101010000110110000011110011001011010000111011110110111110110001110101101110
1011001101101100111110011111001111110001111111001101111111010011011000100100000001110111111111010001001111111101010100101111011100111010010000100001110011011110111010110110110
1101010110011110100001100111111101011010000110110011000011110111100110011001100110101010000110001001111110110000111111101001101000110011111111101011010010000000011111011010110
0110111100101110011101110001010111110101101101100111001111101101111011010000000111010001110011011111011011000111001101111110011010111101111011010100111011101010111110111101111
1111011110111110011111110110110111101011111101001110001010011100111111100100001000110111011100011001110000101001100111110100011101000011011111011111101011111110000011100011011
1100001110110110001111111101100101010101101100101100001110110000101110010100000110111011111111111010010100111101110111100110111101111111101101101010101100101101110010011110111
1011101011101101101011011111010110010111101101110001110000010110110001110000001110100101101111100100110111100100011111100110110110111100111111001000110111001001101011111011011
1110010101001001011111111111100100010011001010101111001111111110000100000001010100011100010011001001110111110101110100111111111010110000110100110111111111111111111011110110111
0101111010111110111110011101110011101001111110011000111011011100000101100110111000001001111111111001100111010100010000100011111011111101111101011101110101010110101111100110100
1010100000001011110010101100111111111110100100111111110001111100011111100110110001111111010011111110111011100111010100010111110011101111000111100011001101001011100100001111101
1011111001101100110001011000011000000010000111011111010001100110010101111010000010111011100110111100111110011110110011100011001001010110110111111101001011111111110101101001110
1111010010110010100010010101111011100001011101001110011110001101111000101101110011011100010111110111111111110110111010000011001001111011110001011100101111100111011111111111111
1010110000011101101011000001110011001011001001111111110011101101110010011011101011100101100001011001111001111110011001110110111001101011000011101001101110001000111101110001110
1111111011111010110011100111101011111011101101001011111110011011000111000100101111100110101111101111111000111011100111101101101101001110110001111011110101101111101111010100111
1101110101101110001001011110100000010100110111111101011001101111011110101001011010111010101001011111111001010100010001111010011001111101001001101110110010011001001110111100110
1001100110100111001110101111110111111101101000011111111110000010010010111101100011001100101100000110101111100001010111110101000101001101111101000100011000111001010110110101011
0111100100110100111011101111111110110111100100010111111101101101111001011011110111010000011100011110111100101100000011100110111011010110110001101011011101101111011111110110111
0101010110000010001010011001101110010101001001011001011001011011100011111010110101011110000010111110110111011110011100110110111110101100111001011100010111111111001010110001110
1011010000100100000111110011011001101011110000111011010000110001111100001011101110100001000111101011101101110101101111111111101101011101001001100111010011001110111111111001000
0011111111011010111001111110100110000101010111011100010011000000111110111001110100001111000100110111111000110011110110101011111110001011011110000110101011110111001010110101100
0110101110110101011011111111100011111111010111000111101101111111000011101101110101101011011001011111011010010111101110100111110110110001010010100100111000110000001101111000101
1111010000111001101111010110011000001111010001100110100011111001101010101110111111101000110000011011011100101101111101110100100101001111110001100100011110100100111101001011101
1100001111111101101000000000001011101110011100111000000111011010011111001010111110111100010100111001011010010110011101001111010100111111111000101111011111111110100010101111000
0010101110110101011110000111100111111101110100111010000000000000010110110000110111101000111001010001001111101101111111110011011110001111010001101011010001001000111111110110011
1101000001110100010101011011011001110001111001001101000111110011010011111011100111110101101111101101011010110001100111110111110111010100101111011111011000000100111011011000101
1011110100101010001110110110101100101110111100010110111010100101111000110111101111011101110111010000111011010101011010001101111110010110101011100111111010111110100101111011101
0111101110010111011010011110100101111011101011010110111111101011011101000010010011101111101100010011011101100001011110001110011110010000011111010101011000111111111100010110101
1011000110101011001111001110011101001110100111100111011110110011100001010010100010101111111110000101011111101110101110111010001101111011001101110100000011011100001001110100111
1011001111011001010110100101010001101111111111110010100011111011010001101111001100111100011111110110111001001110110111000111101100000011000110011111101000001011110011111010100
1011101110111111110111110010000101110110100110010001111101110111101101110101011111111111111000001001011001010001111100101110111111010100101001100111011110010100111000111111011
0010010000001000011100110110100011010101111101010010110110010110110101000111111011111101101111011111100101010100001110111011011011001111101111100101100111011011000101110011111
0100101001110011101001111101111111111100101110100100000111001110101111111110000011111111011111111111100111011000100010101001001100011111010010111110000100101111100010111000011
1011101100111011111011111101111000011101010111110101010111111111101011101100111101100011110010100110011001000110110001011100010110110111110100111111011101011100010011111111111
0001111100101111111101001010110110100110001110010100101110111110010110111110011111100010100101111010001001011111000111011000110000110110011011110011101101000000001000111110111
1100111101011100001110111101100010100101110101010011101100111011110011101010011110110110110000101111111110110000001000011011101111100010011110110100010111010011101001000110100
1000110011001111010111100110010000001111011011010000101000111000110011001101111010111011011010110110000001011111110010011001010010101010101111111000101110111110110111010110111
1110100110110010010111111101000111011100111011101101010001110011011101101100101101111100111101011000111011101010111111100101001000100000111101110111111101110011111011111101111
1001000110010101110010001111101101100100100000010111110010111100011010001001100001011001100010100011001010110101110011100110011101101011110101111000111111000101011111111000011
1001111001110001101001110011100101011001010111111101010111001100100110011010111111110101110111101011010110101011111000111101111111111110000100001010111010110111110011101011011
1011111100100000100011101001001110110010100100000000110101111000101011110010000011111000101101000011000110110101111000101111101110101101011100100111100111010101110001101101111
0111000000111101110100110011101111010110110011010110100011101111111011001011101010001010011110111100100010101110101101011100111011101011011101111100111101011111001001111011011
1011110001011100110011011101111010110000100001011010111110111110101000010101101001101000011110110011101100111111001001001111011101001110111011001001101110111110001100101111101
0111101011111101011110110000101010010111011111100110111111000010011011111100111111110110101011101101100100111110000111111110111110101011100111010110000110100010000101001011100
0101111101110000110110111011100111101100111101001100111001110001100111000110010000110000110111101110110001010111100111100111101111100001011001101101010101100110011011101011011
1010110111111100110011011101100100001001101011111101100100111100111101001111111010001010111111110111110010010001011001100001110110101100111111110110111000011101111011110011010
1100011101100111111111110100101111001101111110110001010111010001110101000101110001101011011100111111011010111000011001111001101011111101110110100111111101011111101111100100010
1101101101011110111001101100101101100101010010011100111111111011101101100111110001011111010011110001000110011001111110001101011011101110111011110110101111111111111110010111110
0101110100101010110010101101010111011101111110111101111011101001101000101111111101011111111110110010111000011110011110010110001000110101101101111100101110110110110001010100101
1000101111110110010111101010011010010001001011011101101001111001011101010011001010010110110010110010010111100101010010100001010111001111011110010011011111011110110000011001110
0110000100000011011000001100000010010011100101011101111111111010110100111110001000001100011001001110111111100111110011000010011111001001111010110101111000001111110100111011011
0011010100001000110011111100111110111001000011101011101101111001111011011011111010011011110111011101100100011111111001100001111110100011010011101000110001101101101100111110110
1111111110110110011110110101110111100100011010111111111010111111111001111010111111110101111101110111110001001010111000101001010011101111010111010001111011110111000101011101111
1011011101111100010100000001110101011111110011100101001001100010001000101100001111101010011101111001011001110110101111010110101111010110101101101101111110101100110100111001101
1111011111011110110001101010111000101110110011010100000111110000011110100100111110011001111110011001100011000111011110000101011011111110100001001000011111100101111010101111111
0010001111100011001011011111000010101101111001111101110000000111001011011011111110010101101101111100110110101101110101011110100011010011111100001111111101010010101000100101001
0111011001110101111001110101101010111011100100111011100010011000011011111111101101111101111000101111111001011111111011101101100101001111101100101111010010011000111011101011111
1110111111111101010110100111011100011101101000011111010010111100000101001001110000001010111111111111101101001110111100011101001000101000100111100110001111110011111110101011011
1011011101111100110011100011100101010111001111110111111101111010100001000010011110000001101100111100110101100111011111011111110000100100101101111110111110111111001110101110101
1011101111101100001010100100101111110000101011100101010001101100011100010001100111111111010010010010110001001101101011011011111000001100101010100111101001111110011011010011101
0101010101110111101011101110101011010110011010111000011000110100111100001110111110110100100101000010000111111111011111100110100110001101011100010011110101101010101111110101011
1011001101110010111100000101101010101000110111111110001101001101101111111110111101100101010101011110101110000100000010100001110000000110111110001101101101011010101011000010000
0110111111101111110111110101010111010111100111011110110110100110110010111010110110111110111011100010011000101111110111011010101101100011001000100101101101101010001010111100010
0100110100111111101101010000001011100100101001110011011011111100110101100010110111001111110011111000111110000110100111110011101011110011010110111110101110110111111011111101111
1111000000100101111011111010111101010011111101001011110011110001101000111101100011111001001011101011011111101101110001010111111000011101100111111111001010010011010111100101111
0000111000001011001111011111001010011100100111111110011110010010010101100111100110110110011111100011011100001011011010111110011000101110010010111011111111110001111111110111110
1110001111100011010011001101011101111111000111010011101001011001010110100110111101101011100011011000110100111000110111101001111111010010011001101101001011011100000111110000000
1110011001110111111101001111010101110111101111011011011000011101011110101111011101101011101111100100001111011011101111011110010000110101100100110111101110001011001101001001000
1111001101111001110000011011001011111101110111001111110010100111111011100111110100000110111001011110110011110011101101111001011011111000100100001010011010111011001000001000010
1011111111011101001101101101110111111101111001001011111111111001001101110101111111000010001000010111010101111111010110110011011110110110011010111011111100011110101011000010101
1111100010110001101011111100011100110100011111101010001110010100111110010111010011010000001100011101011011100000110111011110000101010111000101101110111111111011100011011110101
1110111000101101110111011110010111100001001001011100000000110010011111110111110111111111110010111110110010111001111101100111100110000010100010110100011111100110111101001011100
0001011100111110001100010010110111011011101100000101111011001101110100101100101011011101010111101010111111111011001111101101001111001111110111001110011100111110011011100111110
0111110111110101011110010000101101000011111010111010110011101000100011110011001101101000100000010111001111111001010101111010000010100111010101000111001110101110010010011111101
1001101101001110111100011111110111110011100001101011110101111111001101010101110101111101100001110001001100101101101000100101111010010111101110100110110100011110101111011111110
0000000011011000101001010110110111111001110100111011000001011111101000110011001101100110111111011111111101010011011111101001011111011110110011111001001101010101011111011011011
1011000101010100110011011111001110010011001101111010111101110101000111110101101010001101011001111001101110010110010111010000011111100111011110111001000111000100001000101010001
1000100101111101010101100100001011100100100111111111101111011100011001101101001111011001010001111101110110010010101010011011011001111011110100010110001110011001111101010111000
0111110101111100010000101111011011101100011110001100001001011111001101011011111100111100001100001001010010111111100111101111010011111101010110001000011011101111110010111011011
1010111001011001110100111000110011011001001111000111111011010010111111111110011100001111110111111100100101011101001110011111111010100001001111101000100110011111001101111101111
1011000101111110110000011010010001001111111111101100111110011110110101000011101011110011001111011101100110111101100111111011110111011111111111110101100110011100100101110100111
0101101011101101010111000011010011101011100111110111111111110010100101110000111110111001100011000000111111111011111011110001110110111101010111111111011010011000001011110011001
0100101111000000010011100000001110111101010100011000110101101101010111011111011001110100111011001010110001101110110001110011101110000111111011010011111101100100010010000001001
1000111010001100111101111111011010111011100110101110011111011011101100111011011111101001111001100010010111011011001011010110110101111001100011000110100010011100011100011100101
1110110101011101101101111111011101110000001001010001110111110111110010010011101001101011101111001100001000110100111001100111100111101101001011110000100010011010011001011011101
1011010101101110101111111111101001011100110111011110111100101101110101011001001101000110101101001110110101110111100111110010011111010111101110101101011101101110101011001011101
1011011001111001111000011101010000011100111110111111011110001010111010101011111011011111110001101111011100100001100111011101001011111000111110111001111101110000111101111101011
0001101000111011000101010111010111011001101011110010010001011101110101011001101101101001111011011110101100101111101111111111100011000100100101111110111011010011011110011111111
1001000111001111100011110010101100110011010111001010111100001111100001011011001111101001111001001101011001110101111011111010010111111110011111111000110000110101100110101101111
1111100001011100101010011101101111100000110110100101111000000100010110000000111011101111101000000101011001011111000111001110100110000111011010000101110000000110100100101001001
0100100110111111011000010111101011101101100010110101001011101100100100101010111111011000010011111101101001110110000111111101111100110101000111001001101000011011001001010110111
1111100101011100111011111101111010011010101101101010010110110011000000101110101001110011010010110101100100111110001101111001101101000111000001110101100011101100001110001010111
1111010101101010110010011111011011101001101100001001100110111010011100111110011100111101111110110110100011011001101111000100111111111101011101101111010101111100110110010010100
0001011101101011010111010100001000100111000100011101111111100011000101110110000111111111010110101100010000101000110011001111000110100011110001001101011001001111011000101110000
0110111111101101000011110001111010010000011110100110010001011101111100111111111100101111111001110001001100111100001111000000101111111111100110111100100110010110011000011111101
0000101111011010111101011101110111110001000001111111101111011111110100100101011101111001010110111011010101111111011110100010001001110111110111101101011100111000100000011110001
1000001010001111111110101111101111011000111111101101010100111100000100111011011101110111111101101011111110011111101110001101111110101111100000100010111100001011000100000101110
0101110110101100110011010011100000010000111111110011001111011001100001101110111000111111111100111111111110111001000101111111000001101101100010011101111101101100101011001001110
0100111101110001011111001101100011110011001100010000101001110010101001110110110011100100010111011001101110011111111000011111101110001100011011011110110001111111010111010000000
1010111000000100000011100110010110011000010110110111011001110111101110111010101110101111001001100110100111110010100011100110110010101111000010111001011001001110100111100010111
0101001010000111101100110011101000101111111011111110100101100101000010101101111110100001000011101101110111100101111101001100101111010001000111111111100100110100111111000101010
1110110100110110010110001011010011011000111111100100011111111111011001110011010011110010111011001000110100010111111101011011111101100111010001111101110110111111000010110010110
0000111110011111010111111011101100001110011111010111011011011010000010111110101111111101101110011111010111110010110001110111101011000111000111111000011001110110111010110101000
1111110110011010110010111110110110111110110000111010110000001100111001011111111001111111100000100010111110111111001111011110101100101111001000101100111000001110110000110111000
0110110100000101111111010111111100010111110001111011010101011010110111000011111010101011000110111110111110111111101000101011111111100110000110010110111111111111110011000100000
