0010011111111111111100111011111011100011111110111011110110110110110110011111011111111111101001010111111111111111
0011111111111111011111111101110110111111011111101111111101111011111001111100111111011101101010011110001111101111
1101111101111111110111110111110111010100101111110101111101111011011001111101111111111110101111111100111101111111
0110110001111110101011111111010111111101011110011111100111011011111011101011100111111111111110100111101101101111
0111011111111111100101011011110101001111111111111101111110111111110011101110011101111010011011111111100000101110
1111101110101111011010111011011111111001111111111111110111011111111011010000101001110111111001111011011111111111
1110110011101111011111110011010111010111010111111001111111101111011101110011101011011111110010101011111100110111
1110110011011101110111111111111111011111011111101111111110110011111010010111101111001110011110110111011101101101
1100111100111110001010110100111001101010011110011010111111111011111100011101111010111111110100011111111111010111
1111101100111111111111111001101011111001111101100111111100011101101101110111110101111001011011111011111111111111
1111111011001101111111111111111110111011111010110110111111111101101111111110111110111101111011111111111111111111
1111100111001011010011110111110111111111111011001110111111101111110101010101111111010110110111011110011110111110
1111111111110111101111101111011111101001111111111101101111110000101101101111010101011000111101101111001111001111
1111111111101011011101111010110110100010111111011100011101111011110011011010001111011111011111101111100111110111
1111111011011101100010101111011111111100111111111101011001110111110111101111001111110111101111111010111110111111
1110111101111110111101111101110111101100111101011110101110100101111110011011111111111011111111111101101011111011
1011100101101011011110111001111101001111110001111010001010111110101111101101011111111111111101111101011111111101
1110011101110101100101101111111111100101100101011110111111111001111111111001111111110111011110111011011111111110
1101011011101101100111111011111100111111111100111111101111101001011110111111011101111110011111110101111001101111
1110101101101101111011110111011111101110110111011111001001111101101101010111111100111011111001111100110110101111
0111011111111010101101001101101000101110111011110111111110110110010011100111101101001110101011110011111111111011
0111101101111101011110101011111111101110001111010100010110111010011111111111110010111011110111111101001110110111
1111011111111111111101010110111111010111001011111111000101110111111001111111011111110111111110011110111110111110
1111111111110101101100101011111110010101011101101111111111101101111101111111011111000110111010111011011111011101
1101110101101111111011010111011110101111101101010111111010111011011111111110111111011000111101011111101011110101
0111000110111011010110101011011111111100111011110111000110111110011100011111111111111111111010111111111111111110
1011111100111110011101111100111111110111111110100001110111111010111111111100010111101111111111101111110111111111
1111111101111011111111011100101111101111001011001111001111111100111111111101011111110111111100111110111111001011
1110100111110101111011110011011101110110111101111110111101111011011111110110111100110000111111111011111010101011
1111111110111111111101111110100011001111110111111011111110011011011101110101111101110110111011101011110001110001
1000010111101010111111111111100110110111101101111010111111010111010011011011111111111110010101111101011111111100
0111111100111111111101111111101011100101110111001011010111001111101011001111110101111110111111011111111101111110
1111011101111111010101111111011100111111010110001111011001111111111110001101101111111110010111101111111011110101
1011111111011011110101100111110100111011101010101111101111111111110111011111111101010101111110010111110111001111
1101010011111111011111001111101111011100110101101011011100100111011111111111011110111101111111111001101111001101
0111011101110010001000110110101011100111000111100111110111101111101111011111101111101101111011000110111111011110
0101110111111011101111001101010011100001111111010111111110111111111110111100111000111011111111111111111111010001
0111101100010011111111111111111110110000000110111111101101101111111010010101111010111101111010111111111000011111
1100101110110100101111101011111011010000111111101111101111101111110111010111111011111011010011011011011111111111
1101111101111000111000111011011111011000011011011111011011100111111111111111100011011110110011111111111110110001
1010110001111111111110001110111101101010011111111111111110001110000111010111101100111111101111100111100101010111
1101111111111111101110010110110110101011101010111100011110111111100110111111011011100110101110110111111110111010
1111110111111111001011111111101001001011110010101100110111111111111001011101111110100111101111101111110111001101
1111111111001111011101011010111110111110100000011111110110101111011111011111110100110111111001111011111111110111
1111111110111110000111100111010111011111111001111111111011111011101110111101100101100110110111101110011110011111
0110111101011111110111111101111100111011100010111110101010000101101101110110100100110111000110110110111111111011
1110111101101010101010110110111001110110111011011100111011111111101110100001111110011010101011010001111111111111
1011111010101111111111101100111000001101110111101011001100101111010011111111111111111111001101111101101111111011
1101111110011111111100110001111111100111111111110111111101101111000100110111111110111110010111001111011101111011
0111110101111111011111111101100011011111111111101010111111111001110101111001111111101111110111110111111011100110
1101010111110001111110111101111111111111100111011101111010011111110111101111101101011010111001111111100110111101
1111111101001010001110111111010111111111100110011010011111110111111110111001101101111111011110110011111111110111
1111111111111001011010011010111001011110101111101110001111100011111111011010111111011111110011110010111101100110
1110111111110110010011011010111110111001111110101111000100010110011011101111001111100111111110111111110011101110
0110101111111111111110011001111011101111110011111111100111011111001111010111101111101111111110011111000011111111
1111111111111101011011110111111101111110111100011101111001111011011111001100111101101111110101011100010111110101
1001111110111001111011011111011101011011111111100111101001011110111111101100111001111111101100111111011011101010
0111011010111110011100110011101111010111001010101101101110101011110110111111111110100110111011101111110111111111
1110101110111111111111111111100011111111011110111101100101011101101110111111110111110100010111001101011011101011
1111110111101110110111101111111011001000011010100111011110101011101111101001011001101001001100111110110110111110
0111111011110100111101011111110111011110111110111110001111110111011111001011111101111111010111000001101111111110
1000111001110011100110110101001111111111111101111011011010101011111101101111101111111101111011111100101110110111
1111111110010110100011101110111111111111111110111011111111011100010101110011101011101111111111110010111111101111
0111111111110111011100111000111111111111011111111111101101111100110110101001110111111111101111111110110111011111
1101110111111111110100110011000111011111011011100111100011110101011101110111000011111011011011011011110100111011
1111111110010111011011111111111011101111001100010111110111001111101101111111110011111101110111001001111001100101
0111011111101001111101111111110110111101001111100001111110111100110111110111111010111111011101011101010111111100
1000001011111011111101011111110011111011110111101111101111111111111010100111111111011111110010111010110011001010
1001110100100111111011001011101111111111110110110011111111111001001101110110101101011111011101111111111011111101
0111111001111110110111111011111101110011101101010110111110011110111010111111011001111111100111111111110111110011
0111101001101010111011111011110000101001010011111111010011110111111111000001111101001111111111110001011111111111
1110011111110101011101111111111001111111111111011101101001100010111011001101111010111111111101111110011001111001
1111100010101111111001111111001111111001011110010111110111111101010001010111100001011111111101111111111111101111
1110100111111010101111111111110111111111111111011010011111100100111111011010000011100101111111111011110010101111
1001101101101111001111111100101101110011110101011010111001101110111111001100101100100111001111111111110111111111
1011001111011011111111110101011111110111111110111111011001111111111101111000111100001101111101010110111110111111
0111011111110001010111001100111111011111101111111111101111101111011110111011011010111011011111111000110111111011
1110100011111001111101111111111101101110011100111100100111111001011101110001100011011111111101111101111111011111
1110111110110111111110111101111011111110111000111111111111011110001111110011100001111110011111010111110001111111
1111100101111111111110111111111111110000101111111111111101101101000110100011000011110101101011111110110111110110
1111001110110111110001111111001010110111011000111100111001100111111100010100110101101111111010001100111111111111
1111111101011111111010111111011111010011010010010111111110111111110111101100011110111111001111101111011111010010
1011110011100011111101100111111110111110111111011101011111111111111001010110101111000111100011101110011100010101
1111111011111111111101101101111111101111100101111011100010101101111111011000111101001101111111111111100111001111
1111101111101101101111001110001110111111100000111111101110011111111111111001111011010111111111111001111111010100
1111011110110110111010110111011111110101111111011101111111101111011111111111011111111010111110101111010101111011
1011111110010111111111110111011110001011111111111111111111001011101111111010111011101101011001111111110101111110
1101011011100111110101100111000001111110101101010101111110011111111111111111110111111010111100011100111100101111
1111011010111011100111111111110101111101111110100110111111000111010101111101010110111101011111110010111111111001
0001111111111101111101111111111111111111000110001111111101101110111110111101111010011111101111010111111111111110
1111110101101111111110111111110101111100111100110011011011010111101010111111111111011111110110111101111111111111
0011000110011111111001101011101111101000111011011101011110111011011011111111111001011101111000111011111111101101
0111101101110111011011110110110111111111111011101101111001101111110101100110101111111100111001110101111110011011
1010110001111111101111001010111110111011101110111110100101101111111011111111111101111010110010111111101101011110
0011111101101111111111010111111010101101111111010111110011010111000111111110110101111110101111010100011110011111
1110110111110011111111111101101101101111010101110111111110010111101111111111111100011011111111100101100111111101
0110111011111111110101111111111110101111001110011010011111110101111111011110110111111111001101000110111001101111
1111100110111101101101101111001111011101111011011110011111110101001011011011011111110111011011111001111101111001
1101111111111110010010111111110111011111111111001111111011010011100111011111001101110110110101001001110011110011
1001111111101101111011011110111111101111111100111111011011101000111011101110011001011110011111010110111111110011
1011101011100111001110101111110111111101111101110111110001011111110111001111111110011011111111011111001110011111
1010011111110010111110110111111111011111011111101101110111110011111111111111111111101111111110101111001011011111
1111011111111011111011111101101110111111010111111101100010101110010010111001010011101001111111101101110011111111
1111011111111110110111110111001101111011111111111011100101011111101001101011110111111111111111110101100001110110
1100010011111111110111111111101011111011011111110111011111111111001111101111110111011000111110110011111001111111
1111010111101101111010011111011111111010101101111101111111101011011111111010111111011110111101011111011110111110
1111111101110111111111101110111110000011010101111111111111111110111011111111101110000111111100011111001111000111
1010011011110111110011111110011110011111110111111011001101011101101011110011111111101110111011110111111111001110
1111110101111011111110110111101101110110011011111010011011111011101110111111111010010111111111111100111011010111
1111111111111110111101111110001111110110101110100111111101011111011010101111011110111011011101111000111111111010
1111111011111111011111100111100101010110110111111101111011111111100101101111111111010111011011101011111111111101
1111011111101111101111011011110011101111101111111011001101100111110011111111111010110101101110111111111010101010
