01111101101111000010110011101000111000001110111111111101110110010111111011101100110011111010
10111110000001111010011101110100110010100011111111011110110100010101100100010010011100010100
11010110111111110101011100000001000011001111101001111000111100111100100101101010011111111010
11101111111101110001110111111011010010000101111101111000001010111010100101011110111101110111
11010011110110011111011100000110010001111111110100000100110110011100110111101011011011001111
11110011101111111111111011010110011010010110011101111010111010110000110101101111111100100011
01111100110101011010101101101110111010111111111111101110111110011110001100111101111101111101
10011100001111110000001111101011001111111111100011111101011010001100110010101111110011001101
10111110001111111000111101000101100111010011110100111111010011111111101000111010011000101101
00111010001101010100110101111011100111001001010101011010111001010101111000111101101011010111
10110101110110111011011100010010111101011111001101011111111011101100010110111101110111110110
10111111111011010110101001100111011000110010100011110110111000111011101101111011101110101000
10101101101100100110001011111101101001110011000101111001011111101111111110111011011011111000
11110111110100101100010001101010101110111101011110110111001001010010111011111011011011110111
01110101101011011100110011111010101001111111110010100111100110110101111101110111101101010011
01111111111100100100111101010010010111111110111111100111101111001111011111100001011010011111
01001110101001100011110110111100111111111100011111110001000011110111100100111101101110011011
00101100010111110011100001111110110100111110111011101011110111100110000100011111111110110111
11001110001110001100010111011001111111100001111111101100011110010100110011011111111111111011
00111100001000001100101011010101011111111111111111110001101110110010101111100011101011000110
10010110110100111101011001111110011001111101100111101010001111101011100111111111011111100100
11111100111001111010100111010110011110110111001110111100100110110111111011000110101011110000
01101111101110010001100111101111110111111111111001011011001111110011111011111011110001110111
01111011111000011010011011111101111100010101111011110110101011111111110101111111101010111111
10010101000010101011011101110110111011111001011101001111011010010110111011011111011011110110
11010111110111110111111110100110101111111101101011011100111101001001101111111100101110101101
11010011010111101100101111000100110111000111001010111000101010101001110001111011100100111111
01010100011010111111110110001111010101101101111111101011101110111000111111111011011100111011
10010011010011101110101100010001010011000111111100011010111000100101001111110110110110010110
01001110100110001101111111110010100111101001011101110111111011101110101111111111011100111101
00011111011101110100111011010101011111001110111100111110100111010111011001101111010110110011
00110001110110000011001100011010111101111010111010111011011101001010111011011111110101111011
11000010111011101110001111100101010011011111111111111011111001001111010011111010110000100101
11011110001100011111111110111011101011011100111011111111111111110011101011111111100111011110
10000111001111101011110111000011010001111101101100111111000100111110111100000011011111101010
00000001111001011111011101110111000010111111111110111111111001101111011110101100101100110101
01110111110001011011011011101110110101111111101111111011110101001111111110100001110011101001
00101001111010111011101011111111111010111101111011111001011110111101101101000100110111110010
01001011000111111111111011010101001111011000101110011011101111001110101101010001110111110111
00001111101111111101111111000001111111100011111101011110010010111111110100011100101011001111
10101011011001111101101011010111111111100110011011111010100110111101111111101101110111101010
10111111001001111101111101111010111111001001011111111011111110111111100011111010110101110011
11101111101110110101011000101011100110011001101010101101111010100110011100101010000110001011
01111011111011100011111111111100101111010110011111111100001110101110001010111101111001111111
11111011100100110111101101011011111111110010001010000101111100111001101111110101100101110110
11011110110001111111001110011111110101011101001101101111011101100010011101101101100010111001
11110110001001011111011111111111111111111111110111111011111011011111111111101000111111101101
11011110111011011011110010011110101110110101011001001110110110110011000101111111010110110111
11000011000101111111110101110001110111101111101001111000100000101101110110100110111011100111
11110111011110011111101111010100110011011101011110010101011000111011111010111111111110101110
10110111100111111111110100110111111111001111011010000101111011010110001011010001101000110011
11110101111111001001011101101111111111111101001011001111110111100000100110011111011101101110
11110111111010000110111011111011111111111111011110010101100010010111111001010011110111001001
11001011101101110010010111000110011100010011110101111001110110111110011100100100010101110101
01000110111101110100101110011111111110111100011100010001110011101110001101110010110010010100
10000001101011111101001010010101111111100110111001111110011101111101011001110010110101111001
11101110011100110101010101111110110110101110101110111110011110001001001101111110100011000011
11101111111110000110000011001101110111010110111101110111101111110011111100111110010000101101
00110111011111010011101111111101110101100111111001100001110000101100110011111101110111100100
11101010000010110111111001010011011011101101110100010101110011111100111011111011111101111101
10011111101010111111111110110110010001111111001100111110110101011100100101010101101010001110
00000000111011011100101101000111110110100000011000110011010110011111110011011110101001110111
00110100101110101101111100111100011101011111110111010111011100011100110101011111101000110111
11111110110101101011011110010010011001011100101101101101010111101001110011010011101110010111
00111011101110010000100101110101101111111101101011000111101111110110100111101111101111111011
11101011111010111110010110001110101111111111001010101111001111101011001011101110101000011011
10010010100111011101111110000111111110110111011101101110010001001101011001011110110101110001
11000000110110111000111101101010110111011100101111001001110001010110101110111110111010000110
11111101110111101011111111110101011011111100101011011000011111111001011001110011010001011000
10001101011011110010011110110011101110011010011011001101011101110010101011111011101101011111
10000010110111110001011011011111011111101011111001101111110100000111110011111111110010000110
01111110001110111101100101011100001111111010111110010110110010101001000001100111111111101011
10001001001011010011111011011101110110001101101011110000001101011101011000001111111101100011
10111100000101110011111111111111110001101100111100101011101111111110111100000110100101111001
10101111111111111001101101111110110110001111111111000111111100001101111100011110110111010110
01010010111111101110101111111101110000110101100101111011111111110011111000100110111011100111
10111111111111001110101111110111110100011111011101010000111101101111011010100110100001101110
10010111011000101110110111001111010101011001110111010100111011101111001111111000011111111111
01111101100111100111111110111111111000000110000111011011110101111111111111111000011010101111
00001111011111111111101110110111011010101001110101111000001110111000111110000000110110110111
10010111011100101111011101101001110111111101111011101011101111111111011111111001011001011011
11111111101011010110101010011111101011101101001111011111011100000011101110110111101111110010
01111110110111111111110111010100001100010001001011110000000111111101010110010110110010001110
01110110001100101110100001111111011101101110101101011101001100011010010111100101010010111001
10101001011111011111110111001010011011111010011111001010101010011001001100110111011101010111
10111011011011100011111010000001011011111101101010011101101101001010110111111100110010101110
10110110101111000110111111110111101111101101111111110101011101101010000111011111010101011101
11110010011011111110011110111111010101100101110100100111000101111110110001100101110110101111
10101011100110011010000101110101011010011011011001011001010110001100110101001110101101110100
01011011111001010101101111101100110100110001101111010110011111110001011000111111001011111001
10111100011001111111001110111011011001111111100111110000100011111101011110111111111011010001
00011111110001111110001101110111100110110111011110101101110101111110010111010111100110110110
