0101110111111111111111111111111111001111111110111101111111011011101111101111110111111111111101111111011110111111111110001110111110111
1011111111011101101111111111111111101111111111110110111011111010111111011100011110111011111011111111111111110110111111101011111111110
0101101111111111111111111101111011111010111101111110111100111111111101011111011111111111111111111111101111011111111111111010111110110
1110111111111111111111111111101111111000101111111110111111010101111111111111111111111111111111111111111111111110110110111111111111110
1111010011111111111111111111111101111111101011011111111111111111110001110111111111101111111111111111111111111111111111111111101001111
1101101111111001110110101111111111111111111010111001110011101111111011010111111111111111111111101111111111111101111111101111101111111
0111010101111111011110111110111111110111111110111111111011111111110111111111101111110101111111110101111011111111111111111101111111111
1111011010111011110011101110101111111111111111111101111101111111111101111111011001011111111111111111110111101011101110110111111111110
1111110101011011101111101111111011111110111101010111111011111111111011111111111101111111101111111111111111101111111111111111111111111
1111111010101100011111111111111111111111100111110111111111111111111111011001111111111101101111111111111110101110010011111111111111111
1011111101011111110111111111111111001111001111111111110110111111111111101111111111011111111110011101111111011011111111111111111101111
1111111110101111111111110101111011111101111111111111111101111110101111111111111111011101110110110111110111101111111111111101111111011
1111111111110110111111110101111011111111011100101111111111011011111111111111011011111001110110111111111111011111111101111111100110111
1111101001111011111111111111111111010111101110111101110111111111011111111111111110110111111011111111111111111111110111111111111111111
1011101110111100111111111110110111110111111011110110111101001101111001111101111111100111111111111111101101111110111011111111111011111
1111111110110100111000111111111101110101111110111101110111111111111111111111111011001111111010111101100111101111111111011111100101111
1111110110111111011111110111111111101111011011111111110111111111111111111101111111111111011011111011110011111111011111100011111110111
1011111101111111101111110010110101111011011111111111111110111111110111110001011111111010111111110111101111111110011110011101111111101
1111101011011111110110111111111111000111111110101111111111111111111111110110111111011111111111111111111111111110111111111111111011111
1111111011111110111011111011111111101101110111111101001111110110111111110100001111101010111111111101101111111110111111111111111111111
1111111111111110111101111111111111111111111111111011111111111101111111110111010111111110111111111101111111011110111111110111101111111
1111100111111110110110111101111111111111110111111011111111111111111101111111111111111111111110111101111100111010111010111011110111110
1111111111111111111111011011111111111011111110110101110111111011110110011111111111111111111111110111111111110011111111101101111110111
1111101001111111111111101111111111110111111111101111011101111111111110111111111110111111011011001111111111111101111110010101101101101
1111111111100111001111110101110111100001111111111111110111111111110011111111111111011111111111111110111101111111111011111111111101011
1111111111111111101011011011111110110111011011101101011111111111111111101111011111101110111110111111111110111101111111111010111111111
1101111111100111111110110101011111111111110111111111110111010111000101101111001001111111111111111111111001010100111011011111111111011
1111110011111101101111111110111111001110111111111111111111111011111011110011001111111101111111111111110111111111111111111101111011111
1111111111111111111111111101011011110111111111111111111111110011111011110101111001111110111111011111111111111111111111011111111111101
1110111011111111111111111111101111111110111111111011111111111111110111111111111111111111111101011101111111111101101101101110111011101
1111111111111101101111110111110111110111011111111110111111001111111111111111111110111111111111111111111111101111111111111111011111011
1101111101100111111111111111011011111111101111101011111111111111111011110111011100111111101001111101101111111111111110011111111111110
1111011111111110101111111111111101100111111111111111111111111001111011111011111001011111111111010111111101111101111111101111111111111
1111111111111111111111111011111110111111111111111110111111110110111011111110101111111011111111110011110111011111100110111111111011011
0111111111011011110111111110111111011111101111111111111110011011111111111100101111011101111110111111111111111101110110111101110111110
0011111111011111010011110110111101101111111011111111111111111111111111100111111111111111111110011110001111111111100111111111111111111
1111110111111000110111100011010101110111111111001011111111111101110111111111111011111101111110001111111111111101101101111110001110101
1100111111111111101111010111111111111011111111111011111111111111111011111111111111101111110111111011111101111111011011111111111011110
1110111111101110111011110111111111111101111111111100111111001111110010111111111111110111111110111111110111111111111011011001111111110
1100111101111111111111111110101111111110101111111111110111111111111111111111111111111111011111111110011111111111011111111110111101111
1111111111010111001111111011110111111111010110011111111010111111111111111110110101111101111101111111111111001101011111111111111111101
1110011110011011111111111111111011011110101111011111110111111111111011111001111111111111111111101111110110010111111111111111110110111
1111111110111111111010111101111111111111010111111110111111111111110111111110101111111011110111011111101111111111111110101111111011011
1111001111111101011111111011111111101111111011111111111001111111011110001111111111001111001111111111111111111111111111111011111100101
1101111101110111111111111111111111111111111101111101111111101111011101010111111111110111101111111111111111111011111111110111001111111
0111100111110010110111011111111111111111011110110111111111111111111011111011111110110111110011111010111111111110111110010110111111111
1111011101111111111111111111111111110111001111011111011111110100111001111111111111110111111111011111101111111100111011111101111111101
1111111111110111110111101011111011110111111111101111101111111111010111111110101111101011111011011111010101110111101111110111111111111
1011111100111101111111011111111111111111111110110110101110011111111111111111111111011111111111011111111111111111111110111111111111111
1111101111111111111100111111101011110011111111111011111111111111101110100111111100011111011011111111110011111011111110111111111111111
0111101011111010111011011011111111111101111101111101111111010111110101101111111011111110111111111111100111111101110011111111110111111
1000111111111101111111111111110110111101110111110110110110111111111100111111111111011111111110111110111111111111111111111110011110111
1111111111111111111011101011111111111111111111011111011111111101111111101101111111111111111111111011101011111011111111111101011111101
1111111111111111111011111111111111111111111111100111101111111111110110111111100111111111111111101111111111111101111111101111111011101
1111101111011010011111010101111111111110101111111110110100111101111110111111001111111001111111111110011100111111101010111111110111111
1011100101111111111111111111111111111111011011111111111011001111111101111111011011111111101111111111011110111100111111101111111111111
1101111011101101111111101111111111111111111011111111110101111011101111110110111110011111001111101011011111111011111111111111110110111
1101111111011111101111111111111111011111011111110110110110101111111111100111100111111111110111011111111101111111101111101111111101000
0110111111110101111111111101110111011101111111110101111011011111111111111111111111111111111110010011111111011111111111110111111111111
1111101111111101111111111111110111111101111101111111111010101111010111110101111111111111111111111111111111100011111111111111111111101
1110111111111111111011111101011110111111111111011101111111110101111101111010111111011001111101011111111111111101111011111110101111111
0011111111110111111111011110011101011111111111111111111101111011101101111110101101101011111111111110111001111111111111011110101111011
1110111111111101111101111111111101110111111111011111010111110101110111111111111111111111111111111110111111011111111111111111110111101
1011111111101111111011111111111110111111111111011111111111111110111111110111110111111111110111111111111111111111011111100111111101011
1111111111111011111111111101111111111111111001101111111111101111010111111111111111001111011111111101111111111111001111111111110111101
0111111111101111111111111101111111111111111111111011111101111011101111101011111101100111111111111110110111111011111101111111111011111
1111010111111111101111010101101111110101110111101101101111101101010110111111111101111111111111111111111101101111011011111111111111111
1111001101111101111111110110011000111001101110011111111111111111111010111111110110111111101111111111101111101111111011011101110111111
1101011011111101111110111101111111111111111101011100111011110011111100111101011110111111101001011101110000110111101111001100011011111
1111111111111111111111001111111111111101111011111010100111111111110000101111111001111101100110101101111111111011101110010110111111111
1001101110111111111111011111111111111111111001111111111111111111111111001110111111111011101111011100111111101111111101100111111110111
0111111111011111111111111001111111101111111011111001011110111111101110001111111111101111011001111111101111111111101111111101111111111
1111001111111111100001111110011011101111111101111011111100101110111111110111001111111001011111111111110111011111111011111111111101111
1111111110111111101111111110111101111111101110111111111111110111101111111011111011111001110111111111111111111101101111111111111111111
1011111110111101001011111111011111011111101111111111011111101111111101111101110111111111111111111011111111111111011110111001111111111
1011111111111111110011111111111110011111010111101111111101110011111111011110111111111110100011110101111111111111111111011111111111111
1001111011110111101001111000111011111111111111111111110011111111111101110111011111101101111101101111010011111111011011111011111111111
1111110111111111111011111100111110011111110111101111100110111011111111110111101101111111111110111111111111101101011110011111111111111
0111111111111111111101111111111111111111011111111111101110111110111011111101110111111110111111111111111111101011011111111111111101110
1111111011110110111111111101011101110111111111111101111011111111111110111011111010111101111011111111110101111101110011111111111011111
1111111001111111111111111101011001111111011111111011111111111011100110111111101100111111111111110101110010111111111111111111111111111
1011111111111011111111101111110011111111111110111011111101111111111001111111111000011111001111110111111111111111111111111110111101111
1111111011001110110111110111111101011111111011110010111101110111011111111111111110001110111011111000011111111101110011111111111111111
1111011111111100111011111011111111111011111011101111111111111011001111101111011111000100110111011110111111111110111110111111101011111
1111110111111001111111111111111111111101111100011111111111111111101111111111111111100110011111011111111110111111111111101111011110011
1011111111110111101011111111111110111111110111101111110111110011111111010011111111111011111111111101111111111011111101111110011111111
1111110110100111111111111110111111010111011111111111110111110111111110110011011011101101111011111111111111111011111111100111111111111
1111111111111111101001111011011111111111111111111101111111111111111111111110110111000110111100111101110111011111110101000111111111111
1111111111111111011111101111111111111110111011111011111101111111011111100111111110110111011111011111111111111110101111111011111011111
1111111100111111111111111111111011111111111001111111111001111111111000011110111110111111101011111111101111110111111011111110111011101
1111111111100111111111111111111111111011110110111111111110111110111110111010111111101111110011110011111111011111110111111111111101111
1011111111111010011111101111111011111111111110101011111111111111111101101110111011011101100011111011111101111111101101111101011111101
0111111111111111111111111111101011111111011111111111111111110111111101101111011111111110111101111111110111111111111111111111001111110
1111111111000110111110111011111111000101111111111110111111011111111110111111101111111110111110111011111100111111111111110011111011111
1111111111011111111111101111001101100111110111000111111110010111111101011111111111100111011111011111111110111111111011111001110111011
1111101111111111111111101111111111110111101111111111101101111111111110111111011111111111111111101111111111111111011111110111101111110
1111110111101111101111011111111100111111111111111111111111011111111111111110111100111111110111110111100111111011111110101001111011111
1111111111111111011111111111111110111011111110111111011101011111111111111101111111011111110010111011101111111111111111111111111111101
1111110111011110111000111111101011111111111111111111111111111111011100011110111101011010111111111101111111110111111111110111111111111
1111111111111111111111110111111111101110111110111110110111111001101111011111111111001111111111111110011110111011111011111111110111011
0111111111111111111111111111111111101110111111101111110001111111111111111111011111011111111111111110011111101101111111111111111111111
1101111111111100101011111111111011101111110111011101011111111111111011101111111111111111101111110011101111111111010111111111110011110
1111111011101110011111111110111110111101101111101001111111111111101101110111011001111110111101110111110011111110111011111111111101101
1111110111111111011111111101111111111111111111111011011111111011111101111111011101111111111111111111110001110111111101101111111111111
1111111111111101111110110101111101111011111111101111110110111011110101111111111011111111111010111111111001011111110011111111111111111
0111111110111111111110111011111111111111101111111111110011111111111101111111111101110111111110011110111110111110101111111011011111001
1101111111010111111101111101111110111111001111111111111111011101111111110111111111111110110111111111111101010101011110111111111111111
1111111000101110111111111111110111111111011111111111111111101111110011011111100111111111111111111111011111101011111110111111111111110
1011111111111111111111011101111111111111101111101111111111101111111101111111111111111111101111111101111011010111111100111110111111111
1111111011011111111110011111111111111111111101111011011101101111101110111111110111111001111111110110111111101010001011111011111111101
1111101111111111111111101001101101010111011111011101101011110111111111111011101011011111111111111111011111011100101110111111111111111
1010111110111101100000111101111111111111111110011111111011111111111111111111111111101111011111111111110110111000011011111101111111111
1111111110111111001111111111111111111010011111111111111111111110010111111101000111111111111111101111101111011010011101011110111011011
1111111011111111111111111111101110100111111111101111110110111111011100101011111111111111011011111111111110111001100110111111111111111
1110111110111011111111111111111110001111111111111101111111111111111111111111111011011110110111111111101101111111100111111111011110110
1111111110111101111110110101111111111001111111011101110111110111110011110111011011011111101111011110110101111010111011111111111101110
1111111111110111111111111111101111110111111111111111111111111111101111011111111111111010111011111111111011110111011101111001111011111
0110111011111111101110101111111010011111110110110011110111111111111110111101101111101111111111110111111111000101101110111111101101111
0111111111111110101111101101011011111101111110111111111111111011111000111110101111111110111111111111111111111111011111011111101111111
0011101111111111011111011111101101111111110111111111101010111110111101011111111111110100111111110111111011111111111111101111111110010
1111111011111111011101101111111111111111111100101111111111011110111110011111111111111100111110101101111111111111111111110111010111111
1001111111111111011110111011111111111101111011111111111111111111111111111101011111111111011110010111111110111011111101111011110001111
1111110111101111101111001110111111011101111111011111011111111111111001101101111111111111111011010111111111111110111101111101111111010
0101111111111111111111111011101111110110111110111110111111110011111100111111111110111011101111111111111111110111011111111110101111111
1111111111111111111111111111110111110111111101111110011111111111111101111111111111110011111001111111111110111111110111110111001110111
1111001111110110111101101111111111110111111101111111111111110011111111111111111111101111111101101111111111111111111110011110000111111
1111111111110110111110111111111111011111101111111101110101111101011011111111111111111111111111011110101111111111111111110011100111111
1111011111111101110111111110101110111011110111111111101111111111101101111111111011101111001110110111101111111111011101111011111011010
1111011111011110111111100111111111111110111011111111111110111110111111110111110110111111110111111111110111111111111010111011111101110
0101111111110111011111011111111111110111101011111110111101111111111111011111111111110111111111111111111111111111110111101111011110111
1111111111101111111111110101110110111111110111111111111110111010111111111111111111110111111111011110111110111111011111101101111011001
1111111111111111101111101111001111110111011011011111001110101101011111111111111111111111101011111011110110111011111111111111111111000
1000111011111111111110111111111011011001111111111111111110111111111111111111110111111111111101101111101111101111110011101101111001100
