00101101110001110101100010110111010100011100001110101001011111111001001011010100111100011111100110101111111011111000011101100010111011011001
00111111100101101001111011111110010000111011010111111101011010100011010011100111111010111010010111000111000110001000111100011011111001111111
11010011111000000110101101111101111101111010110100101111101111000001110111010111110011001111100010011110000111010111111110001100110110101101
01101010101111001101110011011101100011001110111100011011111011100110110110111110101111010110100110110111101000010101111101100001000000011001
11010111010010011100100111101100100110010111100110011111110011011010111111000010110111001011100110101110010011010000010111100110101011101011
11001011011010000110011111010000101110111011010110001101010111101110111101110000011111111101110111101001111110110101110000101010010000110000
01111101110111111111110110001111100001010010010000011111110011011111110011000001011110010001011000111111111011110011101000101011011110111100
11101110011111110101001110111110011001110010110110110000100011000100110010010111110111111011011011110010111011111010111010100100101000101011
11110010011001010001111000011111111000101110011100111011100111011100011001010110110000111111000110101001101101111011101110110011101010011101
10101111100011111011010111110001001001101101001100011111101110111111101110111001011001101011000111110100111111011111010011111001010111110001
00110101100000110110010101101110011111100111101111111010101111100100001000011010011101000110111100111010011110110001011110100101100010111011
01010011000010101100001011010111101110111000110011110100100111111111011100010011100111111111001111101100000011001000101111101011101100100111
00011111010100100101001111111100010000010111010111000010010000000100011110100100001001110111011110000111111001111110001011000111111100101101
11010011110000111101010001111111110111110010111100011100000101010010111010101001001101110101111010101110111110100100011101110111111110000111
11000011011111010011111110101011001101100111111101110010110001010010000000011111101101101111011111110010110011110011101101011011111111001010
10001011111001101111111111010111111111011101101100101010011110110100001110000110011110111100000101111001001111011111011101010010001100100111
01011010010101010101101110110111101100111101011111110111100000110100101101110111110111101011111010111011111011010111110011110111010011101111
10111111001111011010101010100111001001001011100100111100011110100001111001111111011000111111011111111100111011100110011000111001001011101110
00100110011000110100100111101111001111111011011000111110001101001000111010001001000101011011010111111111110111110101011100110111101111010001
11010011110011111000111000110111011110111101100111110110000001110011110001110101110011101111111100100100111111111001111010110111011111111101
11111010100000111111011011001000010101110100001101111110101011101110110111111011011011011001110011110111111001010010101011111010101101011111
01010110111001110001101100111100010101011111110001101111110111111110110010001000011000101001011010101010100100111111110111011101011101110001
01100101100110111101110110110110111011111001101111011100010100110101010011010111110100000111101011111111110110011100010000101101011111011110
00101111011010111010011001111110001110111011100111111010000011001111101111111111110110110101011100000000001111111010010101011011111001011011
11011111010110111110101000010010011111101110011111111101001101111101010001110010000111001110111011000011011111101111010011000010111010100100
01111100011111010010100100110100010110110110001100010010111111111011111110101111110100111100111111101010000110110000010101001111010110011111
11101001011011101111011101001111011111111101000111110110101011011111111000101010000111111111111011111001111011111010111101010110110100110111
11110101110111011001011111001011001101001100101100101111010101100000001011111110101101101111101010110101000011111001011111111110111110011001
01111011101011100010110100110101101100110010100111110111000101100111101110110000101010001010011111111111011011000000101001111110110100111101
11111011101111011111011101101011111010111000001010011111111111100110111111011101000000101010111101010110110010011011101010011101000011100101
11000011101101111111001110110100001111011101010011100111001110010101111110011101101001011001011010001100110111101100101000001111001110101111
10110010110101111111000000111100001100110111100101000111110111101011101111101110010101110111110001101000110111111011011111001010101011101011
00111110100101011000001000001100001001110110110111011011011101101110011101011011101111011110011110101111110110011011001101110110111111001101
11100001101011010001111011100100000111101010010010011101010101011001101101101111101001000110011011010011011001110110001101101111111010111110
00100101111100111111001110111111100111011011000100100101110011010110100000111110101001011000111100101010100011111010100101010101110111011111
10101100001101111011110111111011011011011111101111011111110011000111011111101011101010110101001000010010100111111110110000001000111001111000
00011100001101010011001111100110011100111101100110001110111011010011010011101000111100001101111011101101100100111110110111111110011001110011
00110011011001110110111010110010111100110111111001101011010110111001001011100111100100111011111101101011100111001011110101111001101100111111
01100101111101101011101111101101110011010111000011010000101101110011011100111011111101110111100101111011101101110110111101111000111100011111
11101111000111011011111101101111101111101101010111000011110100101000010001111110011010000111110001011111000111101010101101101101111011111111
11110100110100011111011110110110011110010111111101111001111101111100111011010101111100110001011011100101101100111010111011100011100110010011
10011000111010111001110011110011100111111011100010010110101101111011011101110111111110000011111111110010111011010100111011110101100110001101
01111111101011100110010111001001111101101101111111011000110111011011010011010110111001001111101011111100011011100100001111001110110001010001
01001100011010111111011100100011001111111110000100011010001111110010011010110000100111000101110110111011111111111111101111010111100111000011
00111001001101110101011100011001100111001110000101010111001100110110111111111001111010101111111001111010100101101010111111000101010001010111
01110111100111101010010010000010110001011010001110001010110111010010111110100001110010000111100111110110011011011101111010111011001011000000
10010000111001111010101011010100000101001010010101111010011100111101010000111101011111101101111111010011111101110110101010110001011110101011
11111101111011111101101111111001101110011011111011111111111111110111100111100100111010111110010111101111010111001010101011001000011001111101
11001101001110001001001110101110110110110110010101010010010101101100111101101101100111011001111000111101101110001110011000110111001111111111
01000000001110101001111110101011100101111010101110101001011101111101100100110111001011011110110111110111111111110011101011110110100111011101
11100001101100111111110110111010001001001000001101010111000101010001100001001010111011001101010110000101101111111110010011001101111111001110
01011011111101101111101111101100110100101111101110101100001010111011010110010110011001101010000110011011111001011010111011111101111101011011
11111110111001010110111110010100110111001011011101010101111101111110010101011001011110011010110000000100110000100011001111111111101010011111
01101110010101001111111010111111011110000100100100111001001101011010101010001110001101111101100010111101010111111111000001100011111111100111
00111010111010111011110101111111100111010101111110100001101101111101111011111111011101111000111111001100110100111110001010011000110101111111
11111110110000001000010010011111111101011000100101101110011111111011010000111111111100101000111111111001010110011111101101111011111110101111
00111011111100101000110001100101001110111110010100001010011101111110000101110011111011110011111011000000011001011011100110110010111110011010
11011110000010110100011001010101111111011010011111001001100111011111011110100000010011001011010000101001101010111000101010111110011110110111
11110000011000010110100011100110100010101101101101011111100011001010101111010101001110000111011100001010111100111011101111011111101100110111
10100100111101010110011011011111110001111111111111101111110000110111010111010011010111111011101101011111110111111110011010101010111001101100
11111111111100010100110101100111001111000011010100010001011000001110110001101001101010100111100010101011111100001100111001111011011000111100
10111111101101100011110111111101111110101111010111101111111000010110001101011111011011100100010101111100111001111101101011110001010001101101
11010100011100011101111011011101100001111101101111011011100100011011110011111111000101110101111010011111010011101100111111001110111111101110
10001010110101111001011011100010011011101111111101111111110101101111111011101100111001111010111010101010010101111111101101011111011001110111
10001110110100000010110111100001110001011110001011011111111010110000010110110100101101001000001001001111011110101000011001110100111110110011
00010111111110011000111110101110101100001000101111001010110111010011111100010011011011011110101110000111010011011011010101011001001010011001
01011110010101100001110101101101101110100111110100011101111111110101101010110000101010011111001001101111001100001101110001001010010101110011
11100010010100000101001111101011010111100110001101110011010100110110000111011101111011101111110100011101101111101100010100101011110110111011
00111111010001001111110101101111011000001000110111100110001010110110000100111011010110110011101000101111111110110000011101111110010111010011
01111111100111000111111011100110100110111111111010011011010110111100001010111111100100101111011111110101100011110110110010001110101011011110
10001100111111011110000101111111110101101101110010000110011001010110010100011101010100001111000010101000111111101100100111000011111111100111
00111100010110011000100101001111110100100100110111011000111101001101101001100111010011111011101011111110111011000111101101111011110111111001
11111011010011010010111101011111000111001011110100010110011100111011010000101111001000111111011000111011110000101011110111110111111010111111
11101110100000001101101110010101110111011110100110101010101111110001000100011101001101101100100011111011011101010101111011101011011101110101
01010100010011001101100111111001011111110101111111000011110010111010110110010111111110001101000110111110111111111111111001110111101011110101
10110101111100101101101110011110101000111111101001011011101101101111111001101000011010100111111111000011011111011011011100110110101101000110
00010000011001100110110101110111111110110000101010101111000011110001111011010111010001111100010111110010111010110001111111101100110111100110
11110001100010111101001101010111011001011110001111010111001001111001011111101010110111111111110000110110111100010110011101110101011110111111
01111001101100111100101111110001111101110110000001110111100101100100110110101101110111011011011000100011110110111101010101001001100111100111
01100011010101101111101101000110110101101100111011001011101111100101111111101010111111010001101101001100111010100110011011001000101110111111
11111001100100101001001101011010111111101111110110100001100010011011010000100111010111010110101000111010011110111101100011101000111101110110
11101111111000011101111101000001000010111110111100111011110101010101101100111111101000101101110100101101001101111111001110000111010101111010
11010110011011110100110000011010111110111110101101111111101011011111000011110001010111111111010111110111111101011100100101100111101111110111
10011111001101111010001111110001100011101101001010001111001100101000111001100111101011011010111011010011011011110101011101111111110111110111
01111111000100011001100110101000100100010101111111101000111111000111100100110111101101011110011001010001101001110101101111100001100010111101
00111101011111101011100010110011111000100011001011110110110101111101000101001111101110111111111001100010011100011101010001001110110011101110
01000101110111111101010101110101000101101000101100010111100111110001110111011100011001011110011001111010101010101000111101111011110011111110
11010111100111010110100101100011101101101000000111001110100100110110100110001111101111100110011111000111000001110100100001111010111011100111
11101101110100111111110011111110101011000010101111111111010100011111011111101110011111100010111010111000111101001111100000001111001100000111
10110100101111110101001111110001110110110011111101100100001011100111011011111100111011110001100010000100110111011111111110111011001111111110
11111001111110101111001010111101110001110110110101011000111110010111111110010110101111111001110100010010101101011011111111110100101011001111
10101111110111101111111100110011000111111111111010100100111110100011111110110111011001000110111110111001111010000100101111110111011001111100
10111100001001001001101011110101001011110111111011001111100110110101100101010101110101001111001110111011011101101011101001001011010011011110
01000111001011101111110111101111111011011101101111101011111001110001010010011110011111111011000000000110010111100111011001111010000110011100
00000011001111101101011111111110111111001110101010000011101100111110110110010011100111111001100011111011011010101001110001100111110000111011
11011100111110110111000101001100101001100101011101110011001101000101010000111001011000010011100001001101110110101101111011010110000111001111
11111101110111101110111011111010110010001111011101110111100010110100011101111000001100011101101001100111111001011010000101111011111111001111
01000101010100110110101011101101010011111110111101000011100101001010010101011001001111110000001110001111001011111010111011001000111001011110
10011111111101111111111001111001101011101111110111000101010011010010111111101110111001101001101010000011011111001111101111111000011001001001
00110011011000111110101000111100010100110111111011010101000101100001010111101100101110101011101000000101011110111001111110110101100001110011
10101110101101011110011001101011101011110011100110010111011111111011101111100001110000101001101101000000110111110101100111100011000111111011
11111010010111000111101000011110100010011010010111101110000101101111110100100101011000010100010111010000100000010010110100110011000111111111
11111011001011101010111011001100111101110101111101010000001110111110100111111110101101110010111011100001110000111000111101111101001111111010
11010110100010011010101010111000110011111001001111110101010110101111110011010010011110010001101111110010011111001101110000000011111010111111
10010111110011101111111000100111101111101101101011111010011111000001111110101111001010101111000110001110010111101010011111111011010010100011
10001111011011101111101010101111110000000111011101011111101111111100101111111111101101001101111110111011101001101000100111100101000010101101
10010111111011011101100110101000010000101111011011110000111011001011101101111101111111101011101011110001010101110011011110111011011101111111
01100100111001010011011111000011100111111001101111100111001110011011101001110110111001001110110100111001101010111101011111101111110111111100
11101111011101111111001111111111101101010111010111100101010100101101111100111011100100100101011101111001100100101111110010010100011101011100
10101011110110111111100110111011011101110111111101110100100101110101011101110000011110011110110011101001111000001111111111110111111111011111
10000111101011100111010111110011011110111011101001101110011101111001111010101011110110110000111101011010111110010111010011110101110011101011
10111111111010111011111101110101111110101101011001110111111101010100110001111110111111010110000011011110001100101101011010011110010011011111
11000001110110010001011110110111101111011001110110110111111111111111001010110010111001101110101111110011110111010011011010100010101110100111
00110100010011011110011010000010010110100111011010100111000111110011011101100111111111011101010100101001000111110011100101110100111100111111
00100011110010111100110110100101111111111001101111111111101100010100010110110101010000001110110011100100101011101101111001110110110110010000
00110110111000111011010010010101100001000001010001001101101001010110000111111010110111001110111100111001001111111110111111111010111100100010
01110111100100101001110000101110001111111101111101010001111011110010011111101000101010111111101101111111010011000111001001101011111001011111
11111101011001011111011111110001000111101100110010110000000110101111110011111111000101100110011101010111101111111011001100101110101111010001
11110011101111110111100000111111110000111111111111011011011111111000100101111101010110100111110101110010101101011011110001100000001001100001
11111000101101110010010101110001111011110011100000001001101000110101101110011110011110100111000010111110111101000101010001101100100111011110
00101001111110001001110010010101000010001111111101111010111101100000011011001001110010000111000101111000111111111001000000100011010111101101
10011000010111111000110111111001111011111111100101111101001011111110101111101111101111110011111111101010110101100111101100101011111111111100
10011111111101001111101000011000110011111100011011011101110111001001100111111100101110110111011010111110111101101111111111010011100011111111
01000000110001111111110100111100101011100101011011011011111011011100100110110100000100110111010110110110101011110111000000101110111011011101
01100110010100100100111101011111010111110010010100111011011110110111110101001011100101111100110011100010101100010001110101010111101000001111
00101001001011001011011001111110111010010111100011111000011000111000110010111100011101001011001100010010010111110110010100011011010110010001
11001110100111111011100111111011110010001011010011001101111110110011111111110000011101111101111110001101101101011011110011111101100111000101
01010010111111101111011101000110011001011101111010111101001011010101001111100110011110101101101010011111111101100000100011101110000111011011
11101001101111100010100110111001111101111111000001111111101100101001011110111011101111110010001011010001000101101111110101111010010110100010
11100110010011101001011111111000111110110010101100110111110111111011101111001100110101110001101011100001101111110111100011010100100111001100
11001011100111110111111110010011110111110000011110111101111110111100011011110101101000011111000011100011001011001101111001011000000011001110
00100010010111110011111001111010101001101101001011110111111000101011101101011111111100001100010110001110001111001111010111000111110001111111
10101010111001101111001011010111111000011101011011101101110000101101111110101111001111110110110110001111110101111010010111110111111000111011
11001000010000101111111100000101101110010011110111110110000101110010111101111010111101110111100111111110001111110000111111110011011100110000
01101111011110011101010010101111010111010000001110000111011111111011001111101111111111110101001000011111111100101101001011100000100111001110
11010110111000000011111101111000011111111010100111011010111010011111110111100101111110100101111001011111001111010110110101110101000111001011
11111011101010101101101101011011111101110100001111111011100111100101010110000101010011100111111111101111011111110100100111111001011110110110
01100010100111011101101011101110111001110100100111101111011111110000011011111111101111111111110111000101011111011100100111111010011100101011
01001001001101111100101101100011011011111001101010111111111000111011111010011111111101111110101111011111101001111101100100101001101110111101
11111001111111011011110101111111101011111111101111011111011001011111101111100111001110011010001110111101111001111100111010111111000110010110
