01001111101111111010101001001111100101111101100011110011001101110010110001110000111111001001011011111011111111111110100010111
10011111101111101011111110111010111111100100111011010100011101100010010001101110101100000110001110110010101110101100001110001
00010010001111111101111111011110110111010000001100011111111111010100100110110011111110010011010101111101100000111010111010110
01100111001111110001010011010101011000101101101110101111110110011011010101011011111111011100001010100011011111011110001000111
11000111111111110010000011100011101011111010101011010110000101111101110011011100011011011101110111010011111101110010110010011
11011011110110111100000101001010111100110010111111011101011000101100010101011011110010110111001010110000010110110100110101111
11111101000111111010100011100101111010001000000001011001111001010111010111111101111110100000001001110000110111101110111111111
11011110111011101011111101111111010110111110001100101001110101111011011101011101010110100101000011100111001010101000111111111
11001101011110110011011111001111100111111010101001011011110011010111100100110001010111111101101010001110010011111111111111101
00001101100001011000000011010010111100101111111101100111101111011011111101001101110011101011000000011111110110100110010101011
11111001100111000011001101110011101111100110111001100111100111111001111111101110110111100110110011111110011010110111111110011
11111110101010101100111110110101000111100100111011110101000010111000110101011110101111011110000000100111101111110111101111110
11111111101100011100100010010000001011111001001111111111010101000110100100000100101111011010101010000111111100110111110111000
11111011011000110001101111111111001001100101011100101100111011001111111110011010110101110110010110110101001111111011010010011
11111111100101010101101011011101101101111100100011110111111110100100101011010111011100010011011000111101111110111101111000111
10111110110011101001111110101101110111101100110111111010111011011111101011100111111011111000110001100010001111001000100111100
11100111010110010011010111100010111100111001111111001011111110011110001110110111110111011011110011110010100101011110101111111
00100100000110100010101101001100100001011110111001110101111011011111101010010111011110011001111111100000010101111111110010111
11001011101000001101101101101110111110111111110001110001001001011111111100110101111101111101111111010100110110111101100100101
01110001101001111010110111111111000100111110111001101011111100101010000011100110011010100010011001111101110100001111101010001
11100011000111110111010001010111001111111010110111111001001111001011110111110101100111000111111101011111111101111110011111011
01110001100100011001100010101001001111011000101011111111000101111111111011100001111000011110111001100010111011000111000111111
11100001101101110110000111110101010111111100010111011101011110111101101111111001001111111010111101011111010100110001111000101
01100101101101011111001001011101100100011001010001001000100100000111110111011111000111000101111011101100100100111111111100110
01111010110111111001011000111000111100011011110001101011111000001100101011011001111001101110111100101001110011010010010110100
10111111111001101111101100010000111011011011011011110111110001100000010100111111111100010101111010100111110111010001010000101
01001011001101011011011010011001110001010111111101101101001010001100011101000001100001011110110101101111010111011111111011000
01110001011111100001101111100110111010011101010100111010111010011010101001111111111010011001100101001100111111110100111101111
11100101100001110111010110100001111011000111010101110111111100001111000111101010100110011011011101100110001011100100101101011
10110011100101110111101100010010110101110101101101101101110011000010111001111100110010001100100110101011010001101011100110010
11101101111001001011100000010101110101111110110010000101111111000111110001110011111111111101110111011001011100110100101111101
10011011101101110001111100101010011111010101100100110101010110110101101100110011011011110011010100011110011111011100111111111
11101110111000111110000111111110000011001110010001001101000001101111011010101100001001000110101100111111111001110011100010011
01110111010000011010001011111111001011011111010110100010101111000001011010101011000101111110001110001101111001101111001100100
01011110011011101010110011011001010111011000101100100110011011011011001011110001011001111110110110101111011111111111011011110
11100101111100111011111110000111001010101011001100010110110011101100011100111011100101100111111011010110111000111011101111100
01101011101110010010111001011001111100101111100101100111111111100011110111011100111110010111101101111111001111011100101011110
11101000101111110100111001101111111000110011100111011110101010011110100110101000001011011111101010111011110011111111110100111
11011101111111111011101000000110000111011111111011100111010010100111101010101000111000101011011010000111011010111011010010110
10101101100010101111111111110111011001100011001011100101111000110101001101011101111110011110110011000010101101111000010011110
10011011110010111111111111010010111110100111111101011011110111101001010110011110110101101011110110010011001111111011111101101
11010001011101110111001000111111110010101010100100111010000001101010100011010100110100000110100111110100000111110001010111111
00001101111000000111100011101010110111111100101111001101010111111100101011111110101011110111111011111110101111111111010111111
10010000010011001010000111111101010111111000101110111110011100111011010111101110100101001101110010110110111011101110111011100
11011100111100111111110010100111001011101111001100100010111100111110100010111010110010100010111110011111111100111111111110011
01000100011101011111101111111010110000101000000101011001110011110111101110111010010011111101010101101110010010011010111011011
01111101111111001101010001100100001100111011100100101000111011110001110111111011100101111101101100111110111010001010111100100
00110101010011011000101000111101011111001111111010111101111000111111010111111111101011111011010101010011111001001100111101000
11011100000110111000111001000010010001110011000101010001101010110111101011011111101111011110001111010110101111111101100111111
11001110111110111111111111101100100011111010010010010011011110001111010001011101010001111100000101101111011100111101001011101
10010001011111110111110011111101011010110101101100011110010100111101010100111010000101110010110001010001000011001111011111010
11101110100110110110111001011001000101001101010111100111011111100101101100001001010110011100100100110101111111111100111010000
00110111100011011001111110110100100001001111011100100101111111101110001101010111000011011100111001111101110111010001011101010
01111100011111100100011001101111101111110011000100111010100111110110111111011110110111111111011010110101111111110111111111111
10111000111010111001010011011000011111101101100001110101100100011111110100100101111101000111100001111101001001110111110110111
10110111111110101111111011101111100010111010010111011010011011011110001111111001111010111111010100101110011001111010010101111
00110011111001111101000111011110010111011000111110001110011001111101110100111011111011010010110101011111011111011011101011011
01110111100011111101001011011111001110111011111101111001100101100111111011011111101010001011000101111011100000111001111010111
11100110010001111111101010111010011011010001101111011001100011011110111100010010101011010001111011100011111010110001101011100
11111001011010101001111100001011010010001011100001111110010011101111111110110010111111000100110111000110111100011111101111011
00110000111101111100101000110111011111101010011011011101001101000101110011011110010000101000110010011101000011111111010101111
11101011111011010110110001000110111110001110011000011101111110011111011111110001000010111011011000010111011101110101100111111
11001101001100100001011001000001100110111111111110111100110100011111111001101101010011011011011001111011110100010111011111110
10111011111100011110011000010001001001010011111110100111101001101101111011110111111011110011110001110111001001101110101000110
00011101011101011111111010111000101101001111100101101011101101110111111110101111001011111110110110101011110110100011101100110
00101110100011111110011110101011100101110010110111111111111111111011000101000011011111110011011011011111101110010011100010111
11010011110011011111110100011110101011100101110111001111011101101101111111110101110111111111101010001100011111111111010001110
00011011111001010110111100001011111010111001011111110010110111111110010111001001110011110011011101111101001010111010001110000
10101000111111110110111110010111000011100110111010010110111110111010010101101110011101111110110101001111101011010001000011111
11011111011101000010110101100110110110001001001101100110111111111011101011010111111110111100101001100011111111111101011010011
00000001011001111110011010110101111100110010010010011101011101111010010111001101111101011011100111101101111101101111100110001
00110111111111001010101101101001000111011001011100111111101101001111101011111111000001111000111011100011101001110001000011011
00101010001001111101111110001000111011101111111110000101010111011011011100101010111011010110111110110001110101110100100110100
11011111011100110001111110111110001010010111001111001101010011110111111100100111111111101110000111111110011101110101101100101
11100010101000011011111001011111111101100011111100100011100101111010100111011111111010100100111110011111111100001101101100110
10111111100101101110101111010111001110011110111111101101111111010010010100100111111011111101111110110100101010001111011110111
01011111011101000000001111011100110111111011111111110101110010101001101110100100110010011110101111111010010010101100001111011
01001011011110111111100101010100100010011111000111001110010010111010111101111001010011001101101111111110101110101111111111000
01110100001101111101000101011011010100001011111110101100111110011100110111110001010011100100000110001110000110111110110110101
00110111110000111110111111110011011100010000001111011011110001111111011101110110101111010010001001001110101100111000001000001
11110110011111011010110011111110000110111111101110000111111100010011011011111001010110111110001100111110101101111111100111011
10111111111001111111010011010111001010111100110001010111100110110111111011111110101100001010111010100100101111110111110100111
11111010000110110111011011010011101011110010000110000011111100011100111011110001010011100011001101000111000110110010100011011
11110011101111101110101101001010010110011101001010110110000100000110111001000001110011101101111011101111011111111111100111111
10111111111110011101101100011111000011010010110110011101111101111111010011111111101101101111101101000111001010111000110011111
10011000111111011010101110100011111101001011011111101110101100111111101111010111001110101110000111001011101101101001010101100
00000111111001010011001010000011011100101010111101100101000011011111110101110010101111010111001010011000011101110010100001010
00111100100111111110011001111011011011010010011111111101101001111111111110011001100000101110111110001101100101011100101110001
10011000110110011110011010111110011001111001011111011101010011101010111101011100110111010110001110110010100011110100101101011
01011101101101000010110111100110111111010111011011011111000100001010110011111110100111111001110001011111011001100001111111100
01100100011111101001111010101001111111111110100110100111110001111111101011001001111011111001101011110011110101001110110111110
10101101110000101110100101011011000111101011011100000111011001110111001000010100001110100110000011100101010100101101100010111
00001000101010011110111111110110101111011111101000111010101110011010111110111100010110010110000011110110001101101100110001111
10101000001001111111111111101011001100111011110100101101101111111101100110110000010100010100001000010101111111101111101101110
11010110100010100111111111001000110111100010101010001100001001100111010110111101111110111010010011011111111111110011110100111
01101000000001000110101010111111111010001100111111010001110100001001101011111110101011011000000010011111101110111000101011110
11011101101011001110000101000110011101111111100010000100001110001110001111111110010101111011101101101111001111110111101100111
10101011001000011111111100111010000110010110010111101010111100110101111101001101001111000111101010111111111000011000101110001
11110111001101111101010111101100101011000111011001011111011000111001011111011100110100001011100011010110010001101010101011011
11101110011001101011101000000011100111001111101110111110110011110101000011111100100000101110111101101001101100011111110111100
10100000111000100001101110110111111011000010111001001011110010101111101001101111100101110100001111010110011001110101111011110
00100001111111100011101101111001111110100111111011011111100111010111101001110111111110010101111111101011110011111000101001100
11011001111110011000111001101101101111111011111111000001111101111100110101101111101111001110101111101101110111011011110110011
10111001010111100001101011100110111011101000100101111110111011111101111110100000001111010111011111010110101111101100010011100
11101010010110101011110111010000110101010011101110011100011100101100111110110101110001011010011101010111000001101101011111001
10011110111010100111111011110111111101100001111101011101101101101010011011101000000100100111011001101110001010101001110111111
11011001001111110000110000011011111110111011101111010111101101010111111101110101110111100100111111011001010011110111110011010
11011110010111111111101101110011001010011110100011011100100101101110011011100111111101110011111110010011000010001101001101011
11010111111101110010010011111001001011101111011010111100101010001111110000011110011110001000011110000111011101111111000101111
10011010100101011100110011111101111011011111000110111111100011010010111111000000110101111110111010101111101010000010101101010
11101111111111100110101100011110111101111111100011010111011011011011011111001111111111101101111110101101111010011011001111101
10111100101111101110101111110011101111111110110011011111111111100111110111000011111110111000001111011110001010101000011110111
11110011100001111111100100100101011111111011111111110001110110010011011000111111100111010011110101110111110110110011000010011
11010110111110101111110100111011011011000011100111110110000111110010011011111110110100011011110010011001101110000011100011110
10111010111111001101110110100100111101101011111000100111100110111111001000010110111100100010011010110010001011101101110101011
00000000101111100111011101100100111101101110100011101110111111101110111101110100110101000101011010011010111110101110011000010
10101111101110111111001100111111100111001001111110010110111101011100001011100110111110111111111111111110011001000110001101110
00101111111011100100101111110001001001111111111100111111010010100010010000010110010011000110101000011011111000010011001010011
01110011101100101001101100111011011110001001111101111100111100111001010001111101000000011100010111101100100101110001110100110
01000111111110011010110110011111010101001110101110101111000111101001001011111110110101011110011011010010110111110010101010111
11101011101111011101110010100111101110110111110011110110111101100101111110011110101110010111000101111011111000111100010100010
00000111110110011000110000111011001110011111010111101101101111100010100100001100101111101110110100111101111111100110100000001
10110111100100111110011111010011011111111111001011000111011011111110100011110010010111000111111110011101010010110100101100011
10111111011101101100110100011101101011110110110010101111110111111110110100111000111110101011111110101010011111011111111110101
11011111111001101111111001011011100001001110110011000111110111000100111101011011111110011001101011100010110110111010010101110
