0110111011100111111111111111110111101111111111110111111111110110111111101110111111011101111111101111111111110111111110011111101101001111011011111110111001111111111011
1010111101101111111101011101111101011101111101101111111011111111111111111111111111111001110111011101101111111111111101111011010111111101110111100111111111101111101111
1101110101111111110101101111111111110111111111111111111111111110010011111011111111010111111111111111111111011111111101111111111111111110111011111111111111111111111111
0010111101110111110111111101101101111101111111011110111111111101111011111101110110111111111111111111110110111110111111111111111011001111111111111111111111011101110111
1111001111001011111011111111111111111111110111101111011010111111111100111111111101111111111111111111001111011111001110011011111110111111111111101111011111111011011111
1111000111111111111101111001111111011001111111101011110111010111111111011111000111011010110001111111111101111110111111111111111111001101101111011111111111100101111101
1101100110101111011111111011111110111111111111111111111101111111110111111111111111111110011111101011011111111101001111110111101111111111111111111111110011110011111111
0111111011111100110111011111101111111010111101001111101111111010111101111111110101110011111111110101111111111111110010010111101111110111111111111111111111101111111111
1000111101101101101011111111101110001011111111111010111011111111111111111111111111011111110111011001111001111001100010110111110111001011010011110101111011111111111111
1111110110111010111011111111111111111111110001001111111110011111101111111111011111111111001011101111101111100010111111110111101111111100111111010111011111111111111111
1111011111011111011011111111111111111110111011111101111100101101011111111110011011011111111011111101111001111101111111111111011111111110011111111011111111111111010111
0011010101100011111110111111011011111010111111111111111011111000111111111110111110111111111110011111010011111111011111100111111111111111101111111111111101111111111110
0110111111100110111101111111010111111101110111111010010111010111111111001111111101011111011111111111111111111111101101111111110111011111111111111111110101010110111101
1111011110101010111111111011111110111110101111101011101111111111111000100111111110101111111001011111000110011111111111110111101111111111101111011010011101110111111111
1111111001111101111010111111111101111001111110011111011111001111111110100101111011111111011011111111110111100111111101011011111101111110101111111100111111101111111111
1111111010110010011111111111110110101111110111110111110110101111101111111110111111111111110111101111111101111111111111111110011111110111111111110110101111111111111111
1111110111011110001111111101101111111010111111111111110111101111100111111111111010011001110111110010011111011111011111011111110110111011111111010100011111111111111011
1111111101111111001111111111111111111111111100111111111111101111011100011011111111111111100000110011111101010111101111110110111111110111001111110111111111110111111111
1100111011111111110111111111111111111111011011111111110111111111111111111111111110111110111111101111111111111111111001111111011111111111111001101111111101111111111110
1111011100011101111011101011011111111011111111111111010111111111111111101111111100111011110111110111111110110111101111111111111101011111101110110111001111011111111111
1001101111110111111101101100110111111111111111011111110111111111111111011111111010111110111011111111111011010111100111101101111111011011101111111111100110111111111101
1111111111101101111110111001111011111111011111111111111111001111101110011110111011101111110111111111110111111111111010110111111101111111111111111110110011111111110111
1011111011111111111111011111011111111111110010111111111111111111110101111011111101111111111011011111110111011111101111001111110110111100111111111111111110110011111001
1101111111111111111001101111000111111111101011111111110101110111111111111111111111101101101111111011111111101011111111111111111111111110001011111111101111111101111111
1111111111111111111111110111101101111101111011111111111110111101011011111110110111111101111111111110111111011111111110010100111111111111111111111111111110110011011111
1111100111111011111010111011110111011011111011101111101101110111111110111111111001111111111111111111101111101101111111111101111111111110101111111111111111110111111111
1010101111111111011100111101111011111101111111111110111111111111111111111111011111111111011110111011111111111111111111111011101111111111111111101111111111111110101111
1111111111111111111101111110111101100111101111101111111011101110111100111101001110111110110011010111110111111011111111101111101111011111101111110111111110111011111111
1111111111100111111011001111010111111011111110011011101110011101110011111111011111111111111111101111010100111111101110110111110111101000110111011111111111111110111111
1110111001111111011111100111101111111110111110101111001101111011111110111111111011010111111110111011111011010101111111011001111111111111000101110111010011111111111110
0111111111110110111101101011010111101101111010111111111111111111111111101111111101101111111101111111111111111101110110110111011101101110110111100110111111010111111110
1111111111101111111110111101111011101111111111101011111110111101111111111100101110111111111111011110111111111111111111111111111111011011101111111111111111111100111111
1010111111111101111111110110111101111111101110111110111111101101111001101101101111111111101101010011101011111111111111111111111100111111011101111101111111111101110001
1111110101111010111111111111111110111111011001111110111111111111111111011111011011111101110111011110110110111111110111111111010010111111111111111101111111011011110111
1011101101111111111111111011111111011000111110111101111100110111101111111111111110111110111111111110111111101111111111111111111110111110111101110001011111111111110100
0111111101111110111111111110110011101111111111110110111101101111101111111110111011111101110101111111110011111111101111111111111111111111111101111111000001111110100111
1101111111111111111111111110111111110011111111111111111011111111111111111101110111111011011111001111001101111101111111111111111011111111111101011110111110111111100110
1111101001101101011011111011011111010011111110111110001111111111101101111111101110011111111111111111111111101011110111111011111011111111111111000111111011101011001101
1010101111110101111111110101110111011101110111111111111110111111010010111001111110110110111101111111111111011011111111101111111110111101111111111111011111111111101101
1111111011001011011111111111101111011110110111111111111111111011111101101111111111110011111100111111111101111011111111111111111111011111011111111011101111111111111011
1111111111111111110110111111111110111111011110111111111111001111111111101100111001111011111011111110111111111111110100111111011111110111111001101011110111111111101111
1111111111111011111111101110111101111111101111101101111111111011110111111101111111001011111000101111111101111111111100111100111111111111111111110111111110111111110111
1111011110110110111111011111111111111100110101111111001111111111010101111111111111110111011111101011110111111111011110011111111111110111111001111111110011111101111011
1111111110011111110111000011110110111111111011111010111111111111111110111111011111010111111111101111111111011101111011101110110111111101111111111111111110111101101110
1011111010111111101111111111111110111111110101111111011111111110110101111111110111111111011011101111011111111111111111111101111111101111101111111011111111011111111110
1111111111111101101111011111000101011011011110111100111101111111011111111111111111011110111111111111110110011111111111111110111111111111111111111011111111111000111111
1110111010111101111101111111011111111111111111011111111111101110100111100111111011111101011011101111111111111111101111110100111111111011011111110111111001111101111111
1011001010111011111111111010101011111111101111101011011011111101111111111111101111111111010110111111011111101111111111010111100011011111111111100111101111111101111101
0111111111111110111111111111111111101111111111110111010111111110111111001011111111110111101011111111110101111111110111111011111111111111111111111011011111011011010101
1111101101110011111111111111011011111111111011101001111111101101111111111111110011111110111111111111111011111111011111111111101011111111010111111111111110110101111111
1111111111011111111111111111111111011111101110111001101111011111110111110011111101101111111111110011111110111011101000111100111111011111111000111111111111111101111111
1110111101110111111111111101111100101011111010111110111111001111111101111111101111011111111111011111111011111111111110111111111111111011111111111111011111101111111111
1111011111110101111011111111101111111011110101100111010011010111111111111101111111110011111111111111111111011111111111011101110111110110111111111101111110101011111111
1111111011111011111111111011001111111011110111111101101111001011111000111111110111111111110111101111111111101101111111011111011111111111111111111111111101011001111111
1111101111110110010001101111111111111111111111110111010110101111000111011111110111111011011001111111101111111101011111111101111111111110111111111111111111111111010110
1011011101101111111111111110111111110111111111101111011011111111111101111111110111111110101111111111011010111011111111111111111111101001111111111111111101011110111010
1111110111011111111111101011101111001111111110111111111101111110111111101110011011111011111011101111111111111110011011101111111111110001111100111111101111111111111111
1111011110011110111111110111011011011101111111111111110110110111101111111110101111111111111111011111101101111111110111111110011111110101101101111010111101110111110111
1111101110110101111110111111011111111111011111111100001111011111001110111111101111111101111011100111111011111111011101101110111101111111011111111110011110111110111110
1111111111011100001110111110111101101111011111011010100111101111111111101101111110011111011100111110111110011011100111111101111111111111111011111100111110111011011111
0111101111110111111111101011111111011111111111111111011110110010101111110111111111110011111111101111101011011111111111011111101111111011111111101111110111111101111101
1111111011101111111111111111101111111110101111111111101111110001111110111011111111101111111110111111111110111111111101111011111111111110010011111111110110101111011111
1110111111001111111111110111011001111111111111101011111111111001111110110111111101111111111111111111011101111010110111111111011011111111111110111111111111110100011111
0101111011101111111111111110111111111111111101010111111101110110111111111101111010011101111111111110111111111110111101111111110111101111111111110011101111011011110111
1101111111011111101111110111111111111101110110111111110111011111011111111111111110001111111001111111111110111111011110101111101111111111111111111111111111111101110111
1111111110111110011110111111111111001011111111011111110110010111101010011101110111011111111100111111110111101101001101011111111101111011111101111111111010111111011111
1101110111111111011111011111011111111101100101011101110111111111110101011111111110101111111111111011001110111111111111110001111111101111111111110111111110111111111110
1100111111111011111111110111011101111101111111111111101111111111101011111110111101111111101000101111101111111111111110100111011111001111010111111011001111111011111111
1111011011111011101111011110111101111010110101111110101011111111110101111111101011111111101111111111111110110111110011101111111011111111011011111111110111111111111111
1111011111111001101110111010101111111101111011111111101111011001101110011011111111111111111011101111000111101111101111111111110011111111111111111111011111111111110101
1111101111110111101100111111111110111111111111110111110111111111100110011111111111111101111111111111111111111011111111111110111111111101111001110111111111111111011011
0111111111110001111011111111110101111110011111010111111101101111111111100111111111111111111111111101101111111001100110111110111111111111111010011100111111111111110101
1111111111111001111111111111111111111111111111011101111111110101111111100110111011011011111111101110111111011111110010111101101111110011101011101111111111111011111011
1101111111111111101111011111111111111101111111110101111111111011111110111011001111101111110001111111111011111111111111111101111011111111111111011111111110111011111111
1110111111111101111111111110111001110101001111111111011111101110101111111101111111111111011101111101101110111111111001111111111111111111111111111111110001111110111110
0111111111001110111110110111111011101111011111111111111100111111111011110110111111101011101111011111110111111111111111011111011111001100111111110111110111111111110111
1111101110011111111111111100011110111111111011111111111101111111111111111011011111111111111111100111111100111011101111111111001111111110111101111111111011111111111101
1111101111111111111111111110111001111011111111101110111110011111111101111011101011010010101010111111111111101101110111110111111110110111010111111111101011111101011011
1110101011111111111111110111111111110111111101111011100011111111101111111111110011111101111110111111111111111101011111111111111111111111111110111111111101101111011111
1111111111011101011100111011101110101111011111011011111101111110111101110111100011111111111011111011100111111101011111011111111011111111110101110111110111001101111011
1111011011110111111011011011110111111111011111111101111111111101111011111111111101110111111101111101111001110110111011111111111110110111101110011110111101101110111111
1110111111101011010001111110111011011001111111111111111111101110010111111111111110111111111011111111111101111111111111101001110110110010110111011111111100111011111111
0101101101010111011111111111101111111011101010111110111111101110001111110111101111011011001011111111111111111001111111111110101011111111011111110111011101110101111011
1111111111111011111110101111110111111111101111111101111111111011010111111010111111101111010111111101111111101111111110101111111111111101111111111111111110100111010111
1101111011111111111111111111101111111100110011110111011111110111111111111111101101110101011011011111111100111001101111111111111111111001111111101101011110110011011111
1011101011111111011011111111111111110110001111111111010101110111111111110110101111011001111110101110100111111001011110111101111011111111111100011111111110110111111111
0011111111111111011111100111111110101111111111011111111111011110111111011111110111110001110101111111111101101111111111111111111011110111011111100011111100111111111111
1111100111111111110101111110111111011101111110111011111011111111111111111111101111111110111011111011101011111111111111011111111111011110111101110110011101111111111110
1111110110110101111111111101111111110111110101001111110111101111111111111101111111000111011010100111011111111111111110011011111111101101111111111111111011111110111111
1111111110111111101111101111111101111111111111110111111011111111111001111110101111011111101111110111101111111000111110111111101111011111101111110010011110010111111110
1011101101111110001010111110111110101111111111101111101111111111111111111011111111101101110111011111110111111111111111101111111101111110111111111111111111111111011111
1111101110011001101101011110111111111111001101010111110101011111011010111011101010010110011011111111111111111011111111101101111111111111111111110111011111111111101111
1111101111111011101111111111110101101100101111111111110111101111001011111001111101111101111101110011111111111111111100111111110111010111111011101111111101011111111100
1111111111101111101111111101101111111110101111101111111111101011101011111111100111111011011110111110011111111011111110111111111111111111111111110011101111010111111111
1011111101101011111111011110111000110111111111111110111110111111111111111110111111110111110111010110011111111111111011111111110111111101111111111111110101111111011111
0111110110111110110111111111011111110111100001011111101101010111111010110111011111111011011111101111111111111011111110111011011011010111101110111111111111111111111111
1111111011111111001011111110111101111111111111111101111111011111111111111111011111111111001101010110111011111111110101011111111011111111101101111111110110110111100111
1111110101111111001111101101101101111111110111111101111111111111110111111111111011111110111101111011011111111111110111110111011111111101111111111101111111101011111011
1011111001011111111111111111111111111111111111111111111111111111111111101101111101101111111111111101000111111110010111111111111110010001111010011011111111111011111110
1111111111111111011111110111111010011111011111111111111111101110111111110111111111111011111110010110110111111011111111111110111110111101111111011011111111101111111111
1111010111101011011111111111011111110111111101101111111011111101110110111111111111111111011110011001011011111111111101011111101111111101111111110011111111111111111111
1011011110111011111111111011111101110111111111111111110110110111110010101101111011111010101111111101101011111111111111101111111111110000101011011111101111111011111110
1110111111101001111110011110011110101111110110110111111111111111101110111110111011111011110111111100110110011111100100111111111111111011111110110111111111111111011111
1111111101001111111101111111101101101111111111111010111011010111111111111011111101111110111111110111001010111111110010111001101111111111111110111111101101111111111111
1111101101011110101111111111011111110110101111110111111110111101111111111111011100110101111111111111111100001101111111111111111111111111110111111111101111101111110110
1110111111111011111011111111011110111111111110111101111011101011010101111101011111110111111111111111110000110110110111111101111101111011101111111010110110111011011010
1101011111111011001101010111101111111101111010111111011111100111111111110111111111111111111111111111110101011110111111110111111011011111011111101111111111101011101111
1111111110111101111111101011111111011011111111101111101111111111101110111111101111101101111111111111111101101011110111110111011011110101101111101011111110111101111111
0111111110111101101001111111101111111111111111111111111111111111111101111111111101111111111111111111111110110011111011111101011110011111110111111111111111101111011011
1111111100111111111111101110111111111000111111111101111011101101111111001111011111010011101010101110111111100010001111011111101111011111110011111101110111011111110111
1111110101011111111111111011100111110111111011111111100111111111101111101111100011010011101111111111111101111101111111111111111101111111111111101111111111111011101111
1110101110111111111111111111111111111111111111111111111101111100111111111111111101111111101111111101111110011010101111111011111111111101101111011111111110111111111111
1111010111101111011111111111111111111111110111111011110101011111001111111111110011111011111111111101111111111011001111011111111111101111110111111011111111110011011111
1111010101110111101001011111011111101111111111011101111111101111101110101111011111110111111111111111110111111010001111101011111010111111111101101111111110011111100111
1111111001111111111101111111110110111011011111110111111110101101111101100111101111111111111111110001110010101111110100111111111111111101111101011111011011110111010111
1111111001111111110110111111111111111111111011111101111101111111111101110101111101111111111111011111111011110111111011111011110111011111001001111101111111011011110110
1001111111110101110111111111111111111111001111111101111111011010101111111101111111111111111101110111010111111111110101111111110110111111110111011111011010111111100001
0111011001111111111110110111010111111111000111111100111111111111011011100111111111101011001100101111110011111111110110110110111111100111101011111101111111011111110111
0111011011111101011111010111101111111111110111101111001111110111101111111110111011111110011111110111011111111011011111011001111011001111111100111011101100011111111111
1111111111101111111101011110111111111101111011111111111101011111011001111111111110101111110011111111101111111111101111101111111110110111111101111111111011001111110110
1111110000101011101110110111010111111111111111001111111111111111110011111111101111111111111111111011111111001111111110110111101111101111111110111111111111111111111110
1011011111111101111111111101101111111011111111110111111111111011110111111111111110111111011111101111111011111110101011011010111111101101111111111011111111111111111111
1111111111111111111101110011101111111111101101011101010111101111110111110011111110111011111011111111111010110111111111011101111101111110111101111111111111110110111111
1111111111111110101111110111111111111111101010011101111110011111111111001111111111011111111111111110111111111111111110111010111111111110111111011111111111111111111111
1011111111011110110111111111110110111111011111111111101110111101111011111110011111111111111111101011111111100111111111111111010111011010101011111011011111011111100111
0111110010111011111111111100111111111111111111101011111111110111011111110111011111011111101111111111011011111011111111110111101010110111111101111111111111111111111100
1011111101110111011111011111011110111111111011101111011111111110111110111111111110111111111101011111111111111111111001111111010011111101011111111111111111010111110110
1110111111111111111111111111111110110011111111101011111111111101111100111011111011011001111111100111111111001111101111011111100011111111011110111101110111011111111111
0111111111111101111010111111110101111111111111111111111111011111101111111111111111111111110111111111111110111101111111111101111101111011111111111110111101110111111111
1111011111111111011111011111111100011101111111111111111111111111111111111111101100111111111111111100111111110111101101101111101110011101111110111111111111101111111111
0110101101110111111001111110111011111110111111101101111111111111111011111110111111111110101101101101111111010011111011011111011110011111111111111011101111111110110111
0110101101111111111111111111010111111111111101111111111011111110110011111110111111111111011111111111111111111111011110010011111111100110110111011110111111110101111011
1111111011111110101111111111111111111111010111111111011100111111111111110111101100111101111101101101101111101111111110101111101111100111111011111111111111111111111110
1111111101111111011101111111011011111111111111011110111001110111101111110111111110110111111111111101100110111111111111111111011101111011111110101101111011111111111111
1011101110111111111111011111011111111101111011111111111000111111111111011110111111100111011111011000001111101110110111111011110110111101101111111011111011111011100111
1101111110011101111111001011010111011111111111111111010111111011111111111110011110111110110111111111101111111111111111111100011111101110111011101110111111100101111001
0111111101011111101111101111101101111110111111011011111111011011111001111111101111011101111111111111111111011111111011111111110011111111010010010011111111111100111110
1111101111101001101001101010101011111111111101111111111110111111111111110111111101111111101111100111101110101110111010111111011111111101101111111111111111111111011111
1011111101111111111111111111000111111111111111111011111111111011111011111111101010111111111111111111111101110011011101111111111111101111010011111111111101111111111010
0101111101111111110111101111111111111111010111111101111111101011111101000111111111111111111101111101101111111011111010111111011111110110010010100011111111111011111111
1111111111111111110111111111101101000111010111111101111100111111101111011111011011111010111111110111111111111111100011001101101111111111111101101111110111101111011111
1111111111111111111011111111111111111111111111111101111101111101111111101111110101111011111111101101110011111111111111010111111010111011011010111101011111111110111011
1111101110111011011111111111011111110011111111111111111111111111111111101011111100111011111111111100101111111110110101111110111111101111011111011100111111111111111101
1011011111111111110111111101110111111011011111101111111111110111111111110111111111110101111101111111111111001101101111111111111111111010111001101100111111111101110101
1011111100111110001011111110100111011011101111001111111111111110110111011110111011011100101010111111010111111111111111111111111111111111011011110011111111111111111111
1111111111011011111111111111111111011110011100110111111110111110111011111111111111111101101110111100011110101111011111011011011111011101011011110011111110110101101111
1111111101111101011111111111111100011111111111111111011111101111111111101111111111110111111111111011111111111011111010111111111011111011111110001101100110111111111011
0111111111111000011110111111110111110111111111111111111110001111111111101111111101111110101111111111111110111111111111111111111101101110111111001110100110110111010101
1111011110111011011011111111101111001101111111110110111111011111111010111111111111010110101011111111111111111111110101111111011111111111111110111111011011111111110110
1111111111111110111001101111111111101110111111101111111101111110111011111111101111111111111110111111101001111111111111011111111111011111111111111100101111011111111111
1111110111110111111100111111101111101111010111111111111111110011111101111100111011111111111111010111111110111011111111111111111011111111111101111100110111011111111111
0111110101111111111110111111101111101011110111011111111111111111101111111101001111111111011111111111111111111111110101101111111111111001111111111111011011111111111101
0111111111100011110111111111111111101111111111011111101010111111111111111101110100011100111101011111111011111111111111011111111101111111110111111111111101111111111111
1111111111111111111101010110111111110111101011111011011111001011100111111011111110100001101111110111111110101110101101011111111111111111111111111000111110001111111101
1110111111110111111011111111110110111111111101110111101011111110111111111111111011111111101100111111111111111011101010001111010011111111111111111111100110011101101111
1011101011111101111111111111111111111011111111111110011111111011111111111111110001101111111111111010111101010111111111101111111110111110111101111111111110101111010111
1111100111110011101111010011110111111111111111111011111110111101111111111111111111000011101110110111111111111111010111111101110101101110111111111010111111110111111010
1111010111111111111111010110111110111011111110110111001111101110111011110011111110110111111111111001101110011101011011111111111111111101111011111111111111111011011011
1110101111111111111111101111111001111111110010001001101111110101011111111111101011011111111111111111111111101111111111111111111111101110011111101011111111011100111111
1111111111110111111111111101011011101111111110111111111011011101111111111101111101111111011111111111111111111111111111111101111111011111011110111111111111111100111111
1111011111011111111111110111111111111011111111110111110111101001101111011111100111100111110111011111110110110111010111111111111111111111101101111110111111101011011111
1011111111111111111111111101111111100001011011111111111111111111111111111111111111111111111011110111111111011101101101111111011111111101111111111011111111011111101110
1110111111011111111110111111111100000111101111110111110110111110011110101110111111101111111111110111111101111011100000101111010111011101111111101110011111101111110110
0111111111111111011111011111111101111110110111111111111011111111111111010111101011011111111111111011111110110111111101111111111111101110110110111101111111110011111011
1111101111110111111101011111111101011001111111100111111111110111111110101111011111111111111101111111111111111111111101111111101111111110111111001110111010111111111101
1111111111101111110111111111100111010111111001111111110011011111110111111101111111111110101101111101101100111111111011100111100111110111010111111111011111110111100110
