01111111111111110111111111111111111111111111111100111011111111111101111001111011111111111101011111101111111111110101111101111111111111101101110101011111
10101111110111101110110001101110011101111111111011001111111111011111111110011001111011111110110111110010101101101011111011111111111011001011111110000111
11011101101010011111001101101011011111111111011111111111111111111111111111110011101110111010011011010011111010110111111100111111111100111111111110011111
10101101111110111101011111111011110011111111111110111111111110111111011111111111011111111111011111101111011111011011110100111111111111111111101111011010
11110010111101110111010111111100101111110111110111101111111111111011111110111010010111011111010001110110011001111110011110101110100111111011011111010111
11110011011111110111110111111111101111011111101111111111111011111111110101101011101110111111111001110111011111010111101110101110111011101011111111111101
11001101100011110011001111111111111110111100111111011101111110010111001101101111110111111011111111010010100111111111010111110101101111111101011001111001
11110110111110111111110111011011010111111110111010111111111001111111011111111011110011111001111010110111110101111111011111111101111110011011111111110011
11111011011011111001111110101111110111111101101111101101101110111011111110111011111111110000111110101101100111110111011010111111101011111011111110110000
11011101101111000001111111011001011111110100111011111011111101111011111111110110111101111111001101110111101100011011111111110001110001111011111101011001
10111101110111111110111111010111010111011101101111010110111111110111011110111111111111011111101101111111111111011111011111111111111101011101101110101111
11011101011010101101110111110111001011111110110101111101111110110111111110110111110111111111111011111101111101101111110110101110100011111101111101101111
11110111111101011110111111010111111101111010111011100111101111011111110110110110011011111101101111010111111111101101111110011111101011101101011001010110
11001110111010111111110111111111111111111101111011111111110100110001011110111101111111111011111111111011110011110101111011111011111111011111011110111011
11011111101101011110111101010111111111111011111111101101101111101111111111110110101111111101111111111111111011110011111101110110111011111110111101101111
10111111101011101111100101011111111110010101111011011111110111011111101101011000111111101111110111011011111011110010100111111111110110110111111111111101
01110001101111110111110111111001110001111010111010111111101101111101111011011111110110011101111101110010111110101111101111111011111110111111111111111011
11111101001111111001100101011111101101111111010110011111101111111011111111111011111111111111111110111111100111111101111111111001111011110111001011111111
11101111001011111000111000111111000110111111111111001011110001111011111101111111111111111111101011110110011110011110101101101111111010111111111111111110
10111111110101011100111111000011110111110100111111111111110111111001111111101011111011011000101111100111111111111000111111101011111111111110101111111111
11000101111111111111011001111111011111111111111110111100111110111001101111010011110001111011111011101111110111111011111101111011111111101111111001110111
11011101111111101011101110110111110100101111011110111111111111111010011111111111110001010111111110101111111110111001100011001111111111111110110110011100
10110010111010100011110100111011111111111011010111111110101111101111111111101111111111101011110010101101111100100111111111101100111111001101010111110111
10111111111111111101011011111111101111011011011110111111101101110111111111011111111011111111111111111111110110101111011101011011111101111101010101101111
10011111111111001001010101110101111111101111111111101111111110101101111111111111111110111111111111100110110011111111101111111111111111111011111011111101
11111111011111111101100110111111111010111110110111111111001111010010111110011111011111101011110011110111111110111110111011110101111011110111101011111111
11111110100101001010111111011111010111111101111111111011110111111101101111111111111111011110101101111111010111111101111111011110011011111111011101011001
10011111011111111110111111100101111101011011111100110101111101111111111100011111111000010111101011100110101111101111111110111111111111010111111000011111
11111111110001011110101101100111111111111001100110000110111111010110111111010111111111111110100110011110111111101110111101111011011011010111101111111111
11001110101111110110110111111000111001111111111111011110111011110111101101111110101110110100111111011111111111111111111110111101011110101101010111111011
11110111101111110111111101101000101101111100011010110111111111111110101111100100100001011001111111111111000111000111001111111111111101111111110111110001
10110111111111111111111111111000111001110111111101111111101111101111101111111011101100011110111111101111111111011011111011111101011110111011111101101111
10011110100011111101011111011111011101111110111111111011101111110100101011101101111011011111101010011111101111110111111111011111001111111110001111011111
11110011111011111001111011111101101101110101111111110111011111101101111111110111111110111000111101111001111111010111110111111101110110101111111111100111
11101110010111110100101111011111110010111111111001011111111111111011111111111000001001111111011111101110110111111111110011110011011101111111111101111111
11101111111011110111111110111010110011111110101111111011000010011110111111101011001101011111001110111111111111101110111111111110110111101110111011111111
10111111111101110011101111101000001101111011011001110110111111011111100101111011111011111010100110111001111110111111111100111010011111101111101110111111
11111101111111101101101110111111110110111110101111110110011010011011111111101001011011011110111111111011010100111101111111011011111111010111110111111101
11111011110111101111111011101111111111010101011101111111110111001101010011111111111111111111111111101111110110111111111100111111111100111011111111111111
11111111111111111111101101111111111111101111111111101011111111111001110000111111101011100101011011011111101101111010110110101111111111111011110110101111
11110111101111101110111111111110101111010111111111110111011111101001111110111001101111111111110110111110111111111111111111100111111111111101111111111111
11111111111101010111110011100111111101111011111011111111111111111111001110011101001111111110111111111111101011010101000111111110110011101011011101111111
11111101000110101110111111010101101111011101111011111111110111111111100111101010000011011111110110111011111101110001001111000011111110110101111101111111
11111100101001110110111110111101011010111110111110111011111111111110110101111111101011111101111111111110100111101111110111111011111010100111110110011111
11011111111111111011100011111101111101011111011111111111010110010111111101111111110010111100111111101011011010101111111110011100111111111111111111101111
11111011010111111111111111110111111010111111101010111101110011100011101011111111111101011011111111101111101111100101101101110011111111011001101111101100
11110111111011111011110110110111111111111111110100111110101011111110111111111111101111100111111011110111011111011101111110011101101100011101111111111110
10111110101100100111111111111101110101111001101011110110011111000111111101011111100111111111111111111110111111101100101111101111011111100111111111110100
01111111111011111111111111101110110101011111110101111101101111111101011001111111001111111101111111111110111111110111111111011111100111110010111110111111
01101110111111110011001011100101111111111110100110101111011011111111111111111011110111111011011011111111111111101110111000111111111111111111111111011111
10111101110111101001111111110011110111111111111111011001001101110110111110111111101001011011111011110011011110101111111001111111010111101111101111111110
10110111011101011101111101110111111111101111111110100001110011111010111111111001111111111110111111101111110001101111111111111111110001111111011111011001
11111111110101111111111111100101101100110111111011100110111111111111111101111110111111111101101101111111111111111110111101111111011011111011111111100111
01111111101111111101111111011111011011101110111111001010110111001101111101111111000111111111011001101101111010101111111111111011101001111111110110101111
11111101011011011111011111101111111111111111101101001101111110011101000101101101001011111101101100101110011110001111111111001111011010111111111101111010
11111111110111111111010111110011111100111111110011110010111000001111100111111111111110111001111111111111111111011111011111110110111101111110111110111101
11111111111111111111111110111111101010110111011010011111011111111001100111111111101110110111101111110111010111111011101111111010111101110111101110111111
11111111011101010011110010111110011011111111110101011111101111110111111100111011011111110011011111111101101111111101110011111111111011111111111111110011
11111111111110101100111111011111111011011101001111101011110110111100111111101011101111101111010111111011111110111110110001111111001101000111111001111101
11111010111111111101111111111011111010111111100110101110111011101111101111101111010101111111010111011011111111110010101110111111101010111011101111101110
11111110101110110101111011101111111111111111111111011110111101101101111111111111111111111101111111010111111011001111111111111011111111110110111111111100
11101101011010111111011101111111111010111111011111111100110110001101111001110111111111111111111011111111011101111111111111111101110111011111111101110011
10111101111101101111111110110111111000011111011011111000111110011010111001111111011110100111111000001100101111001000111100101111110111110111111111111101
11111111111111011111110101111110101111010111101011111010111000101101111111111110111111011101111111011111011010101011111111111001110001110101110111100110
11111101110010111111111010110011011111111111001011011111101111110111111110111111110111111111011100011111111101101111111111110111111011110011111111111111
11110111001110111000001110111111110110100111101111101111011111011001010111011111011111110101111110111101111111011110101011111111011110101010000111110111
01111111111110110110011101011111001111000111111101111001010100101001111111110111111110011111110101111100111101111101111111111111111111111101111111101111
11111111111111111111101110110101011011111110110111001111110111011110110010011111101101111010010110111111101111111111010111111011011001111111110011011110
11101100110110111111101111111111111111011011111101111101111111111011011111111011101111101111111110110011101010111111011110111110011111011110110101111111
11111101111111101111011111011000011101111001101111111100011011111111101110010110101010110111000110111111111111111111111110100111011011001011111100101110
11111011111101111111111111111111111101001100111111111100011111111010110111111100011111110011101001101111111111111111101111110111111110101111111111111111
01111111111111110111111111111111011111001111101101111111111110011110111011101101011111101101011110100111111111010101100011001101011110110101111100011101
01111001111111101101111111101011111101101110011001110001101110011111111101111111111101111110100011110111010111111011010111011101111101010111101010111111
10110111010000111111111110101111111111100011111111011111101111110110101110101000101111001111001011111101111011001110111110111010110001101011111111101111
10111111111111100111011010100111111111111011111011111111111111111010101111010110000011111100110111110111011111010101111110110111111100111111010111110110
11111001111111111110110111111101011010111101111111111101110011111111111010101111101111110111111101111111111011100011111011110111010110111111111011111111
11011111101001011111011111110101101111111111111111111111111110111101101111010101010101111110101011110101101111111111011110111011110111011101111111111001
00010010011111101010011111111110110000110101111110101111100111111111011110111011111111111111111110111111111110010101111011011011110111110111001011011001
10111111111110101111111111111101010110110011111111101101111111111111110010110101111110101111111101101111101111011111011101111001111100111111000111111111
11110111101101001111111111111001110111111101111111110111111111101111100110011110111111011101111101101111111110110111011111011101111101111111111011111111
11100111111101111111111110111111110010111001111101111001101011011011110011010111011001111011000111011111111111111111111111011111100111011011111111111010
11011011111111011111111111111000110011100000110001011001010111111110001110001111101111111110101001011111101011111101011111100100011111101110101111101111
11110100111011110111001111111101111111111101011010111011111011110111111111010111110111001101101101011011111101110111111110101110011100101111111011111111
10111110111101111110001011101101010100101100011111011101111111111111101111011111011011011111111111111111100011011111111111111111110111010011101111000100
11111111101111111111001111101100110011111111101111011111111011111110111101110111011101111011011011011101111111101101111111010111110111111101111011001001
11011011111111110111111101101010101111111111011111111110011111011101101111111101111110100100110111110111100111111111111011011111101111111110111111111101
11110111110111110110101111001100011010111101101111011111111111101101111110111110110011010100101111111111110001111111101111111100111111110100011111100011
11111111111111101111110110111111111111101111110111111111110111011111011010111101110110101111100111110111111111010111111011111011111111110111110010111111
11111111011111111111101111101011111111101111110111111111001111011011100111101111111110010110111010010010010110011111011111011110111111110111101111011111
11011100011110111110010110111101101101111111101110011110101111111110110111111111011101111011011111111111111111111100110111111110010001110100111111111011
01111110011101010110111111111001101111101110011101110100111101101011111011011110110110011101111111011011111111110111111011111001111111111011111000110011
10011111011111111110111111010010101100111011011111101111111111111110111101010111101110010110011111111110011011100111111001111111111111101111111011100111
01000111101111111111111111111111110011101111111110111011100011110110101010111111011101111010011110111111011110011111111111011111001110111100111011111111
11111111100101111100111111000111011001111111111111110101011111111111100100110111000111001111101001011011111111000101101110111110101111111101101010011111
10110111111111101111110110110111111101110101111111111111110011111100101101011111011110101111110111011111111111110111101001111101101101111110111111111101
11010010111011111101010110101111011111101111110110011011111110011111110100110111101101110111101011001101111011111111111111011111110111111111000111111111
11110011100111110111111111011111101111111111111111110001111111010101110111101100100111111111101101011101111111111111001111111011110110111011101101111011
11111110011111111011100111110111011001110101111111111101111111010010001011111011111111110111011110001110101111111011110111111111111111111110111001111101
11011101111101101111111111110011011111101111111111111111111001000111111111111111000101110101100000011011001111111111010100111111111111111110111110111101
01101111011111111110000101101110110111011111001111101001111111011111110011111100111111111111111010101010111011111111111111111011111111011111111111101110
10010000101101110100111100101111111111111111110111011111011101111111011001010111111110100111111111110111110110001110111011111011111111101111110100011110
10011101111110100111111111111111101100111101011111011111110011111111011111111111110111110101101111001000111111001011111110001101111111111111110111111111
11111111011011111111110111111111101101111111111111111011101111011001111110110111111101111111111001111001111111111010111111111110011101011111110111111110
10110101111111110101111101100111110111110110111001111101111111011101111111111111111111110110111110101010111111101101111111101111111011001011101111111001
11100011111111111101111111011101111110111111010111011101011110101111111101011111111111110110011111011111001011111111111101111111111100101111111111110101
10111101001111111011111111101101011111101010101111111111101111011110011111110101101010111111111110011111001111001111011110111010111111110111110111100110
11111100011110111011011001011101110110011110111111101111011111111111111101111111111010010111111111110111110111110100111111010100001101011011111111111111
11010111111110001111111101111111111111111011011111101011111101101111011110101111101011011110111011101111011011001111101011001101111111111111111111111110
10110110101011111111110111111111111110101101111111101111111110110101111111111111110111011111111111111111111101111110111111010111101011001111111101101111
11011111101111110101100010111111111100011111011111011001110111101111011111111010111111110111011111110111111110111111111011011111111110011110111101111111
11101011100111111101111111111100101111111011110111111100111101011011111010011001111011100111001111110011101011011111011111111110111101101010111111011111
10111111111001110111110011100101111011111110001010001001111101000111111110101111111101111110101111110010101011101111101111111101110110011011111111110110
01011011011110001111110111111101001111111001101101111111111011111111111011001010110111101100100111111111110111110111010111111111011111110111111111111101
10101111101111001110001111111110111111101101111111111111011011001111111101101111111111111111111110111001111111111011111011101111111011101111111111101111
01111111111100111010101111011111111110111001100011111111101111011101111011011011101101111011101111111110110111111101000111101110111100011100101011111011
11110111111111101100111110110111111011101111111010110111110011011011111110111111111111111011111111110101110101111110101111111011101111001011110111111111
11110100010111111111111011111101111111111001111111111110111111111110011101110100101111110111111101011111101111010101011110110111001110110001110111110111
11111011111111100101101101111101111111111001101011111111011011111011110011111111111111011111100101111111111011101100101111111110111110111011001010111110
11101101111011101111101111111111100111101010111111111111100111111110111001111111111111111011111110011111111111110101110110111100011101111111111011110011
10111111011110111111101110111110110111111111111110011111100111111011111011101011111110101100110111110111111010111011111000110110111011010111111110111110
01001111111111011101011011110111111101011111101110010111110111011111111111111101111111111110110111011111011111111111111001101100111011110000111101111110
11000011011001111111111111101011111101001111010110111111111011011111001110010111110111111111101111011011101111111111010010011011101110101111101111111101
11111111111101111111101011011111011110111101010101111101111111111111111001111010011100110111011011111011110000111111111110011110111001111100010111110001
11110011111011111100100111111111111111100101111011111101111111011111101011111111100111111111111111111010111011111001111101101111111110111111100011111011
11111101101111011111111110111111110111110101101111111110111111110111100111001111101101111111111111111111110101111111011011110011111110111110011101111110
11111111101110110010011011110111110100111100101111111011011101101110111110110001111111101101111101100111101111111110111110110011111011111101110111111111
11111100101111111011110110111010101111111111010111111111111110101111111001111100101111011101110111111011110011101111110101111101110111101100011111111111
11110011111011011111110111011111111001111011011111111110011111111111011110111111100111010011101111111101100111011101100001011110111111001111101100100011
11111111111111111111111111010010010101111111111011010101110111111010001011101111100111111011011111111101110111110111010111111111011101110011111111111111
11110101011001111111111111111111011111111111110101111011110011111111111111111111011110111111000111111111110101111110011110111111101011111111011111111111
11110111101011101111111111111111101011111011111101001111111110001111111110100011011001111011111001111111111111101111111111111101110010011110011111100011
10111011001001011001111110010111111111111010111111100001101011100110101110111111111111111011111111111110111101111011111001011011100011110001111111010111
11011111100111111111111011111101110111011111110111101010010111101110111100011100110111111011110111111101010111011101110111011111011101111111111011111111
11011110111111100101111111111010101111011100110111111101111011111011110011001101110111111111011101111111011110101101001110100111110110110111111011111110
10111110110110111111110111100111111110111111100111111111110110111111001101110111011011111111111111101100110100101100111011111110110111011010111111101111
00111011111101111111010111111011101001111010111011011111110111111011100110111111100111111110111111110110011101011010111110111100111111101011110111110011
11111111111111101011111110100111111110111100111001111111010101000111111001111011111011000011111111111111101111110111011001111111011010110101011101111111
10110010001111111111111101111110111111001011101101110111111011110011101110111111011011111101111101111110110111001110001101111111011011001011011111110011
01111101110001111111110011111011111111110101100111111111111111101101111011110111111101011011001111111111111111111101011101011001111011110100011101111110
11111111111111011110101111111111011011111111111101111110111101111011011111111111101110011011010110011111111110011101111101010101110111011100101011001110
11110101111100111011110011011011011111111011111111101111111111111011111111011001111111011111111011111111111111111111101111010101100111110001010110110111
11101111110111111010111110110111011101111111101111011111011011111011111101111001101011110111101001111110111111111101101110101110111111111110101111010111
01111111111111111111100011111001111110101110111111111011111111101010011111011101111111101111111011110001101111111110011111001011111111101111010111101110
11111101111101111011011100101111111011111111111111111111110111111110111101101010110101101100001110111111111111111101100111101111111100111110111001100110
01111101101001011111011011001110110111111001111111111101110110111111001011111111111111111101111100110111111100111111111101110110111111110101111001111001
10011111010110111111101111101111111101101110111101111010011111111111101001111111111111101101101111010111111111111111101011111110111111111111011110110111
00000111101101111111101111001111011111111110111110101111111111111110111011111011111001110111101111110111111111011111111111111111111011111110101111010111
10111111110011011111111011111110101111101111001111110011111011101101101110111111101001011110111111101111101101111011111111111110110111011110110011100111
10110110011101111111010111111101101111111111111011110111101110101011111111011111111011011100111111111111001111101111010111011110110011101011001010000111
11101100001110110111111111011001111111111111111111101101101110111111111111110011011101011001111101111110111111111101110111001110110111101011111101111001
11111001001111101111101101011101111110111111101011101110110101011111111011110011111000111111110110011110011111110111111110011111111111111111111101111001
11101111011101111101101111111111111111111111100011011101111001101110101111011111011011111111111111100101101011101111101001110111111110111100110011111110
