00011010101001001101101001101010010110111101111011000111011000101001111011111000100010011010011111111111100110000001001011111
00000011001101000111101011100011110110000001001010100000110011000101101000100111111111111110110010000011110101111010000100001
00000010111010110001011011110111010000110111011111110110110111110101100101001111011010010011000010001010100011010111001000010
10000001001110000111000001001111110010010111101100011010011001100111000001000101100000111101000000100110000010110000001101100
10000110110001101111111111011010011100101101011010100111010101001100011101110001111101100011100111110011110111101100110011110
00001010011001100110110100001001111010111111001101101100011110110000011010001011110110110011110001101111101111100011011010111
11101101010000011000100110010001010000101010100000100111000110001010000000111110111100110111110010011101011001001110100111101
01010010000011101000100011011001101100011001111100011001011001000000110111111001001011110110100101111100010101110111010011100
10101000001100100101000001001110000001000011000111100001111111110101011001111101100011111011101000100111111111101001011111111
00101110001010100000111111011010101100111110010111000101010000110011111011001010100100100001101111101101100010100110110110110
11110100110011000100110001000101011000111110000010110011111100010001000000110101110010001011010000101100110100001011011110010
01010000100010001111000001100011001011011010011010000011110010000100111100010101110010101101011110110100001000011100011100010
00110001011100001110001110111010111000111010000111110110111111000001111010000101110011111000101001001011100110011110010110111
11001101001000100111100101010100110110001000100100111111110011011011101110001100010011011011110001000010110010111110111100101
00101101110001011010011110011100011110011011001011000110111100111111000010100011000100001100011001010101001100000101101000100
00100010000000101001001101000110111110010110000111110000110111101111100110011011011000111100101100100100010011001000001110100
10001011000110110000010011001101100111101011100100011100000110001110010111100100110100101000101001111011111000100111011001100
11011100101111000000111010110111011100010100101110100101010010001101001110010101010110011110111001111010001111011100101010001
01011100000111100001011010000101000110011010110101110000110100010100011001101010001110000101001010000110000010111101111110101
11111000100101010010100010100000011010000010100001111011010001100110111101110110000101111001101100100101001000011111011100110
11001111011001000101000001110001010100111111010001111000011011101001100010000001100110000110000110101011011000011101110010101
00101100011000101110001000100100001010000011110001100100101100011010101001010011101001001101111001100101000010111011110001011
11101000010010110110010011111000101010110011100100010001011001000111011111001010101101010001011101011000010101001000111100111
00001110010011110000000011001101001111011000101010101011011001111010000100100110000111011100110010111100010010001110011110001
01101011010010101111001101111110001111000011001001011001100010111110100001100011011100111111110001011111001100011110100110101
11111001111101011000101110000011000110111100110001011010100100111010000010110100101111000110001101011111010110111101000111110
11100000000110000101111010000100110011110101000111111110001000001010000000100010101101100111011010011011111001001111010100001
00101011010011100100101010001000011110101011011000001011011001010000000010101000110100000000110111111110101000110011000011010
10011101110010101000001110010001001111000000110111011011111011010111000001100111101110111001001010111100111010110110011101011
00110000101001111110010110100000101101010110010110001101000010010000100111100110010001010100000000101100111110011111010011000
11111000110110010100000011000001100111111110011000101011001000010110110010110000001100101010001111100000110100100110001011010
01110111001100001110100101001010111010100111010010001111110111011110110100101001110010100101111101001011010101011001101001100
01010101010011011000001000100111010000111100100101111001101110010110001000011111111010010011101001110000010011110011001110101
11111110001011110101100000110001100001100010000101010110110110110111010010001100110010011100000001100111011000010110010011001
00001101011110110101011110011101000011110110001100110110000011000010001011001010000100011000010100001001111010001001011001101
11001001010001111110100111011110000011101100111100011010111111111110101010110100101111010101001100111111000010011001101011011
11010100000101111011011111111011001101011001110011100001010101110110111011011010111111011001001010001111010001110111111011000
00000000100100001000000110101110011110001010111011001101100110111110100110111010101001000000010011100100000000100101101011010
10101110011010001000101001110011111100000110010011010001010101110011110000001000011001111111100100110001010010010111001011101
10110101011110110110101101100110101010001111111111110111100101000100100110000011010100011011101000101101011001111011100001011
10001111011111101010100101010010100111010011011001000000010001000110010011111111001000000010100011011011110111010101001000001
10111100011000010100100001100111101100110011011011001001100101011010000010010111010000010101011010111010100100101001011111110
00110110111110111011111010010111011001111101110000000110000011001011111111111010101101100101111110101010100110110111110010000
11111101100000101000111010110001000010011110100110111011010011111110001011010111001101000001101101000110111111101110001100000
10010011000001001111011101001000100111010011010111001011111011001001101000110010011111101011100001010100110010011101011111100
10101001010100000010110001011111000111111110100111011000110001010110100001000101101110000111101011001001101100101001001100001
11111101000100100100000110010010001101011100000101100000000010011110111011100100100000100000010010100111000000001011011011010
00110101110011011110001000101100111100010001111010110001101000010101001101100100101110100100100110010011100101100110110111101
11101000111110110100000100101101000011110101110101001000011100110111000011011111100100000110000110001010010101111110101110101
10100100110010110011110011101000110011111100111010110111110110000011011100000111100000110111011011001101011100111010011111111
01101110101011010111110100100010101010010001001101001011101110000101111100110110011001010000111101100111011111010101001010000
00110001001011011011101011101000111100110001010101000010100110011110000111011100110000110111010110011110111001111011100000010
00010101000001001001100111111111100101000101110010100110000110010110000000100001101010100111100000111100001000011001011110100
10101110010011101100010000100101011001010010000001001010001101101110111000001100110011101111000000001010011000100011001110110
10111010001111100001000101111011011100010011100001111101101101000000001100011110100111001110010000100101001000101110111010110
10001011111101000101001110011111100011110101100101100010011110110111010011000100000001000101001100011001111101100100000010010
01100000101111110010010011001001110101010100110101110010001110100000011011011011111111000011110000000000010110010001101011011
11111101111111110111101100011001010110101001110011000001001100100001010010101001000011100100100000000100101010101000101100111
10010101101010100000111100111010100100000000100110100111110001011010000110011110000110110000100110000101001001110110100101001
00101110101010111010010001000001110111110100000011111111110011111101110110100101110101001011100000001100101000001100101100001
01100110100111011100100010001101111101000011101001111001100101000001101000111011010001110010011111011110011100001100101001000
01111001100011010001101100011001001110111111110000000110001110111110000000100011100101101101101110110000000111100110000111001
10110100110000110001100111000000010111100001000010000101110101011010101110111100010001111101001001110101101010110010011111110
00100100111001100010010111011111110111100101011110011001001101101011100100110001100011001011000100010001010011000101000100111
10001010000001111100110111100001000101000111101000010100001101110101000010111010100010011100000110001001101011101010100110100
01111000100100111111001010001011110111011001011110111101000101001000100111101000100110111010110001101111110011101101110001000
00010010010001111001011111101011111111101111011011011101001001110000100011111001110001011100001000111110001010110011010111100
11110000111011110100101000001000010000100010100111100001010110011000001100101101010000000101011001001001001011100101001100111
11100001010111010001110010000111000111110010111000100100000110110110011101000101000100011100110110010001111000101010011000101
10001101110110001011001000000011010010101010001001100101110100000000100110011001110101001011000100101011101100100001010111101
11001100110111000111011000000000101110000011101101100110100010100001100110111000110101000010010011011110111010010011111000011
00101001000101011101001100000101000001010010000101110010001100110101111011011101101001100011110001111000011101000110000101001
10000101010011111100101001010110011111011111001010010001111100101110011101110000100100111011000100100100010100010100100011011
10111001110000001011011010001100001010001011011110010001100000000110100110000110010101100010010111010110011110000101110001000
11001011101000101011000111111111000101001010101100101000010111111111001010001001110111000111101101110011000001001100001100110
10001011101100010101010001000010100111001111100010110010101010111010011110001110111000110011101011000101111010100111011011001
10100111110001010010001000010001111011101010000010010110111010101111011100110011000000111110111101100110100111010111010111001
01110010101111001101000101001100110100001101011111110111001100100001100101010011000010010000000001010101100100101101011011000
01100110010000110011011110101100101011011111100011100010101011001000000001011101000000001011001011111110100000101000111110101
01111101101110110100110010001001100000011101010011001000110111010011110100101110010010100010011001010011100111111000111111011
11011110111110001000111001111001110111000010011111011110100101011110011110110000010001001011010111111000010010011011111111111
01101110001111011100000010010101110010110100100000110100100110100011011001110001100100000110101100001100101100110101011011011
01101011000000010010011011101010100111101011110100101000100000000000000100010000000000011111011011011011110011101010100100010
01001110010000101111101111111010001110010011110110000010101101000100111011100000010001111010011011101110111001101111001100110
11100101101111000110100101001001110110000000110100001110111000011100000000100101000001111100011101011001110110111111000110010
01001001100011000001011101100100000111100011100000100111110111110010011101100000100110000001011101001101011011100101011110111
01011111110110011001000010101011000000100010101101011100011011100100000111011001000110011010100001101100010000011110110000111
11110111100011010101001110001100111110110100000001110000001010101110100010011100001110100011010000100100011000010101110010100
11010000101111111101010110001010011010110000100000000110000101111110110010001010101110100111001110100110011001100100000101110
01010011000100110110110111100101010100100110010111011111010001101011100000101000011010001001010000111000100111010000100011011
11101111101001000100100011100010100000111000110011011110100110010100011111111011111100111001000101011010110110100000100011111
00111110111101000011011010101001100110110111110001011101100101110001010110110010101001011110000111111101101101100010001000110
01001111110011011101010110010001100000111011110100101000111101000100100100111000010000100000010100101111111100110100000000010
11000110001101100100011110110001001001000110001001110010100010000101101101001001101111010100101110100001101101010110101111111
10000000110110111111011001101011100110010111010001100001000011100011000000111011011111001000010001000100111100101110010101011
10001001010100010001101001010011001100100011000110110001001011011000110011101000110011001011110011000101100110000100000011100
11101010010100000010100100111010000011001110011111010000001011001000101001010010101100001001010100001001101101100101111000110
10001101010011101100011011010011110001001001110001100000000010100101001101111111101111100011001100110001010000101011100111000
10011101111100011101110100011110110101110110001000101010000001100110010110101010100100111101110001001100000110010100010111101
10001011000100101100001111111000100100101100100100011001000011110010101101100111101010000111000001001010110101101101010101101
10100111011010001100101111111101001110011110010011011101000110001111011100000010111111100111100010110110001001001101010101011
10010111111100110011010111011100010111010001101001111010011110100110001011011110010101111001101100101001001111011101001110110
11111100100011001110100011110001010110001111001110110100000010000110011001101011001100001010100000011001101010011011111000111
11001110110010101001110011100001011110111000011101100011001000111101110000110101001011000001110111000110011100001000110100100
11101100111011001000000000111110001000001111110100010001010100101100111000011111011110000111111110010010010011110001011001110
01001011101001011000101101101111111010111001100011110101100010010100101111010000101111111010101001010001101001110100111000001
00000110100100101101100010111100011000010001010001111111011110101011111101010000010101011001111010001111010011110001101000000
11001101101010100100001011000111000000001111010111100001100011000000010111001101010010000111111110110101000011001101100010011
10111100110011010110010101001100101100101011100000100000110001111111001001011001101011000110000100100110101100000100011100101
01101111100000010100001000100001100010011001000110110001001001011101000100101001001101001101010010011100111100001111101011001
01011101110001001010010001011010100011010111010111010111011001101111110000010111011111001011101011010000111000010111001101100
01110001000111000111110011011101110110111010100011111000101000100010001010001001110010110100110000100110111000101001001111101
01001010101111010111111111100101001100010101111011011010010110001100100000100111101110100000001001011111000101010100110011110
00101011010111101111100111101110010011101011100110100011001111010101000111111100010111111000111110111100010111101011110100101
01100111011011001001010110111110110010110011001111010110001001101010101100011000101110100001011001000010000001100100010011010
10100101101000101011110001110101101111111110111000111100100000010111011001011100110111010000000011011110101101110100101000111
00001010010001100110111010000001000111010010000110010010111110001100001011000011101000110110010011000011011101001101011000011
00001101111111001011111100101100011010000110101101001010000000100110111001011111110001110000001010111011110010001110101110000
10110100101101111111001100001011101111101101111011101110110110100001101000110111110101000001010010000110111011110001110010110
01010010111111010011001111101000100000000101110111001100011101111011010100101011101111001000011001111101000010110100010000100
10001111111010010110100111010110110111100110101111101111100001101010010010011111110011010110010101100100000101011010011000110
10011011100000001000010001011111011111110100101101000000101011100110010111011101110000001110011101111000100001111010000000101
10011111110011111011101011000001101000100100100111001110010000111011110000100010100101111011010110110111100010111101001111011
10101100111110000001011001011010000101010100001001010111110000110001001010100001111111101111111010001110100100001011101010101
11000110100011000110111110101000111100111000010111000000111101010001111110011011110001100110011000111010010111010101100001110
