0011111111100111111111011110110111101111110101110110110010011011001010111001111011110001011110111110101100010111110010
0010011111010110011010101111110110111011010001111000111111111101111010111111110110111001011101111111111111111101010110
1101111101111101110001011111110110011111110100111010110011011110111001111011111001100111111101101011111010111111111001
1010110010111110011011011011111111011101110111110101111111010101111011011111110000001111010110111001011111101011001101
1011011011111001110110110001111111110011010101011011101110110011101111110110111011101111101011101011001010111111111011
1111101011011111111110001111110111011111111011101101011111001001000111111111111010111111001010111111011011111100011111
1110110110111111011111111101111111111111111111000111111110101111011111001111011101111111101111111110100111111011011111
1110001010011111110001101011110111111101101111101110110101111111011101111011110011011100010011101011110111011111110111
1101111101101111010011111111101100101111110100111111011100111100011111111110010100101010111101111011111011001111010110
1110110010111110100111111111001101111000101101111101111110111011110001111011001110111111111111111101110111111111111100
1011101011011110111111110011111010011110111001010111011110101011110011111000010111110111111101111111011011111001000101
0111111101101011111011110110100101111111110111110111100101100011010111110011110011011111100011111011101110111001111111
0011111111110111000110101010001111101111111101011111111000111111111111111111110111001011111111011101111101111111110111
1111011111101011111111111111111111111110111111111101110111101110111101111011010111101110011111001111111011111111111001
1101011111111101011010011101111001110101111101011001101111111011001111101111001111011101111010111110111111111111001111
1010111110011110010111001100111111011010101001111001111011111011111111111110111111111011110001010111111010111110100111
1010110101110100011001111101110110001111001110111101111110111101111110111010111011101101111111111011111101111110000101
1111111110110111100111111110111111111101111111111000111011111110110111110111011111101011111101110010010001101111111111
1101011000110110100000011111111011110111111111110110111111110111111101001011001001011101111101111110110011111100001011
1000111001101101010011111110011111111111010111111010001111010111101110011110001011100111111111101111111011110111111111
1101111011111111010101110100111111111011111110011111011110111110010110111111111010111111111111111110111001101110111101
1011001111110101110110111111111111010110110011111011100110111101100110111110110100101110011110100101001110111110101111
0100101111111100110111011111111000110100110110110111111110111110111111111110011111011110101111010111111110110111110001
1011101011110110111111101110111110011111011111100101110111110110011111111101111011101011001100001111100110111110100110
1111011111001111111101110111110001111111011011100111101111110101101100011111101111110111111101111101101111111111111111
1110011011010111111111111001111111110101100001001111110010110101111111111111111110110111111101111101100111111011100101
1111010111111100011101111000110110111101101111011100111010110111111101011100011110011111101111111110101100111011001001
0111111111100110101001101100110111100010111111110110111011110101111000111101001011111101011111111100110111010111111011
1111111110110111111011111111000110010110111111101111111111110011110111111111111100110011110111011101101101001100111110
1111111100100111111111111111001001100110101011101110101111011001100101010111111011111101111111111100110011001111110110
0001101011101111011111110100010011110001110111001111011101101100011111111100111001110101110000010001111011111011010010
1111111111011101110111010111100001011111010110100111001110111110110111110111111111101101011011111111011001110110111111
1111111100101101111111010111101001010110111111111011111110111110111111111111111010111101101110111101111100110111011101
1001111101011111011111001101011110111111110011111111111110110110011011001010110111011100010110110111111101101001111011
1100101111011110011110101111011001011011111110111100100101111101110111010111001110101110101111011010101011111001110111
0111111101110111011111111110101111101111111111100111101111100111010000011111001010111110111110101001011011011001101110
1111011111111101110110011010000101110110111111110011110101010101111100010011111100011111101011111101011001111111000110
1011011110111110111101111110110111011011111101111111110110011100111111100111011101100111100100110111111011111110000111
1110111010111101101111011001110111111101100010111101000111111111110101111111111101111101111111101111100111110011101001
1111111110011010111110011110001101110110011111011111011111011111101110111101010111111010101110010111111111110011110100
1011011111111111011011100111111011111110010111111100111110101010111011111000111100110011111001111110000101001111111010
1111111010111110011111111001101111111101101111111111111110111110111111101011010001111111111011011111011011011110011101
0000011101101111111010011011110010111101010011011111111011110110011111011101111010111011111111111110111110111111001011
1011101111011110111110110011101110111101110011100111111110010111011101110001111011111001011101111011111011101010000001
0001011100010100111111111011111111111011111100110111111111011111011001111010011011010111110111010011111110001111011000
1101111101111111011101011111111011011101111100101111111011011110111111100111100111011111111110111011011111101111111010
1111010111010101111101111001110111111110110111001111111011001111011101111111111010110111111001011110011110111111100111
1111100011111111111111100011000011101111111010001011111101011011111101000011111110111001111111011111110111101101100111
0110110111001111110111000110111011100111111001110001100110111011101011100111110011100011111101111111111110001010110111
1001011111111100101010111111111101110111111111100000111101101111111010011011001010111111111100101011001110010111001011
1010101110111000001111101101111111011101011111110000111011011110101111111111101001111110111101101011010111011111111101
0001111011111111100011111100101111011111011111111000110101011101111111110110111111110100111100111011011011100111111000
1111101101011111111001111111110011111100111111111111001011111111110111011111111011111011101111111011010000010101111111
1111011111101101111010110111101011001101111111110111001111011110010011111001111110111111111011111111111111001111011111
0101111011101011111110101011111111010001111111110110110111011101110111110011100111111010110000111101110111101111110110
0101111111110110101111111000111111111111110110011101011011101100111101111111110111101110111110111101111111111111011111
1111111001100111111111111111110111010111111111101010111101111101101101111111001101011100111111000011110110101110111111
0111010100010111011100011001111000111011001011110111111110111111101010101000100100011011010110111101010011111101111111
0100101111111111111011111111101111110010111000001100100111010111110111011011111001110110100100111111101001100100110111
1111100111001011111111111111110111101111011111011011111011101111101111111110011011001101111011111011011000001111111101
1110011111101111110011100000011110100111110011111111111111010111001111101101011111111111111110111111000111111011111101
0111001110001100111111111111001111111111011111100111111111111011111011111011111101100011111111101110001100011111011111
1010101101111111011110110010100111010011111111111110110001111101011110111011111101110010101111101011111101101100110001
1101111101111011101101001111110000111011000110111101101011111110111111101111011101111101111100011111111011111010111111
0111100001101101111101101111110110101111110001011111101111110101011101001110000000111111101101111100011110111111011010
0111001111111101111010110111101111111110111111110101111100100111100111001011111101101110011010101101111111101101111001
1111101110001111101100111111001011001101111111111111000111011111100111111111011011100111111111111101111111011011101110
0000111110011111111111111110111110101111011101110011101110111011111011011010110111110010111000111011101011011111010111
1101111010111011110111110100101111100101111001001111111001111111011100111101111111011111110100100111110110111011100011
0011111111111111011000110110111111100110111111111011111110111101111100011100010100111101011000011101110101000111101111
1110110111111111110011110101101110000111110111101011011111011111001010010011110111111100110110001011110111111110111000
1111110111111101110111111111111110111011101110100111111110110110001111100100011101011111111101001011001110101011110111
1111011111101111101111111111101011010011111010100110110111111111111111000111111111100110110111110111111110100011110101
0101111010001011010111111111111110110111001001101011100110011001101011011011111111111111000111111111110111011101101011
0111111111011111111111101100110111111110010011111111101110110111111100101101110011101110111110111101101110101111111101
1111011101011110011010011101110110111111011101111110111110101111011010101110110110111100011011001111010110111101111011
1111110100011001100011011100111111001010101101111011111101100110010110101111011111111011010111110111100101101010101100
1111111110111101110011110110111111001111111110111001110100111111011111111111101010111110111001111111111111011111111011
1010111001000011111110111111111110111110101110110111110010111111011010011100110101101011011101101111101011110111100111
0100001011101111010001101110100101101111100001010001011111001111010111111101101001111111001111110111010111100111101110
1100110101111111110110111111010111110001001111111101111100011000001110101111110001110101111101011111111011110010001111
1010101100111111111100111001011101000111010111001011101110111111011110111110101110111111111110000011100010101111110101
1110111011100101110111011101111110110111111100111111111100101111111101101111111111000111101011101100111111001111111011
1100011101110011001010101111111011011011111111110111111011101011100111110101110111000111101101110111111111101111101101
0101111111011111111011110011010111111011011101010110111111011001110011110111111101000100101010101110110001110101111111
0011111101110110101111101111011111111110010011100111010110111001111011111111010111111001110111111010101111100011011011
0011111011111101010111111110100000111101111011101110111101101110111110011110111101110000101111111110111111011111011100
1111111001111011111110011111111110001110111111111100110001011101101011010100101111110100111101011010111011111101111111
0010101011111011111110101110111010111111111011111111111110111111101110111010010011111111001111001111010101110111111101
1111000111101111111111001101111101010010111111111111011111011101011111111011111011000101001111111110111111111111100001
1110111011101110111111111111010110111011111101111111110110011111111101010011011111111011110010111001011101110001111111
1111001011101100111111111111110011110111001111011111100111101111101010111110101111010111110010111101111101101011100111
1001111101011110100111100011110111111011011011010000110111011110011000101111100101101110111101111011111111110110111110
0110101111111101111110101111110100101010111110111010110010010110101000011101111110110111110010111111111010101011001100
1111111111110010111111001111010111011110101101001111111101111110111110001110111100111110011111011111110110101111111101
1101011011111011111010101111111111101101111111111001111101111001101101001110110110010111011111101111100010101001111111
1111111111111110101110011111110110111010111101111111111101111111111101110111011010101111111111110101001111110100111111
1100011001101111001111111111110111001111111000111000011101101101111011001111111110111010110101111011001101110111111110
1110111110110111111110110010000101100111111111111111110010111111000110111101111111011111110011110100110101111101111101
0111110111111101100101111100101111011111010111011111111111111011011111111111111111010000101111111100111111010111111111
1110001111011111101110111111111011100111001110011000011110100011011111101110111011111111010111110011011101111110111111
0111010111101111111110100001011111011101011111111011111111010011111011101101010110111011111111100011101101111011110110
1111110010111111100111101010101111111101011111101101010100110111111100011010011010110111011111001101110111101101011111
1101001101011010100001111111100011000011101011111110011110001110111011111111110100110110111110101111111011011111111101
0111111111110111001101111101011000110111011111111111011111001001111110111111011111110111010011111001001101011111011111
0101011111101110111110001101111101111111110101010011011101101011011101100100111110111111111110001111111110010011110110
0111111001111111111111111110001111101111001101110001001111101011110010111011101111011101111111111110111000011100111110
1110111101111111101101111111001110111111011000100110100101001101101110100101011010001011111010001111110111101001111011
0111111111111111111011011110111001111100111111111010011111011111111110110111110001110011010101110010111110110001111101
1110110111001111111111111001110110001100111011110111111111110110110101100111011101111011110010101111101110100011011111
1011101111001111110111111111011110001111111111101111011110011101101111111010111111110110110111100101110111000101000011
1111101111111110010100101111011011111011101011110111111101011100111111011111011101111111111101110111011111011110011101
1010100101011101010111111101110101110011100001111011101011111011011011111111111101111001111110111111110101111000011110
1110111111011100010110101001111111100001110011001011111111111111110100111011010001101111101010111111111111111101101110
0011111001010110011111001011100111010010111011000111110111011101111001100111110110111111101011111111101110111101110011
0101011111111011110111011100110110111101010000111010111111111101001101011010101111011011101111111111111111101101110000
1100111110011011011101011001111101111100101001111100111111100101101111010101011110101101001110011101111011110110111000
0011111100111111111111101111000111100110011100111110110111111111010111011111011011111101111100111011101110011111001000
