010011111001010110000001111011110100000100101100011010100010110
100101011111010111100110000000110010010000101111101011111011100
000101000000010110010011111100110000010001001010001100010011110
011010101000100101000101001001110000001100100111010001001011100
100100000011110010011101011101101011110100100111110110001101010
111000111010010110111101010110011100001101000011100010010111010
100101000001000011001111101101111111001000011111101100111110011
110001000101111101001011001100000111001111011101010110111100101
110101000110001101000110010010000011001000001011000011010110101
010000011011111001000111011011110110101000101010001101000010000
010011001100000101001010001010011101110010110110000100010010101
110010110100011100010000100011010101000000010111101100011010100
000110010100010110111101101011000101110010101111101110011001110
111011010101101010010000100010101101001110001010001010010001100
000000011101010100001100010000001011011001111101000110101010011
111101011011101011000111001100011111110111000100110010010001011
111011100000110101100010101001011010110100010010000011100100000
010100111110000110001100111111001111111110011001110100100100111
010001000000100010001111000010000101001010011010010000011110001
001011000001110000001011110101110000000110111110111111000110110
000011110010101001110101010001001101110111110111011101110111000
010111101100101101101011100010100000101101010111010110101101111
011000111110000110110101000101111001010101001011100001100010011
101111110100100100111110011100100100010000100010010011110000011
101000100001110011010100000111101010111111000010100011010000100
101011001100001001011001000111111110100110101001111111100001110
101110110110100111000001000010111101110001011001111000101100001
001011110000000101010011110000001010100010100001100101011101100
100001001111110001100100111001111011000001011011110010101111000
100110100101100011011010110010001101000010110001110100001000101
111110100100010000010111111010010010010010101101101010101111000
111101100111000110010010011010100001111001111000010010110011001
000011100010011111001010111111000100100101011100100110010101101
100001110111110101101001011001001000101100010101011010000110110
010010111100001111000000110110100001010010011111101110010011000
000010111011111101101010001011010010100001000101010110001111011
000010000110100111001100111100011101001010101110111111100001110
011010000010101111001011101000110010001001010000000011100101001
000101111100011001100100100000010100110010001011000011001011110
100111010000010111011110110000001100000011010010010011111100111
000000010010110101111000110101100010101101110010010100100111011
001001010000001100001110101010011001010110100010100111010001100
110110000110101000011001010101110000100011000111100101111000100
000000110011001011111100001011011110010110000000010100010100001
111000111100111001110010011010111010101000000110000110000001011
110110110011101100011100000000101111100000101010100100001010110
011111101111110010111111100010000010101111101101111100000100101
010111111001101001001110011111100111001000100010100111011011100
010011100001100101010010111111101010100001100111001100100010001
100110010000000101111101011011010101100110010010001111111000000
111000100101110000011000011000100110100000000010110111111100011
001010110111101001011100010101001011100011111111111000001111010
110011011000111110010101110010111111111101001001011000001111011
010100001100000010011011110100000000111101100001011000101100011
110000110000001011001111011010110000110110100000111001001011100
011001111011110100101001100100011010000101110001011000001000100
010110110001101000100100001111100001001100100101011111110000101
000011111000000011111100001110101101010110010010001111000011111
111101101111001000111010000010110111001010000101100110100101000
011111000000110100001100010110111011111011001001000110100110101
111100011011110001010100110101001100101101100111000000111101010
101011100000101101010111010000000101101110001100001111000100101
000000111010001101100111001001011001010110011010101011001101010
