01010011101110010011110010010001000101101101001110010111100101001101100
10111010010100001010111100111011011110011100110011110001110100111001000
01010000101011000001110101000111011110000010001100011111000011010110111
11101101110011101110001111001111100111000010010110111101100110011001011
01010010000001100010010011001010110000000010101011010111010101000100001
00010010100100101110001001011011101110101100101001100010100001011001111
11001100000101100110110011110001000010100000111101111100100011110101000
10010000100011010001010101100010100110110111110101000110110101101101001
10110101010110100001011100110111010100001100011101111010000010001011001
01010000101111110101001001100011100011011010111101101001000100111110111
10100000010000101001010000110110100010110011010010111011101001100111100
11000110110010010000111101010010111001100111001000010111101001111011110
10110001110100111011111010010011001001101100101110100011100010011001101
00111011010000100000010101001001000001111001101011101111010011100111011
00011110111011000100000110011001100111111101000100100010001110111100110
10000001010110000011100000111101011010000111100111111011011100101100010
01010100001010000000101011000110101011010010011010101001010000001010100
00010110010000100010101100011100010111000101100101101000111001100111100
11011110000010010100000111111100100000001010010111111100101000111001110
10100001111010010000011100111010110011100000111111110101110101111001000
11100010000110011100011110010100101111001010110011010011001000010111100
11101011101111000001100010110111101000100001000100000111011101101000111
01010100110110001101100111010111100111100111001100101000000110000111110
01110001100101100111101011011011001010100111001000001000001101000011000
10011010000010101010111100101110011101011101000101010111110100101111110
00111111010101001010001100010111000100100100101110101101010100100011011
01000011111000010011010010000000001110100000100111110001111011011000001
11000110101110110111111101000011001111001110110100100111000010111110110
01011100000001110111000110000110000001111110001011110011100111001101011
00110000101000011110111011001000110100100011111011100000101000011001111
01111101111110001001011111011000100001001001111010001000101101100001001
11110110110011110000011101010000001100001011010101110000001001101111100
00011101011100101011111000000110010101100011010000101111011000110001001
01101000100100010101000010000100100011101010100011011111110010011111100
01100100000110011000110110110001000101101110101101000111101011111000111
11110101100000100100101011110101101011111011000000000111000010111101010
01110111011000111101101100110000010100011011011010000111011000111000000
10010000010111101101101010011010111100010011110001000101101100000000101
10000111001111100001011101101100111100011111010111001011111111001111100
01000001011001101000000010001000000111100000011011010001010101110010010
11000100110011100010100010011011011110100111010011111111100001000100010
11000101100110110100001111011000001000101010011101001110100011001110001
00111001011100011010101100011101111111101101001111001100010000100010100
10000001001101110100011110000111100111101010110011111110110100001111111
01001111010011010101100001110110011001000001011110111010110011010010101
01010011111000001011100000010111100011111101100111100111101100001100100
10101110110111001001001101001110001010010110100100100010101000010011011
10110011110010110111011011110001001000100110111010111011100000001000101
11011000001011011011100001101110010010111011110101000100101011111001010
01001111110001010111100010101101011001111111010010110110011010011010010
01010110111011111111001001111101100000001001111101010000110000000100000
11111010101100010011100010101001010000011001100101100100010011101011001
00110010111001011110001101000010110000101111100100000011000100010001001
10111011000101000011010011010000111111001111010011010001000011101111100
10101101101111110000110010011000111110101101111101001000111010100001000
11111000011111011001110011111000111111111000010100001100010000010000010
11010111001110000111000010101110011001101101111110100010011011110111001
01001001000001011101010011100000110010110011100001110011101101010111001
00000000001100110110110100100111101011100000011011000010110101100110001
11011001010000110001011111001010000001110001010000001000011000110101010
00110010100011100000001000111000011100100100100011010110100000011111011
10101111001101000101010100101011001000111100100010010100111000001001101
01000011011101110111010011010011101110010010000010010110101100011110100
01110110010110100011100000110100111110010000101011001001110110100111001
11010101110110111011010010111101011110100101010111010100000011100001101
10101011011001110100101010011001010100101101010000100100111110110000111
00100000111101001100101111010001010000110111101001010100111010110000100
11010111101111000111101111001111110100100001001010011110110111011000010
10100100011110101110111010010101011001100011110100000100000001101110000
00110100010101110010011011011100001100011001001011000001000110000101001
00111101110011000000010001101110101001000101101100011000111011011100010
