0111010101001110010111110111010111101111111010101111110110011011111011001110111101101011111111111010001111100000111111100111011101100110110011001101011101
1010101011001010100110110010110111001011110011001110111101111101010111011111111011001011110010000011001110011000111101010110101110011011010000101101100100
1101111111011100111110101101110101001110001001010111111111111111000101010111010010100101111110101101110011100101011110110110111101010110111111010111101100
1010101100101111101010101111110010110101111001000110010001101111101101100110110010110100001101011011011110001101001011111111010001010111011111001100111010
0111011101001001000111111101111001111011111100010011111111111110110001010111111100110010111101011100111110000100100111111110101010001010011101011011101110
1010100011010011011110110010011101011111110110100011111111010001011011011011011101011010000011101101111110110110010011111111011001111110110111010101101101
0111100101110110101100101110011100110000110110010010110110101001110111010100011111010001011111011110011111100011001011010011011011011101110110111000110001
1011101011111110101011110111001101100011101010110010010111111100110111011100111111011011000010001110111111101011000000110010011011010011111110111011110111
0110010101010011101110011000001100111100111101110111101100001111111101011000110110111001001101011101111111000101011100001100011111011111110011110101101001
1110111110101001111011011011100110001001001010111111000110110111001101001100111001101001010011111111011011001010011110101110111110101111011101101111111101
0001001101011111101111111010011011111110111111001010101010101010111101100101100010111011101111011110101111111101011111111101010111011111100001001101110011
0010011110101011111101001101001111110101001010101000111001110011101011110001010111111000101001100101111111101000110111010111101100110111110110110100110010
1111100101110000001101101101100101111111101010110111101111110101101100111011110001110010101110000111011011111010110110110011000001110110110110010101110000
1011001100100010111001101110110111101111111101101011110111010111010101111010111100101111111011011111101101101101110111001010110110011100100111101101010110
1101011110110101111101011010000010110101100110010110001011000001110010100101111010001111101111101111010101011101001111111101111011100111010101011111110111
0001110011110010010111100001111111000111011010001011011111101010101001010110011001110111101111111001011110011110111011011001011110110101110001011110011101
0111001111110110010010110101110100111110111111011111111010111001001011101011001100011011111110110111110010101000100011110010010011111111110010101011101001
1010010001010111101111110100111110110011010010010111100010111011111001100111011110010111111100111010110101110111111110111010110111111100111111110000100101
0011011111111110010110111101011110011011101111111110111110010110100101111111110111011001111101100101100110111111111001101100000111110111011111101111010110
1110111010111011011001001111101010111011100111110111111111100100100101110111001111111100000100101011010110110110111001101110101111110110100010101111110101
1111110111100001111000000010011011110110011010111101000010110100111011111000001101100111100100110111111111111111000111011111111100110110011011111110101111
1000100101111111010100110110111010111111111111111110011011011100111011011100111011011011000011111011010100011111111010011011010001110011110111110010111110
1111111100101101111001011111111101111001011100011101001111111011011001101001110101001011101101011110011111101110011011110110111011111010101011111011110111
1100110111100010111001100000100001011010101111010110110111111110111010101001011110010110111111111011110011011111101100101001000000111101101111001010110100
0011101011111110001100100101111111101001100000100110010101110010001111101110110011111111111001111100101111000111000101010001110111111111111111011110101010
1011101100011100111101101011101001111111010101111100110001100101010110011010111110111000110001100101011011110110111011111100111100011011010001010000010000
1101011101100110000111100101011001111101011110111100110111010011011101001110010111011110010110011011100111011000011011011001111111101111110111001001011110
1011100101011001101100101110111111000110001111111101010011110110111011110001100001111011111001000111111011101110011111100001110101100110010011111111111101
0111100001001101110101111101011111100110010101111000100110101101111110011110011101011101011110111111101000111111011110111010010001111111101100111001101110
1111111000100101111011101011100010111100110100111011101001011100111110010101011110011011010011000010010011111100100111101101101000001111011111111101011110
0000111110110001011111101111100010010110011000001110111111111010011101110101001001110011101110111101001001001001110010111101110110100011110001101011111000
1110011111011101111000101001100011100111111101110100110110111011111001101011111000110100111001000011010100111011111100101111100010111111111111010110000111
1101000001110111011111001001111100101011110111101101000010001101101011000111011010111010111101111111111010011110010011111100001111101110110100111001010000
1110110100111101000010111111100100001001110101011011000001110111111100011000010101011111111100110100111011011001011110111000101110111001111101110010110100
1001101110111110110111101110110110001010111011010001001001011111010000101001101011010110111011101101111101001011011001110011010100111011100011101011111011
0001111010111010111111110110011000001011011011011100001111011111100011001111000000111111101101101010101110101000101101011100101010111111111101101110111010
1110110011101100101101111110010011110011110001011000110010111001100101111000111001101111101011010110001111111100100001010011111010011110110110111010011111
1011010010111111100011000111111100000001111110011110000110111111111111101001100111011001000111101010101001011011110011100011111000010111101011011111111001
1110110100101101111111010101101110111001111100111110010111011011110111011000110111001101011010100101100010001111101100011000010110111110100101010110011110
1101110101011111011101101110000111011110110111011000111010011111111011001000111100101111110110011111010111000110010010110111000110011111100011001110110110
1101111110101110101101011000010111101111010111011001001100111101101101111110101111111000101011100001100000110100100010011001011101011111101110110011111111
1101111010100101110011100110111111111111101110110100111110001011111101110011011011111010011011100111111000000111110011110111000101000111001100100011111100
1011100111111101101011110011001100110110010101111001011010100111110011010110111001111101011011001001110101010111011111111001111101010111111111111110111110
0000111010100110101101110111110111000111111010100011110010010010101001001100001100001100101101110100001101110110110100100101011111101011111111011010101000
1100011101111011111111010011000010110101110101101100110011111010111110101100101110101001101111011101111001101011001111000001110111110101111101110110111101
0111000010100100101101010101100111111001101010001101010111011100101111111101000110001110111100111111111011110011101001111001011111011101001100011011100011
1000010111011100001111001111110110000010011110000101100111011111111010101100000111001010011001010010110111110101101101001110101111101110001000111101101111
0010101111001010111111110111110101111111111000001100101100111111111011110011001110100110101111111001110110011111111011111011011111111001011010011010001101
1100000001110101101011100111111011011111101011010010110011101000111000001100001110000111110010110011011100111110001111001011111011111100101101101110011101
1111000011001010111111111111001110010110010011110011011011000001100101111101011101111001110001001111100011001110010110111100010111010011111110101101111111
1111111111101111111101011000011001000110000100001100001101001111101101111101101011100010011100101001111110111111111111110101011110011000101101101011110011
1010110011001101110110100001010011100000101101100100011111111001111111101101100110001101011000100101000111111100111010111110100111111101101111110100000011
1110111010111100111100010110111100001001010110111000001110111111111001111101111011011111101001110111110000011010100111101100100101111111001011110100110011
1111111100010101101101011111001100001011011111001101001110111011101011110000101111100111010010111111100111000001101110011111110111111111010011101011011000
0110110010111011101101100000011000110001111000010111110011001011101001111100100101110011010110011001110101101111000111001000100000011101111011011101010001
1110111111001101001100111010101100010110110001110011110001101101111010011100101100000101011110010111110111110000110110010101010011111111010110110111111100
1010111101101111111111110011101110011111011111101101111000100100001011111100101101000111101010101111001010101011110011011001010011011101111001100111101010
0111110100011111000101111111011001110010000011101111001100011011111011010011010010110010111100110111111011111011110111111110101011010110011111110110111110
0111101101111001110110111101101101001100101010011001110110001110111111010011111100101101110001111101001101110100110110101110111001101111100101110101010100
1110110101011100111011111011011101111111100111110001110001001000011111110110111111110101011110011101000110110011111111101111000100111111101101111111010101
1111101110100001110001110000111110111111110011111011111101110111110100001011001011110101101111111111110100100101000111011010001111111111110101101110000000
0111100111001100001111010101110011110101101001110010100110101001001001011101111111111101100011111011001011110110000111111010101011010100101111011101111000
1011100011110101011000111011001101110111011110110010111001101000110000111110111110101000011111100110111101100110110101111111011000011110111111100110011001
1111011011011110110000100110100111111111111000110111111101001100110111011101011001001101101011111111101100011110111001011110100110011000011110111011101010
1001101110111011011111010001110111011111111111111111111101101011011111000011011111111011101100010110100110111010101111011011011010110001101010011111010101
1100111110100110010011110111111101100111011010111001100101111011100111111111111010010110101000100111101110101111000101100110110011101100011110011100111111
1001010011111001110011111011111111000101110111111011111111110100100011011010111110110010011110101111000111011010010111110111000111001111011110101101111011
0111001111101100001100001110111001001110110011000111000000111001110001111010110111111011111110000111001001110101010111110001011011001110001111011111100000
1100011100010010100011011101110010010111001011110001010111110001111001111111111110111011111001101110111100100001010001011101111110100011111011111101100011
1111111111110101111111101011001110011111111101010111111011110101111110100110101101111110101111100101111100001110001111111001111011010111101000100110100010
0001000000111110111110111001001100101100110011110111111010010010010111001111110101100101101110111110111101101011100101010111111101011010111111100111100100
0110111110011101001111000101111001001010111001010110111111110111011110001010111011111011110011011111111010110101001100110011111001011001111001101111100101
1100010111001100101011111110100101111111100111101111101110001111011110110100011010110011100001000111010110111111101111111100011010111110100111111110101110
1111101101100011011101001010111010010000101111101111101110010111010011101000111110011111110001010011010100011101011101110111100010101110111011011101111111
1111110000001101111100001110100110010000111000010000000001111010111111110001111111111011110011001010111110001010011011101111101011000110101011100111111101
0110110000111010111100110001011110110100010001010111100001101101110010100010111111011101011011111001111101011111011001100111001001001111111111110011111110
1101100111101110001001101101000100101111101010000011111110110110011111110111010010101111010100001111011111111101100011011010111101010011111111010001110001
1111111111011111011001111110110111001011011000000100100001110111111110111111100111011110010011001010110111101111101110111110111011001101101110001101010101
1100111101000111110111010100111110101001111110011110110110111111111011011111000110011101100001110001100110011111111011100111100111010001000000011111000101
1000111110010100111110110110110001000111100111111101011110110110101111100111011000011011110010110111001111011011110011011101100111011110110111001111111011
0111001110110010011101011110010010100110110011111011110001011110111110011111111000100111111011101011111101010111111001010011111101111111100001011101110101
1100011101011001001111101011101001101110111000100110111010011101100101110011010000111100100111001111110101011111111101010111011100111111101001011111111110
1011100011111101000110001101001110011001111010010110011001111110101111111010100011010100001110011010111000100110011111110110011000111001111111101101100100
0001111110111001111101011111111111110100111000000100101001011100111111011111011101100100111111111110100111010111011010011011100011101000011111111111101101
1100010111110110101101101111110011011111111111100101100000100111100111010111111101000110101101010110100000101011011010100111000011001100110001011001111101
0011000000000111010110011010100101111011001101011001110110111101010001100101111011111001001110000111111111101111011111111011111001110101110110000110110011
1100110100101111110011111011011011111001010001111010111011000000111111011110110110001001110111101011111110110011110011101100010111010001111000101110111011
1110001111100111111011101001111001011111001010001101111110111101100110111111101110000110101010010101110101111111010111111110110101110010001011011111001101
1110100000111111111010111101001111111001100111011100100011101101110111111110001111011011000010100101001000100011100101101111101111001101100011101101111111
1110101001000100111000011111110111100011011001101111011101110010001110010111110110010010000001011100001100110000101100110010000110010010010010110101010011
1011101010111111111000111001101111111010111111110011100111011011111111100001000010111101000110001010001101011111111010010011111111100111011110110011111111
1011101010101011111110110010101011010101000111010010001101011010101101100000100001111110001001111110111100110011110110101101111110101011111111110100000011
1110011101101111100001010010111000101111111010011000011110011111001101110011010111110111101001011110111101101111111110101110101011110101001111001000110001
1001111011110111001001111101010110111100111110110100100000101111000011011111011011011010010110110111110111100100011101110010011110111101111101111100101010
1010010001010011111111011100101011110110110101011011110011101111011011100001001110010010100101010110111110110011100100101110010001011001001111111101111101
1001101011100101110011111010101011001001000111111000111101111101100000110101001100111001010111100010100001011111010100100001110111011101110001111100101111
1011111111100111010101111010101010110101001011010110011010111101001010110011110011110010011110000001111100100010011110101110110101111011010111100110011100
0010111111111110101010101101101011101011010111000101110111111011111111111000100101011101110111100010101110010111011110011111111110010011001001011011010101
1101001101101110110111110011110110011101010001101100110111001111111110111110110111111110001111110101111001001111010101111110101100010101101111111111101110
0111010011011111101111010111101110100011111011011111111111111101011101011101101111000111100001001010011110001101111111110101111001001110010111011011010000
0010110110110100111010011011100011110110111011110110111101001011110011110011011011111111000111111110001001111011101001111111010010111110110111111111010010
0011111111011011110111110101010111100001011011111010101101001010000011111111110011100111000111101011001010110111100110010111111011100100011001110101101111
1101111111111101000010101101101011111100010111001010000011100111010111110011100110100110111110101111110001111011011110101101001111011000111111101101111110
1101111110110111011111101010000100111001001100111011011100111011111011101111111111010111011111101101000011011100100011111110011011110010010001111101101011
1111111111111001101110111111010011011011000001110111010111010100111000011010111100010110000001100101010100011011101101001101110111011111011000011000101101
1010001111111110010010111111011001101101001111100101011101100110001100100001110111010101001011010010101100110111111100011101101011111110100100111010111101
1010011100111100111110100101110100011000100111101011001111111110110110111000110000101111110111101000111001011101111011100100101101110011111111111011000101
0100010000101011011111010110110111001100101101111011100101110101101100011101101111010011011100110100111111101100111001111101111001111001111110001011100111
0101000101111111101011110011111111111110000010011111101011000001111001101111111101001101001010010011101110110110010010010110111110111001111111110111111011
0011110010100111011111111101110010001011111100111111001000101111010101011101111011110101001011010111010101111010010111111101000011000111011110111101111010
0000011101001001011111111101100110100111011111011110101011010111111001101011011111111111101110111110111011001100100111010001110111110110111110011100011011
0011001110100110011011011000101101100110011011110010011011011000010110111101111111011111101110110111111011100000110001010001111110010001110010011101101111
1100100000011101111101010100011100011110110101110011110111110011100000101000111111000010111110100001110111110011011001000101111101011001010101001000110101
1110010011111101011101100111101111100101011100010111000111110011001110000111001111111111001111011111001001111101101111011100111111110111111101111110111111
1111001011100011011101110111100101110010001011111011010000010001100001011111011011111100011011001101101011110000110001011011111110111001101010110000010111
1110100011111110010010011001110101010010001110101110111101111110111101111100010001100101110111111111011011000110010001101101100100111110011111000110110101
1011111001111111110011100111111011000101111010011111111111111100101101001010111100111111001110001101011100101110010001001111110001100101001111111110111011
1101111000110111101110101111010010111100011011111010101011011111111111101111101111100111100001000011100110110111111110100001011011101111001111111111011110
1011110101101010111100110101111111100101011101010111100001110110011101011111011000101111110111111011101100110100000101011011010001110100111001111111111111
0111111100111011110011101110101011111011111001010111010111001111101111111100110111110101011001000111110101011111011000101111110010011110100010111100010011
0001110011100111011111010110111111010010101001111101111011111111100011001010110100010111100110101110101111010100011110110001101010011111110011100001100010
1111110011110010001110100100011110010001010100100111110101110011011010101111011101101011100110101111111111111100110110010011111101110000011101101101110100
1111111101011100110111100000100100101101010000111001010001111111111000110111111011111101111011101110110100001000001010110101111100001101111111100011011001
1001011000111011000011011011011100101101111111011010010110010010101111110111001111011100101100010101111011010111101111111110101111001011110111101001101111
0110100001010110010110101111011101011100001010101001111001100101010011110110111110010101101110011111010011111011111110011111011111110111000011001100111110
1011011111100111110011101111101000101110101111011110010110100010110111111000110011100111001101111101110110011011111011110110101110101101001111101100011010
1110111111010011000110100110010011011100101101111010000001101110100111111011110011100100101111000111011101111001111001001111110000001011110111011001110011
1110000011110101011110001111001011100011111111110111110000011001001010100000101111000011111101011110001010101011111100000111110000011011001111000011000011
0100101111100111111100101010001111011011000111111111010111001101111111001110011100011010111111010100111111001111011001011001110000111101111100110001001011
1011011110101010111101101011100010000000111111111101110111101100011101110011111110011111101010111001011111110110110011100101100000100001011100000101001111
1000010001011011111111111011101111110010000110111001110100111000110010001100000011110101001111001000110101111010011111100100110011011000111011011111000001
0111011110111101111111111100100101111111101011011111111111011111100001111000101111100111010011111110101111111011111100111100100110100000101111101011110111
0100111011100100110000111110110111111011100101111011111110111011011100111101010111111000100101111001101011011000101101011011011110100001100111110110111111
1011011011111111111110011011110110011111111011101001111111111110011101001111010111001100101011010011110011000110010111111010110010000010010100011111111011
1111110111111010101111101111111110111111111100100100110101111010001111101111100111000001011100001101100111100110010101011001101100000101001101111111010101
0101001111110011101001011110111101110101111111010101111110111000101011010001111011100110101111111110000010111101111011001011111111001010110010011111011000
1010011110111101110101111010101111111111101110001111001010111110100011111111110111101110100101010010101001111011011000111011001010111001001111000101111100
1111111111011011111011001111011111011000001110010100011111001011011010110101100100111110011101011001111110111111110100101111001011100101000100110011100011
0011100101000000011010111000110101010100111111111111101011010111111111110111110001110011001111100110011010111110011111100110010111110010100110101011001111
0011111101011110011001011010110111011010111111001111000101111111011100101001110100110100001111101011101001111110110111000111011111011110111011110011111111
1011011110011100111111111011010100101101101100010101111101000111111110101111110100110101111110101011101000111111001111011011111100111001101100011101001100
1011110011100111011011111111011101110111001110001011111011111110000110111111100111111001100111111111111100101000110111101111111100111010100100011101111101
0100001111010100111111100001111011111000111010101111110111111011001011111011000000110010111101111010111101101100011011111111010010011010011100010110011100
0010111110011011010011101101110111001110101111110001101101110101110110001101101011011001011101110111110111101111011011110000001010101111010111101111101100
1101101101100111101110111011111010111101001101111110011000011101111110011100011111111011100011110111101111110111110011110101111000110111001011010100111101
1111010011111111001110001001010100010111001010101101101111111110111111111110011111110111110101111010111100001111010111110100110001101111100011111001001011
0010100101000011101111111001001101111111111111011010010111011011100101111011001101010111001000001111100001111000010111100010000100111111011100110000111001
1110110111101110101100100011111010100100110001100110011110110101101110110111111111111001111000100111111100111101000001101111001111110111111111010100101111
0111111111111010110111111001101001110101111111100110100111000101011111111111100111111110101011110010011111011101110110101101101000011100110101011011001101
1001001101111111001101110111011011111111111010001110111101110110111000000111110111001110111010101101101001001110111111110110111000011111100101101010000010
1011110011000001100011001011111000111110111110111100010111000111011000001111000101011011101001111010011111001111010011100011110011001101101111111111100101
1110110101000111011111110011110101001011111010111100000101110000110000111111011011111001101000111110011011110001111101100101100001011010101111111001101011
0001100100110110001011101010110100111011101001100111100011000001011011001101000101000110111101010010111100011111011011111001111111011100011100000101010101
1000011111100011110110100001000100101100100011111111101000010010111010010110111110011111111110110100010111111011111110110011001111111110011101001111101110
