0011111110111111011101111111111101111111010100111101111011101111111111011111111101111101110011010111100111011101111111110
0011111111110101110011111010111110010011101100111111000111111110111001111011011110011111100000101110101101111111011011101
1101101010111111110100101111010111110111111110110111010101101111111001111101000011111111111111000010101011111101111101111
1110111111011111011111111000111110111101111111011111111111101011101011110111011111111010101111101110111110101111111111011
1111000111111110111111111110111110110110011100111110111111111010111110011111101110110111010101011101101111101111111111101
1101001101111011111111011111000011110111101010011101011111110111000111111111111101011110111111011111110011011001111001101
1111010101010100101110111101100101011111111101001101010111101111111110011101001110111000010111011111101111110011110110011
1101111011111111101111011111001110110111111110111110110111101111111001111111111110111110101110111101011111101111110110110
1111100101001111101110101111010011111111110111111001011000101111011111111111101111111110111011100011110100101110011111110
0101111110111111111010111110111011011110110011110111010111111000010011111101001101111101111101101101001011111011101111110
1110110101001101011010111101101111101100111111111110101011111111110111101001111011111110111101101011111010111100101011001
1111111101001101101011111111110111101101111101011111101110110101110111111111111111111111111101111110110111110111001101110
1011110111110111101110101010110111110000011011001001011111111111111011011011111001011111011100111010111011111110111011011
1111101111111000011011110010111111110011111011011111111110010011111011100110011111111111111111101111110011110011110010111
1011110111001001110101011111110111111101111111111011101101101010111011111010101010011111111110001010110111111111111011110
1111010111111010111111101111111011011111111011101011101000111011111111011111100011101111110110111111101010110100111110011
0110111111011011011111001111110111101111111011110000111011110111101111011111111101111111101111111011111011111010111111111
1111110001100111101111111100110011011011101110111111110111101010111111111111111111111101110111011111110111101010110111011
1001111111111101110011111101110101111110110001111110110111011010100101111111101111101100011100111111110111111111101111101
1011111110001011110011111111111101101111101100011011111101111110100110101100100111001011100111111110101111111000110111110
0101111111111101111101111111111101100111101010111011001001111110110101111111111010100110110111111110111101101011111110010
1101110100010111111110011101101111100111001001101011011111111110101111011011010111011111110111011111111110011101110111110
1111101011111101011110011111111111101110111011001111011111011011111001111011101111001000011111101011111100111111111011001
1101111101110110011111100111101111111111110110011111111111101111001111111101110111111110111111101101010110111011111111010
1111111111111011111111100011111110000111011111011101011111110100010111011111111011111110110101110111011111011011111110111
1010111111110011111111110000111100111110011011110111010000111000101010011111111110101101111101011011101111010010111011100
1110110111011111100110111001111111100111110001111110101011111111111111011111001100011110111101111101111011010110111010100
1010011110110011101111111010110010010010111101001111111111111111111100111111101110111110111001010111100110111011111111001
1101101001111111111111111111001110111111111111111100111111001111111010011111111111111111100001111000000111011111011110101
1111100011011111111110101111000101001111101111111111111111011111110110111000111011010010111110001111110010110111010111111
1101100101100101000111111110100111110101111110101110110111101011111101011101111111111011111111101111111011111011011111110
1111101100111110101111111110111011100111101111110111111001101111011000111101100010111111111111111111110101011111101101111
0111110111111111110001111011101101011111101111111011111111101111011111111011100110001101110101111111111111101111101111111
1010011011111111111111110010011110101100110111111101011100111101111000111111011111101011111110111011011010111110001111011
1011110110111110101111110110101101001111111100010111111101111011111011111100100010010111101010111111101111101101011011011
1111111111001111011000010101101010000110101010011011111111101101101010001101101111101111111101101100111111101011111110111
1001001011110011111100110100110011100111111110100100110111011110111100110111100001111011010111111000001111010111011111111
1011111111110011101111111110111111111011101111111111111000100101111001011110111111111111101011111011110111111111101110111
1110111111000101111111111111110110111101111011101111111111111101111011011111101011110111101110010110000011001011111100111
1111011110010111110111011010111110101110100111111100101101111110110011110101011111111100010011110111101011111100011111111
0111011111110111111110110011111111111111001111111010110011111101101111010011111101101101111011001101011101101110111111011
1011101111111111101000111111101001101010000101101111001111011111110111111110101111110101110111111100111011011111111111110
0111111100111111110111101101111110111110100111011101010111111111011111111110111010101011111101111101110111000111111111110
1111101110110010010100011001111111101101111001001110111111011111111111111111100011111001101110110100110111101111111110011
0011010111101111110010111100111111011111101001101110000111110101111111111111011010111111001111111111100001111101110111011
0001001011111111101001101111110111000111111110111101011111011111111111001011111111111111111010111111111111111111111010011
1110100111100011111011000110111111001111110011011100011001011111111010111010010011111111110111000111011101011011111101110
1111110111110110111110011110110111110101101001101100110111111001101101111001111111111011000100101111111100110111111111011
1101111110111111011111111011111011010111111111110101100111111001101101001101111101110111100100110001001001111111101111111
1111111101110100011000111111111101101111011111111000111101101011110111111111110111101010011111110111111010101111111101110
0111100101110111011111110111011110110110110110000001101111101011011111111111111111111111111110111010111111111111111110111
1111011011011111010111111101010111110110011001001010111111110011111001111011111111111111100111110100011001111011111111011
1001100100110111111100010011111110111111100100011111011011111101111110011111111111111111111011011111101111111011101111011
1011111111001100111101111101111111111110101101110101101111100110111110111111000111111111111101111110110111111110100111111
1001110010111111100111111011110111110111010101100111110000111111110111110011001111100010110111111000001110111001111100011
0111111101011110011101111001111011111011011111011111010011101111101110101110011110111100110110111101111101011111101100111
1101111101111100111001111011111010011010111111011011110101001111011111011101011001111111111111101111111110100101110101100
1111111101101010111111111011111110111011111111111111110110111111101111010111100100111111101010011110011100111010100011011
1111111111111011110111011111001111110111101010011111111101011110111001111111111111111100101110011111100111100111111011111
0100110001111101101111101111010001101011111111111001101001100111111111110111110010011010111010111101101111101111100111111
1111101111101011011111110111111111111011111101111110101111100001101011110111110111011110110011111100110011110111111001001
1110011110111000100111011011110111011111111111100000111111110010011000101011111111111111011101111010111010111011111110011
1111111110101111111111110011111110101001011101100111011111110100111111111110111111111111101100111011101111111101001101111
1011011110111101100000110011111111110110111111111111101111011000110011111101110111111011011111011111011110001011011010001
1111101100111111111111100111111001111111110111111101111101111011011100110010001001111001110001100110101101011001101111111
1110101111111111010010101011111111101111011111100111111010110111101111111110111111111001111110111111101111110101110111100
1111101110001111110001110111101111111110101111111011110111111110110101111111111110111011111011111111111111111111111011011
1000111010110001111111011011011010001000111111011110111111010010111010111111111010110100011111111111010111101000111111010
1001111011111111110101011110110010110011111111100110111111011011010101110111111111101111001111111110111011110111100111110
1111010111111111111011111010001010100111111111011111001011111011011010100111101110100111111001111101111011111110010111000
0111010111110110011110110001010111101001011110110111011100111111111111011101110001111111111101011100010111011110111110101
1111111111011011111011111111111111101111111110110111111011111011111110100110111011010110011101010111111111111111011111101
1110111111111011111111111111111111110110011111111111110110100111011100100000111101110010101011101111111111011001101010110
1011111111010101111110011111101101111111011110001110110111111011011111110010010101111111111110111111111111101011111100111
1101110110011111111011101111100011001110111111100111111101111110111111010101011011111111011011111111000011111111111111001
1111111111111001111011111111101111011011100111011111111011111101001111100010111000111111101111111110101101100110101010101
1000110110111011111110111101111110111110111101011111100001111111011111111001011100010110100111011111111101011111111111101
1101010100111100110011011100111001000101101011111111100110111111011110111111101111100111110111100111111111111101101101111
1101111111111110111010101111111001010111111011011011101110100110111111011011110001100011100111111111111111101101010101111
1101111111010100111101110111101011010101110001011111111101101111011011001100110011110111111111111110100111011110111110000
0111101110110111011111111101111111110111011111110111111100111111011111010010010101110000111111011011011110101101000001011
1011010011111101111101111000111001011111110101111111111010101111110010111110011110111111111111101011011110111111110111010
1011101111110101111010011101101101011111111111111111111111100111111111101111011111011111000101010110101111101111101111011
1111111111111110110001011011111100101111010111111011110111111111111100111111100111101110100010000111111111110011111101111
1111011111111111111101111111101111011101101111110111110111111111111010100111000001110100001111101111110111101000011011110
1110110111111111111011011111100110110111110011101011110111101110000111110111110101111011010110110101001001011101111011100
0111110110111111100111011011111101111110001011111111111011011111001011111111111101110101110101001101111011110111000111111
1110100001011111110101000100101111111110111111111011110011000111111011100111011101100110011111110011011111110110110111110
1111010111110111110111011111111111110110111101101011111111111010111001101101111111010010001111101110011110101001111111110
1010111011111111011011111111011111011001111001100110111110011101111101110110010111000111000011000110111101111100111100111
0011010111111110101000110111011101110110101111000110110011110111011111111111000111001001100111111011111100110111110111011
0011111101111111111111111110011111011010011110111111011110100111010110110101111111101111101011111111011101110111101110111
1011011110000111110111110000011101101111110111100111101111111001011110001111111111011101111101111001111100110000111011011
1011111011110100110111111111101110011101111010100101111010001101101111111011111111101011111110011101011011001111111111011
0101000111111101101110111010101111111101011111011111011110011110111111001111011101001101101110001110111111110111011111001
1000111100011001111111001111100111101111011111001111111101111111011111110111101110100101001111001101111111101111110111111
0101111101111111111111110110111111111100111011010010111111111111011111101111101111001010101111110101011111111111110111010
1101111101010101011111011011011110110011111111110101110111111001111111111111111100111110110101111011011110001111111011011
1111011010111111111111101101011111100111000011110110110011100111111110011111111111111001111100100101011111111100111111111
1000111111100101111001111111011111100101101011111100100110110011011101011110111011011111001111011110100111111111001110101
1111111010111111111111100111011110110101011111010110110110111110111011011101111100111010011010110001011101010111101111110
0001010110111110111011111010011111010100111101110111010111001101001111111100111011011011111111111110101110111011111001011
0111101101101001100111101110001011111001110001111111101111010111111011011101111011110111111111111110110101111101011010111
1101101110010010011111111101100110111100101101110010111111110011111100111101111111111001111110111111111000111111001101111
1011111101111111111101011111111011111111011101000110111010111111011111111110011111111011100001111111010001111111111110101
1110111101011110111110001110101110111111111111101011110100111010111111111111111100111111010101111011101010110111111111101
0111101111111111111110110001011011110101100111011111111011111110011111010111011011111011111110111011011111011110100111101
1110011001111111101101111111111101001101010011111011111101001110111011111010110101010111011110101011111111100111101111101
1111110111101010111111111001101111110111110111101111111101010111101101111110111111101100110001011111011110100010011111111
1111100110111011001001100010110111101101111111011110010110111010011011110011111111100111011101111111101111110011111111111
0101101111011110111010111111111111011110111101111111110101111101001011110111100101110011001101111101110111111101111101011
1111111101010110001011111001111110111110011111111111101110111111111010011110111011110110101101111101111111010110111111111
1011111101101111111111111111000110010110111111111111111111111100111110101111110101110101111111011110110011110111011111011
1111111110001111110111111111111000111011111111110111001010101101011101110110101101011101111011111110011011001111101111111
1111110011111011101010111111101111111111111101111111101100101111101100111111110100111100110111100111111111011111110011111
1011101111010001111111011001111111011111111110111111111110010110110111110110111101110011111101111011100111111111110011101
1101101111101111111111111111111011111101111111011011110001110101111111111011100101101111101111111111101011111101111100111
1111110011111010111101110101011111101001111010111101110011111010111111010010111011111111101011111110110101111111111100111
1110110111010110101101001110111110011111011000101110010110110010110010111101111000011111110100010011101111111101011111001
1011001111011111110111011000011111111111111111111111111101110110101110001100011011111011111111011110111100001111111011000
0111111000101101111000101001110111111111100111011011111101111111101000110111111010110010011111110111011111111111111111100
