011111101111110101101100111111110111101111001111111111111
101111010111111101011111011101011111111011111111111001111
110111111011111101111100111111111111011011110111111100011
111011111011111111011111101011000111111111111111101111111
111101111101011111111111111111111110111011111111111111101
111110101111110110111111111111111111111110010111111111011
101111001111111101111110101111111111111111101001111111111
011110001111110111111111011111101111110111111111111111110
101111110011101111110101111111111011011111111111101101111
110011110011011101111111111101111111010111011111111111111
111101111101111100111111111111101111111101101111111011110
111111111110111011111111011111011111111011011100101111101
111101111011011111111110011111110111111111111111101101110
111111110111101110111111011111111111111111111101111110111
011110101111110111111111111111111111111111110111111010111
111111111110111011111111111111111111110111111111011111111
000111011001111100111011010110111111111111110111110111111
111110111101101100101011111110000111111111011111110111111
101011111111111111001111111011111111111110111111111111111
011111111111111110001110111111110111111111111111110011111
111111110111111111110101111110111111111110001111111111110
111111111111111100111011011111111111111011101101011111111
010111110111111111110101111111111111111111011011111110011
010111011111011111101110101111110101111111111111111111111
101111101110001101111011011011111111110100110111111011011
111011011111111111111110101101111111110111111110111110111
111111111111111101111111110111111111111101010101111111110
111011111111111111011111011011111111011111011111111110011
101111111011111111111111101101111111011111111111110111111
111111111111111100110111111110111110111101111011111111011
101011111110111110111111111111001111111110011110101011111
111011101101111110111111111111000110100111111111111101111
011011111111011110101110111111100111111110111111011111111
111111110111111111111111111111111010111111111101111111110
111111111111111111111110111111111101011100111111111111011
111101111111111111111111111110101010111111111111111111111
110111110011111111111111111001111101001111111011111111011
011111111111111111111111111111101111001111111111101101111
111111101011111011111111001111101111110111111101111101111
100101111110111111111011111111111111111011111101011111111
111111111101111111111111010110111101111101111011011111110
111110111111111111010111011111010101111110101111111101011
011110111010111110110101110011011111111111011110011111111
011111011101111111110011111111111111111110101110111111111
110110111111110101111111010111111111111111110111111111111
111111011111111111111101111110111111011101111011111101111
111111011110101111111011110111111011110011111101111111111
111111111110111111111111101111011111111111001110111111111
111111111111111011111011111111110111111001011111011111101
111011110110011111111111111111011111101111111111101111011
111111111111111100101111111101111111111111111111110101100
101111111101110111101111011111011111111111111111111011111
100111110111011111111111111111101111100110111011110101011
110111111111100111111101101011111111111111111111111110111
110110111111111111111101011010111101011110111111101101011
111101111110111111111111111111111111111111111111010111101
111111101101011111110111110111111011111101111111110111110
