001011001100101101111001110001010000001110100100100000110101101011011
001101001001100101100001111111000000111011110101100010000010110111110
110011000100100100011111001110110101101001001011010100110000100100010
010001010000110001001101010110111001000000110001110010110001101110001
101001001100110111001100010011100010011100110100000011100110010010010
111110010101101110000100011101101010110111100000011010000010100011011
000000001111111001000011110110101010110111101111111001101011100000011
000101000011001110110001110111010101101011000000100110000110000101011
110010100110101110001111110010101011100010111011001000110001011010001
101011101011000100011100001011010101111001001111001001101100011110001
000000111101101011011110100100110011000101100100101000010111011110000
010001110110001011000101001111011101100001111000110110111001001011011
111111101010000010101100011000101101110010111010100011000111010100000
000110100000000010010010111111011111100000111110100010110101100100011
100001111011000010100000101101100011110111111011100001101111000001111
111011011100000010110111011111100111111000010011100001011100000010001
000011011011111101100001101111100010110010100101100010111101100000101
110110100011000010001111001001001000000000001111101101100111001000011
110000010000101110000001001011111000110110110110001000100100010110000
101000010110010100001111100000010000010001010100111010001011111100011
101110001110100001010100011001011001001001110000010110001110110111110
001111001111100101011010111110011111110100001111001000000100110111111
001000101010010101010101011001000010001000000001110011010010011001111
111100111001000111110010100101011101001111001111110000010110111100110
110000111010011010010101001001000110001101110101001101000000100000011
110111111000110100001110000001101100111110010100110011000111100110101
011001000101111111101110100100011110000101100101011010100010010011010
011101110011011110000101001010100011001110011001000011110001001001010
011110111101010110100100000100001100011100010101101100000111111010001
110011010101011111101011110000101011011011100111010011010111111010111
001111101010101110100000010101010000001000011111110001001101100010111
101100010111010000111101001000101100111000110111000101101100101110111
000101101001110001101101011011010101010111001001001110001001010011010
001000010101110100000101111010011011001100010101100011111011111000001
000011101010011110000110101101000101010000101111000101011100101100110
001100011111111100001101000101001110110010010000010110001110110010111
011001111101111110100100010000010001011001011101010101101010110010100
010011100100101110110100010011011011101110110110100100000000100111000
111010010100000100001011110111110100110010111110011111111011110000000
100011100010001000100101111110001100010000100110011001011000100100001
110001111000101010100001010101001001011001100000111011010101011000100
011001110111001000011001101001001000100010101001000011010000001010110
110111101011111010101000101001010010011111010101110101001101010100001
010110001001111100111000110110110101111000101100000110100001101100001
001000101101111001000101000100101010101001010000011101111000001010000
110010100110010011110101111011110110111100110010100011101001000000001
001000101100111101100101000001110010011100000100010101110011010010001
011100101100001111000111101111111110100001100000101001001100100001011
110100110011111111010011010010100100010010100101000011011110010101011
001101100001000000011011011001100001101110101010000010000011010010010
000001101110000001110100101010001000001110001001000101000100100011000
001000010001000001001000100010011011111000111010001011111010000010001
010111010001110010011010011101001101001011010100110100001010110101110
000010100100101101000010110101110110101111101111101100011101010110111
101110101101011011100000001100010100101000011110000100011100110101100
101100001011010110000011000101000110001111001010100101101110110101000
000000100101001110011000000000111111101100101101100111110100010011111
100010010110111111101101010011110011000010100001101001111001111011011
010011110010101001011011011011000101101000000010110110010001111101110
100100101011111011010000010111101100001010110110010001000110010101100
111101100000010010011101110011110111111100010001001010110110010100001
010010001110100000111111001011001101101010100010110011111111100000011
100100001111000001010011000111010110000011011000000000000110000010010
011100010110110000111101010000010010010100110000100011110011100010010
110111001111000100101100011011111001110001001010011101001100001100000
110001010001001000001110001100001000010000000001101010111111000000100
010000000000001010001111010001110011100011000000000011101011000001010
111011110001011001011111101101111011000001000001110011001110011100100
100101111101011111010110110011110101000100110111100101001100110000000
