010110101111011000010111100101110011000100000111011111011111111001110100110111100110011101101001001110010111011101010010111111010011011111110100110110001110100000010010110
100011001101111101011011111011011111110100111011100101011101111100101101110001010101101101100010110111110111100111001001110010011111101110111101101010101100011110000101101
000111000011110100001011111111001001110110000101100101001101101010011000111010010000100101001011101010010011111101111100011101100000111111011100110010010110101010100001110
101001101111101111011100100000011001111011110110101110111111010011100010111111011110110101000000000011110111110010011111010111101111010111010111010111111101001101010100111
111001111111111001101000011001101110100111011011011101111110001000111010111110110111000111011111110010010011000010101100010100000101111010001101100101010110110011111010101
011110111111011111010011101111111110100011110110010111001110111111111001000111101110101111001101011101001110001001100000110110111100001001111111000001100110110100010001010
100111011001011101011111100101111111001011001110011101001111010111010011111010100101010000110001111111101100111100111100011100010110101001110000110111101011110001101001000
000011100001110101100000011101111011010011100110010010011110100011100011101101010100101011111111100011010110111100111001111101110101010100110110010000111010111101100000100
110111100111111001111010111100111001101000100111001101111100101000010011000000100010001111101111100100011100100111111101001010111011111110111110101101101011011110010010000
110111001010000100101110111111011110010001011010111011011111101010011000101101110111111110001000100110100111110011111001111101011001010111100100111110011011111011001001001
101111001100100001101101011101010001110001011100111011110110100111111111100000111011011111100010100101111011110011100011100100011100000101010001111111100010101110110111001
111111111000111110111000101010100101001010111001001000101111110101001111011100110010110101100100110100110100000010100100000111101011010001101101110011011111101100010000101
011110011011011101110110111111110011011110010011110111100011100101111111110111101101011000011011100010110011111011010110101000110010011100111101011101111110000111111000110
111011111001101011101001100111101001101100000001000010110100001010111110011101111001111100101110001111100100111010001011101110011101010011001001001101111111111110010000101
110111101001110100111110110100110111111011101111111111011001100110111000100101011001101111110111100110110000110010111101101110101110010001111110111100111001010100110100110
011101110101101000011010111011110111111011010010010101111101100110101111111110100101111111111111111111001110110101110110110001001100110111111100100001010010101111111100110
000101000001010001110110111010011001100110011111111110101100101100010110000011111001110101011110101101101001100100001110110111100010100101011101111101011101100101100110011
010111111010110010101111111000101111110000100001100011100101110000110001100010010000000010001010100111000110100110101111001001001000101111101001101001101001111110011101011
000010011111111011000011011111110111001011110001011101101111100010011111101100011011011110010001101100111011001111100100010110111011110111111110011110011100011010001001110
110101101001101110000100011001101001111111111111100001101010101011011110111010000000010011000001100101101110111100011111011001100111000011111110001011000010111111001000110
011110101111011101000101000100110001110011011101100110110101010001101111100111101111010110011011111111111001001111111011100101011100101101000111100011100011100110110111101
100100100110101011011010110000111110111110010011011010001110111111110001010000011101111011000111010001111110101010111111011101100110110011011000101111010100101001011111011
111001101100101111100101011111100110100011100010000110111010000110110111000001011101110010111010111110100001011101111110010001011110111111110010101101001011101111110111010
111001100010010001101010111100011010001110011110100111111011100001110100100101111110110011010101110100111100101101011000001101101101111110011111101010111000101000110110011
111101101101111111000101010101110100101101000011011101010110011101111000111111011010111101100110110011011001001101110001001100101011101111011100011110101100101101011110011
011010011110101111110111101100001100101000001101110111110110111001111111101011011111101001100011111111010001011011001011101001110110010011111010011110111101010100010010101
011011011111100111110011010111101100110111000111100001110011010000111110111111110010110111000000111001111010101010111110100111100101111000111100001101010001110111010111011
101001111110111000101011111001101110100001000110101000010110100011010101111111110000001011000011111111100001101010100001001001101000101111001001011010100111001001110000110
011001000101110110100010001001011110000000101101101110010111011001101110000110110101111111111111100011110100100111110010111111100110101110001111111110100100110011101110010
111011110110110100110010101110110010111101101101110111011000011001010000110000110101010111110011111010110010111000001100100111011110100111010000011100111001111111111010010
100011111001111101111110101101011111011000011010111111011001001111101010001101011010100100011111111110101000101111011100111111110101111110111111011111101101110101111111111
110101111110101110101101100011100000110011101110100000101111011101110000110110111000010000000011101111010101100110010011110100101101101111110111110011010011101011001111110
011111111100010011010101011110100111010001111111100011000111111011110011011001111101101011010110011111001111111110000101011001011011011001001101011011011001011011101110101
010011100101001101100110111110101010111110101101011000111010010111101000011111010001110111110111111101010101111011111001110101010011001111111111011011001011000011001110011
110011110100101101100111000111101101000100100110001101010000110010100000110011111010111110100101010101110010011001101011101010101110000111000110110111010101111111001100110
111100111011111111111000000000101010110011011011111101100010010111100000110011010010010100100110111101100010101011011100101010111011111000001010111100101110100110111011101
011111001010011111011110111101010101011101111110000010000111101111001011010100100010111001101011100000100111010011110010001010001110011001010001011001110001011101101110010
011100010110101101011100001001111101100001010011111100111001011011111111000001111100110011001110111000001110001101111011011111101000111100110111101110111011101110110111100
000100101001111100110101110001100100100101010110111000001111010101100000001001100001111101111011110001111110111011110111010000010001101110010011110101011110110011100111111
111010000000110010010101101001000110101011110010011001010110000111111111100110110110001001010001101011110110101001001010100110000100111111100000101111010111111110001101110
001111110001101110111111001000010101000100111111011111011100101111110011100101010101100111100001110101111011100000011001110100111010010100111101011101011101010100111011110
000111110110001100111010101101011001111100001101110111111011000110110111110001011101111111111111010011111100100101011111110111110110011101100100111001000101100101111000010
010101011001001001110010000011011110100110000111111111010010101101101001101010000011111011011001101010111101111101110001001001111011111001101111001000000110011101111011100
010111000111100110111101000000101001111110000110011101100111110101011010110000111111100011011101001101110011100111110010011111111111011111001100001110010111111000101111001
010010100111001010011001010011111101100011000011011111001111001111101000101110010101111101011011111001110110001100100110010100011001010111111101100101110000101011101011101
101101111010001010011001011111011110101011110010101101111000011011110110000101100001111010000101010011011010011111101001110101010011011001011101001111110011110011011011110
110111111100101110010111101100111011111110111101011001010110100110011001111100111111100011111001111110110010111111111101000001111111111110100001101111011111011101110011001
111010001001111011111100111011001101010011101010110110101011110011111111010110011000110010111001101010011010111111111000111110111110110101101101111001111110110110111010111
011100000110101011011001011111111001011001100101001011101111101011011100101001111001110100110101111100010011111100011001101001111111111000101110111011100010001000111010111
100011110110101110100100110001100101011111111011001011011110100110011011111000101010111011001100101000001101101010011100110011011111100011110111010011011100011111011011000
100110101111001010100100100110100111011110111110110000100101101110101111001111010011101101110101001111100100000011111101001111110110111101011000011111011011101110011011100
111111101000101110101011110011100011010011111101000010110010111010110110101110101011111110101100110111111100011010111001100110111011101111111001001101011110111111100000101
100101010110111011001111010011101000100011101001110101011011101011110010100101101010110000011101111101111010011001110000001110111000100101101100011111000110101101011111110
111011101110101101110001111001101011000111111110110010010110011110110010101000010101100101001011011100111111111101110001111010110111000000110000100110011000111111110111110
000110001011110111111011011000010101010001010101101100010111101101110000110101100011101101011001110110011111011111100100101100111011101100110111000111011100010111110010100
110110011110011100001011111111100110010111100110010111101101101111111011100000100110000100110100101001101111010110010110010010000001111010111000111001110011111101101011101
111111111101001110110111000001110100011011001101110010010110111100110011101011110111001111111110111111010101101111111111011010101110110101011100011001111110000100011100100
111111111111010111101100110110011000101110011010111001111011000011111100011011101010111011010110111100011000011110110011110110111001011100010011100111011111011110100110111
100111110111100000110111111110011101101101111011110111101100100111010101000101111001001111001001110101111011001011001011111100110111110101010111010111011101101111101010010
111100100101101101101001001010111000111001011001101010110100101001110111101011001110010010001110011001111011010111111011111111101000100111111111110000111011001100101100010
111001011111101111110101010100001010100010110011111110111011010101111000010101101110110110101111011110110010000101110111110001101011100101110010010010001100011101010111100
110101100001000001001100111011011111011000010101000101001000101111011111011001110011110110010001010001111001110001000011010111001110010010000111011110101111001000011001001
111011001100010010010100110011111000110010101100101111111001010100100111011011001100101100101001100111111011011011101000111111101111001100001011111111000101110000111111111
010001100011101110000110100000110101101111111010011001111010111011111000000000110001001111000010100111111000010101100010110110011101110111111111010111001110110010000100110
001101110110011100110110000100101111110111001111111111010110010101011011111101101011011101110101111100111110110011110100110001101011101110101001111111111100001111101111111
100101110011100000011101110111111101111110111101100010110111110110011010001011110111111100110110101110001111001100011010011111111111111111011101110001000011000000011111001
110111010010111101001111111010111111011111101101001111111101101100001010011001010110111111111100111101101010001110111000111000001111110011111111101111101111101100100100011
101011101110111011110111111101011000010111010111110111111111110111001000011011001101111111000110010110111000110110100011000011110010000000010110100111101101111111011101100
011011000111111100111000111010100100110100111011111000010100110111110100111011111100001110101100001111000101101011101010100110010011011000110111001001001110111111001110000
110000000011110110111011011110000000010101000101101100000111011000001000001111111001110011110000111100101100100000111011111011010111011000110110001111011010011111001111101
000110111011110110111010011010101000110111010101011111011001011011100000100110010000011111011111000011011011000010101101100011000111001110010111010010111011011010011100101
010001111011100101101110010100001000110111100011011000011011011010000000000011000100111110111010011010110100110111111110111100000111111101000010001011111011011111101001111
111110110110101101111001111101010011000111111010110111111001000010001010010100100110101100111111111111111111111010011110011101110011111110110101001111010100001111100110110
111110100001110100010100101101011111100001010011010000100100111010111000101001011100100101001111011111010010111010000100100011100011111001110011111100000111010111100111011
001110110101010100110000111100101100001000101010111101001101011011111100010100101111010011011111111011110110101111110010011011101110110111010011011011011001001001110111111
100111010101111100101001101110110100100110001111001110100010100010000110101010011110111011001011011010000011110001110100111100100100001000111111111101001011111111111011001
101111100000100111011000111110010111000100101001001100001101001001011111000100000001100111011110111110111000111110111001011101010010000110111110111010010110110100111110011
110101010100111010001011111100101111011011000100101010101111111011111101010000111100001010011011100110001110011000011011010100111111111100100110010001111111101011111000000
100011101111110110001001001111011010111100010110110110111110110111001100101001011111110001101110011100001100100011010001000111011001100111001111111110111111101011101011011
011110010111011011100111111111111111010111011011101001001010010101101110010101101001110100101100101100010111110011011011111110111101110110110101001110101101011100000101011
000101000010111010101111110000111010010001010011110110000111101010011100011101110010111001100110010010100011110010101011111110100111111000111011110001000110111100110011100
110111110100100100001111010011001000010111011010000001011001101001111001111101100001001001011011010010100111001001001111101111110010101000010111011011101011101001001011111
100111001111000000101001111000100011100100110010011110111101110011100000101100101001111001101011010101000001110011001010011000111011001111001110011000101010001010101010001
010010100110111110101110010011001100001011111110101101101010010111010100001010110110010111010100011101110000100011001010111001001001101000100110010111100101001001101011101
011101010101011110000111111010101110111011111111111111100100111001110101110110111010011011101101000010101110011101010111111001000010101000101001111001011111111100011111000
100100100111110110111111101011010111111001101101110110000101110011110111001100111011101010010011101001100110011010011010001011100110011110010110110010011110000100011010011
110001011110111100100100110110001010101101101100011100101110001111111011100101001110110011111001100110001010100101111010111001101101111100111011111100000000000011111011100
111111001111011110101000101011100111001011001000101101111010111111111011110010010001000011111010100100111111101001101110111101101111111100001100010111111111011110100010100
000011011110001101111111001111001110010011110111010100001111110100111111001111000001111100000111101101110001100011011110101111111111000011001011100101010000100001100101111
111111011011001110010101111111001100111111111010011001101110000110110110011110101111101100111010110000001111000100001110011001110101001101101000001101100001011100111010001
110000111011011100000010110011000111101011000011101100011000101011101101100000111010101101010110101101001001110111110101010000101001111111111111111100101011001110001001011
000010110000101110101011000011101100001101111011101010111100010011100111101011000101011101100100000100110110001101000011111010000111010111110100110001100001101110011011110
101011011100110111001010000010100000111001111011010111101011101000101011111111110110101101000110001010101101000011011001011000010011100111111011111111101100110111001010111
000011011001011110000101100010101111010001010100111110011101100011111010111010111001100010111010110100011011011110101101101101110111101100011011100010101111000110011100111
011010011010111111001110110111111101111001001000000001001101100101010011111111101110010111101101110101101110010010011101111011101010100011001101111010110100011010110111110
101011111000101100111101010111110110101111111111101011100010111010000010111101000110111010000010010010111011011010011110111111001001111011000001010111011111101101111000111
011010111111101111111011111111110101111110101011110110111110001111100100101011010000011111100110000001001111110101111011100111110110000101101110111110111111111110001011011
010011100001000100001111111101101111011011001110100111101111110010110101111110101111000001000111000010111110101110011010101101010100010111111001010000000111001010001101101
101001100000010110101010011101111101010100111011111011011101100011101101111110110001010010101000000101101110111100111110110011001000111111001101111110111100000101101101100
110001101111011111111011010100111111000010010010101111101110101111111100110011110011001110110110001000111011011001011111110000100011110111010111101111111011111101100111111
111110110100111101001010110111111000000101100111001100101000101101011011111111001100101000001001010001111011111011010110001101001110001101011111101011111111101111001011111
010101110010010111011100111110011111001111011100001110011011011100101010111000000011010010100010101010011111111100001111111010001110111101010110110101110011011001001100011
010100100111111010111111001111100011101111111010001111010011111110110101101010001101110110011011011110011110001110101111010101010111011101111111000100110111100100000111110
111110011011101000101101111011010110001111111111100111101111111110010011111010010001000110010101010111101101111110000110000111000001010000110001100001110010110101111011110
000001101010000110111101101000101000011011100101010111110111011111110110100011100000101101101111111111110000100011000010000110001001010001110001001101011100010111110011011
110101111101010101010101000010011100111101101000011101111000000011001101101001110100110101011010111001110011110111011101111110000111010010101111001011001111111010101100010
111111010110100101110100001001001011111110011111100011110011101011100010111101011100111101010111111111100101110100111010011101111011000101111010010111000100101010011110010
111110000110100010101010110100011100100010110000110001111011011001001010100100011110000111101101100111010110001000001111011110001110100010011010000110111101011110111010101
011100111110111111010101001111111101001111110011110001001000010010011101111110111011001110100000111011011110000111110110011000101010111110110111111110011110101110110111001
101100110110111100010010010001001110101000100111100111110101011110010001110111011010110000100111101111010110001111001010111110110101001111110110110101101111011000010110001
101001110000110000111111111101101111011100101111110111101110001001101000111011000100110100010101011111110001010110100111110111000110111011011010100101110100111100111110001
111000111000000111111011100010111000010001111111100001111101100101110001001010000000101001110100111001110110111010101111110010101010111111011010111001010010011000011001111
010110001111111001101100011110111101101000010111011100111111001010111011111010111011010010101111010010111100111100100010110000111000111001011011101101110111011110111010011
111001001110100100101011110010100111111101110111001011101011111110001001001100110111101110111000100110001100110000101001010011111111010110000111100110111110001011110101001
001011111111001101101110101110000110111000111111001111101101101110111111001110001000001100100100101000100010101111010111011010101110101001111000101011111000011011010100011
101100111100101100011111101010110101111011110011111111011101100011100101101111110000111010101011111110000110100000101101001111110000100111101010011111101010111000011111111
011110111100011011011111011001100111010111000111111100001011001001101111100011011111011111001111111101100111010101010111011101010110101111011101111111000011000101101110111
001110101001101111110110001001101001001001001010011000111000100010000011110100000100100111100111001111110101101100111011111100111011101000001111111001110011110011110111110
100100000010110111011110011010010010111101011000000000011111110101011101101001011111111111010001111111111011111110101100011110000101101111010111100011010111010011100111011
010100011110011001011100110100011110011011100110101101001111110000010110000011111100100000111110100101100101001101111100100110111100101000010010010001011001111011111011111
110001010110111110001000011011110111000111000101110101100111101110101111010100011101101110010111111101000100011110000101000010010111101100111011101100011001011110110101110
111111110100000110110110000010111100011011011101010001011111111111100101101111011011101101111011001101100111111111101110000110011110110101000011101001011001010111010001100
101000111100111001010101110110101011110000110001101011101011001001100101101110011111111111011111010011000111110000111110000111011111001111001001110000101101010101011110110
101111110111011010101101101011110100010111011101001110100111011101001001100111111100000110000101110010111111011000011111011011001111111011101111101000111011001110101001001
110101001001011010100000001011100011110101010001011111011101011101011110011000111100010010010011101001011101011101110011111100101111001101010111110111010100011011110010010
101100010101000111011111011111101100010001110110111000000001111011010110111010100101111111000111111010110010001001011000001100100110011100111101111100100101010001101101101
001101011001101010110101111110110011010011110011101111101111101011010000111101011110011111100110100100000010110111110101000011001011111111011110010111111101101111011011000
110001111110110000101010010001101101001011111111111111100110000101011100100011110110000011001100110000100010010011011101111000001101000000101111010101110111110111101011111
010101001111011101101011100101011011110010111011110110101101111111100000001001110011001110100011001011001011100111100101011110110000110000011100111100101011101110010011100
010111110010011100011111011011110010100101010011111001001010011101100111001101011000011111010100110011100101011001101011111111010011111011111101110001111001111111100110111
110100101001101010110110110011001111100011110111111101101010111011111111111011001110110110011110100111100111101101101100111111100101110110111111101101001101101101010101101
110110011101010000110001101000111101001000111110110101110110101111101111110001111011001111111101000100111110010001000110101110110110001101110111011000010110110100111111001
011010101000000111101111101111110001011100100011111110111011100111100001111001111101101100101111001101000001101110111111110100101110001110000110000011011100010111011100111
101110011101111100100111011000101001110111111111101000011110010101101101111001011000011100110001011101111100101111000000010101101110001111111011101110110000000001101011001
111011101000100001001011101110111101111101110110101100110100001011001111110101001111111101100101001011100000111110101111101111100101110100111011011011010111010101010101100
111100011110100111101011100111110110011111011011001110101111101111000011101011110010011101111100111111100010110101011010111011100011111011110111101101111000101000110000001
111110001100010101110111110111110110001100011010010100010001010111100010101010110010010010111011011100000101111101011010001100100110110101010010101011111111011100011110111
101101100111011111111110110101011110100101111101011110001011100101100001011000100010000011111011111111101010011110111010011110100101010110000100010010111110110100101111101
110001111101101101110010011000110100010111101011110111110001100110101100110111011001101001111000110000111110110000110000100101010111011100000111001111110010111101000100011
111101111010101110110111111001110100111010001100011101111111100101111110111110011100011000111100010111111011111110101011100011101111011110001101100111101111111001110101101
011011001001111111110101111110101101000010111101101110011001001111100000000110101010101111101110111010100111001110111100101101111110011000010010100000011101111111100100111
111111011101101110111001101010111110010011111101110010101011010101111110100111110111010100110010101111100100110001001110000111111111100101110001100011000111111011110100110
000101011000001000111011010010110111011000100000110000100111111100111111011111101111011010101100100111100111111111010111110110110011111110101000011111010110110101110111111
010111000011110011001001000110111100111010101111010100100111011111101010111100111100101010101111011110111100100011001110111111010111011100110100111000101001110011100110000
111010101111001111001111000010010011011101001011100001010101001011110000010110101000111010111110101111010000111111101110111111001110010110011101011011111111110011010001101
101100110111101010100000110111111111101011000001111010011011111111000010011111101111111100111011111001000010110100011101001011111101001001000011101010111011100001001100011
010000001110111011110111111111101101110111110111101110011000011010101101111110110110101001101010101110001100100110111100110101001011011110100011110011110110111010110110111
100110101110111010100110111011100011011110011110001111100110011110110100110100110001001111101001101101101011111011011000100011111010010100110010000011011001101011100001010
111100100111000000111101110110111110010100010110111011100110111110110111101010110101010100001111101110000111100001111010000010100000111011110110111101010100110111001111110
000111101011110111011110001000111110101111001111111110111110001111111101101101001101100111011001000111011110011110111111010010110110101110110110101110110110100100011011011
010101111010111001001001110111100001110000001101100000011001010010110011000001110111000101111110101111110001011011110100001101111100010111110001111001010111011010100111110
001110010101111110100101011001011010111110011111011101111111000010000111101011100000110110000011101111111001101111100111110110110101111111101010111111101110011100101111010
110100111101111011100011110001101101011010000011011101101111110110111111001101110110110100101101101110001101110001110001111100101110100111011001110100010110101100111101001
111111000001110010100100110110100011001111110011010110101110111110111000110011111001110100001111111010101111111011000010001011110011101011011110101011111010101010011001011
101011111111110100011010000100010101011100110111101110011101010101101111010111101110110100100101110111110100110111011110000100011001001011110110111001111101011111101111110
000100101101011011001010011101111110110111010110001000010111011001110011011101110101100101110101110111100101010010001111111101111110001010011101110100100010001001100010101
101011110111010111011111101011110011011101011101001111010010001100111000000111101100100010011001100110110110101000010101000000111111000101111111111111001100011110101010001
010011111100011001110000011011101010101110110111010101110100101100011111010110011000100101001010100101011101011110110111111011010101101011111111101010110010100101110110111
011100011111010101110111100101011010110100111010111111010111110010111111101101111111100101110011110111000111111111110001100110101110000110111100001100111111100110010001100
010101011011111111011010111001100011110111100011011111111111100010111101110110011000110101111101101110111001101010001000111100111111101011101010000011011010111011001001111
011010001110110101111010001011011111011100001101011101100110000110011111110101100010001100111110110010001111100011100111110110111100100000001101101110100110101100011010101
000110110100100110010110101111111110101001101110010111110010100010011101111101100101001010001001001111011000000001101111011011110110111000111111110110000011010100010000111
001010110010101110001011000111101001111011111011100101110111001010100001111111101011001111000011001100011101101011001111100111010101010101011111001100111011110000001011010
100111001011111101001111111101100001010011100111111011101000111001010010001111001000111001010111000000011011111111110101111010101011101110010110101001001100011011000110001
000010100100100101110100100011111111100111111101111010011011011011011111000111100111111001111101111011010111001110011001001101110001110011000000010011011110100110100110110
010100000010001111001111101010111110111100010000000011001101101111111110111010010000100010000110011101100110111001111110101001000111101011111111011010111010010000011010011
100010001010000010001111111011111101111010111111111011110110101011001100111110101111111101011010100110111011111010011111001010111101010011000011001011110011110010111101111
011001100110000001101110001000110001011110111110011011010000111011010101011100111101101010110010111110111000100101010111110101111011011001010010100111111110001100100010011
111110010001111100111000010100111011011110101101101111111100101110010111101000001101001110011111011110110001000100011101111001011110101011011110101010100011011111001010011
101101000000101111110111101111110110101111000101100011000111001110100001111010110100010010111111100111111110000110111111101010010100100010101110011111110110010101101111100
010110000111010011001101111000101101001000011011100100010100011011100111011110110111010011101101110111001001111111111011000101010111110111111010111001001101110111010111100
