0111110000101010011011011111011010011010000110111000111110011101101001001110010000010100001111101101110101001110001100111011110011100001001011101011001000110101111110010001010011
1011111100101111100101110110101110010000001111001110100101001111011111110110111000110110100001011001010101111000010011101001011001011011111111111010110111011010100001001001111111
1100111111011110011011011111000111111111100101101110100111010111111101001111111011000000100111100110001011000001010010111011011110000100001110100110110110110010111011011100101101
1100111010101001101100011010101111110011101111100011000100111100111000111100111111001100011000011101111111010011010101011001111110000111110001111110001110100011101111111000011111
1111000100100110010111100011011000101011101100110001101000010111110101111110111010100111111010001011100111011100010111101010111111110011111100111100100100110100111010110011110010
1111000101011001101101110110011010100011000111001100101111001111101111100100011001101010010111000111110111110111111101110111000110010110110011111011010111111010101111101111101101
0111000111111010101111100010000000110101111111110110001001111110001111001111110111111010110100111000101101110010001011110001010111011110100010100100111011110011000010101110111101
0110111011111111101100011011101100100100111111001111000000101101010001110001110111010111111110011000011011101000110100101100000111111110011000011000111001001011000011110010010110
0011001100011011001111111011110110111111111111011000111000111111100111110110100110011010011111001111110011100110100110000010100000100000011010110111000110010110011110011011010111
0010011100010111110011101101010101100000000001111101000100111100101100010011111010011111110100110110101110100110101110010111011111000110100001111100111110011100011110101011110101
1101101100011110111010101101110011111011010110100110101100011010111011011001111111101011010111011111100011011100010110111110110111011001110001101001110111111010001111011011100111
0010011111101111110100111101101110110011101110101100110110001011011011111101001111000010100101010100010101001000101111101101110101000111110101111010011011001100110010111111101000
1111011110110011000011110111001100001110011111010011100101111000111101111111110001111010111100010101110001100000101011101111011011101111011001101010110101111110011111011111000100
0110100101110010110101010010001111010100001001101001110101001110010101110111011110111010000001110000000001101100111010110100000011001010111010111010111111100111111110111011110101
1110101111111101110011100111101011001001100111001011111010101011100101011111001011110110111000100111100100011101111000001000001111110000001101111000111001101011101001101011101000
0101010111011010100111101011111011111100111111101111110100001101000011101111011101111110110101110100111101101010011011101101000111111011001111011101100010001110110110001110011001
0101011101110111010010101100110010101010011110011100101111101100101001111110101101111101011011110100000001100001101101101110111110011101000000100111000101011010011101000101010111
1010100001110110100111011110010011011011001011110101011110111010111010001000111111110101101110110111110110010100001011010111110101011100001010100001101111111111111110011101100001
1011011110100000000010101010111101100111111101100111011000111101000100111001011111100011101100100010100011001101010001101011111111110100010100011011010000111110101110010111001101
0101111110010101010011001110011011110001011110100111110101111011111110010110000101000110000001111110001101101011110111101111111000101010011111101111100010011111111010101000000111
1010101011101011111100111111011111110001011111100101111000111000100010111111010111011001111111011101110000101101111001010010111111111111011101011011101110001001111001101010011010
1110111011001111010100011101100110010001011010011111111010100011000101001101001111111000000111010010111000110110111000000001101010000110101101110110110111011011001101110110100111
0100111011111011101010010001101001010110011110000111110100011001010011001001011001011001000100110011010111110001111111011100010100111111111011111011111110111111100111000111001111
1111010110011100010011101000110110100011100110000001100001011111011111001110111111110101011100010101011101001010010010111000111101011100100111111111010111110110111001111110011001
1011000111110001111111010011011011111100111110011011100100010111111011111011101100011010101000111001111100010010011111111111101000100100011110101101011110100100011010001001101101
1110010001111010110111000000110111111011110110011010000001111001100101100110011111010010010011111011001001101101101011111110010000101101101100101000101100111010110010111111011011
1111111110001111011110001001111000111010110111100011010111101001010110111001011111011111111101101111111100010111111101101111011011011011001011111011011011101010110111010111010010
1010100111111011000011101010010001011011001101101100100011010011111011110011011000110011101111111001101101000111110111111101111000111010101000010110000011011101001011110011010110
0101000110110011101001110110011011101010101110100011000001110011101001110001010111101110011001010111111001101100100001011110000111000101110011110101110110010001111111000001011101
1000110011100001111110011111101101010011011110111001000110100111111100010110111111110111000100111001100110101111001010011001000001110010111101010110001111101110100000001100001011
1101110100011111001110101010110011100111100111000111000011000011111010110101010001111101001101110100011110111001100111111000111011110110100011110011101011111011101110010110011110
0111000111011100001011010100010000000111001001001011100001101101111111111110110101111100111110111100111011111111001110101101111010101000110111000111101100010100111111001111101100
1111010010110111110111011100101000110101110011100111011011010001111001101101011001000001000111100101011110110000001001000011110000100011100111110110101101111110011011010010111100
0011000001100111011110101101111000111010111110111001111111101011111001001111111101111000110101011101010111110011101111000111001100010010110101101011010010110101111111111101001010
0011111111110001101110011110101011000100111010011100111101111011111011111010011010111001011111110110110111110011110101011010111111110111000101010100011111100011011110011011001100
1111001010110101010111101111010011001001010100011011110110111011010101101010010110101101101111011111001101110011110111001101101010011111111000001111011110111011101001101101101111
1010100010101011110000001111100001010100111100110010111111010101110001100010000000110110110101111110111001001010011101111011110001001111101111011100110111110100111111110011000100
0010001110001101001000101000001110101010110110001011001110101111110011101011011111100100011111111110011111101100111111011010111111111000111011111010111011111001111011011001110000
1011110010111000111000110111111101000100101110001101100111010011011000011110110110000001001000110110010101011111111111010100111010011000010110100001100100011100001011111001111111
0011111010110010011111010101011110010000110110100111011111101111011010101100010111111101111110110101001111010010101101111110011101101010001101110001100110111110001110111011111001
0011101110010011001000011110101011101111011111100001001111101111000101101001000101111100101111111010000001110101011111011111001001011111010101111111010011111010001111000111011111
0000001110101001101111101110010011111101101111011110100010111010100100010110111100011110010111111101101110011110110111111101011101101110000111000111000011011111111111011111111100
0101101110011101111111101001110101101010110011101111010001010101001100110110101110011001101110101101100111100111101000001011101100110001100001011010100011010100111000110011100111
1111111110111011101110111111111001011111110011110111010001100011110101110100110111011111110100110110000100010111111001111111110101011101011010101100010000110001011010001110111011
1101011110111011110111111110111011100111111101011010001111100110001110101101111001111111000111100010111101110011110010101101011001010111011111101111100111110001001000001111101001
0111011111001111011010000011001110000000111110111101110011111100101010011101110101010001100101101111110111011101011101110011111010001111111011110001010111100011010110001110010001
1011101001110101011110000011110011001001101101011110111011010001111101100100101100100101100111111111101010100110011001100101001100011011101001111101111000101111110111000100111000
1000101011001000110001001100010001111000010111101101111111111001110100101111001101010100001000111110101100010101111000010010100000111001010110110110100100101101100101111110111010
1110010111010111100001001101010101110110011011110100101111111101101011000100111001111101011010101111111111011101001101111100000101101110110011110011001001001111110011011010011110
0110011101110001111111100001001010100011011101111010100111100111101010010010011010110001010100111011011101011111111111111011111011001011100101101010110101111100011000110111010111
0111001100101011001101101110101110011101011110100101111110100111001000101011111111010011111011000111001110111111110101111101110011110111101000101001111110011000101101010110001101
0001100101001111011111111010111111010111101101010010101000011111101101100001110100111001110011111001001100111000011011001110110100001111011010001000101111011001011101111010111011
1110110010111111100111111001000101111010010001111111001100000111111110100111101001111010111110100010100001100101101100111111101110110000101110001100011011110100010111110111111001
1000000010010111011111100010000011111001001101110010000011010100001010111010110111110000001101111011101001010100010001100011001101010001111111110111111001011100011011001101110111
1000111010100010111011000000000011101101100010111011100110011111110100111111001011110111100101111000000111010010110111011001101111101001100110111011100001100111001000011011001000
1111010001111101110100101010010001111111100010011110101010011111110110010010110101100001001000111000111001001111111100110111110111100111101110111100011100001101110011111000010011
1010010000010010110001000011011011011111110011111110011101110010110111101101111111101000001010100001101111101111010010110010101011111011001111110010110011000110010111111110011011
0110011000001100100100010111101111101011101111111100010010011011000000011100101110001001101100101101110011111010111110011011100100111100100111011101010010111111011101111011111110
0001001111001010111111000110110101110101110111011110000010001110010111111101000111011011011101010011101000001000110101011110001110001111011101111111110101001100101101010100111100
1011101011101000011110111101100010111010011001111001011111001010010111001111111111011101111001101100011001101111111001100110110111111011001011111110010100101110101100001101110110
1101011111111111111110110110000101110101110001011001001101110001111111111010111011011011100001110100100001001110011010111011111101100111110001010101011111011111011101001100000110
1111111111000101101000011000010100001101101011001111111100100000011001011001111111101001110011111101011001010000101110001111000010111111101011011101110111001101111011100111011111
0110111010110110010101011001111001110111110110000111101111110001111111110011100110011001111100011011001100110110100010011110101101011101110101101110001011100101001101011110100010
1110110110010011001101111111111111111111101100111111101101001010101001011110110000011111100011000000110011110010100100010010010010101001010001010011011010111111111111011100110010
1011110011101010110110001101111111101100010101111101101110001011000111111011001100111010001010001110000101101110101111011111010111011100011111000010100101001011111000011100011110
0111100100111100010100111011011111111111000100110000101110111110000110110000010111101101000011110101011110001111101010101011011010011010010011000111010110111010111111110110010111
1111011001111000110100011001111111100011001011101111110000001111000010111111110010001011011011111110110111101011010111010101101001011110100011110110100111000111111101111000111011
0110111011001110001101010110010100010000111110110001101110111010110001000100001010111110110110101110101111111100111111001111110101101010110100111111101011100101110101011010001001
0100011010110001010110111011001100100101000011001100110110111010111001011110011111011101000111111011001000111011010000110011100010011011100001001011010101111110110010001111010010
1110111110111111100001111101100111111100100100101001000010111111100110011010111110110011110111010110011011011111111001110010010111101100111111110011111001111111110001110101110011
0101110110011101101010001111101110111101101110110011111010101010111000000111011100100110111011111101011010111101111111010010010110010011100110011100111110110111111011011000010111
0101100111111110101110001011111100100010011101000100011101101111111011001111011110101101101100111011101110011011010101101001011110110001110110001000011001101100010011110110110111
1011101000111011111011111010000111110111100011010010011011111101101011010101111000010110110010111111100000111111111100000011101000111111111010111101111101011100010001101101101111
1111111010011111100111010100011111000011011111111000101011110001001110111010000101111110110011000110011110100110111100001111111100110101110101011110100101101010100001111111111000
1110101011001111100110011101010101111110011000010110111100011011101011110101101101001100011000010110101111111100011101000001000011110110111110100110110101110011100111101101011111
0010001101111111001011101011101011000100100011010011101010110110101000111010111100111010001101110000111100011001100001001101101000000000011001101100000110111111100000011110100101
0111101111101000110000011000010101000010011111101011110111011111001001001011010111011100111101011001110110101111111111101111011111011011111011110100101100000001001101110111111100
1111111101101101011010110111111111110111010111001111010110011101011011111001100011111101101110101101011101111100100110100101100110110001100111010010000010100011111100101100010101
0111110001110111111001111111010011100100011010111110101011011100100111111011000011011110101100111111101111010010110011111100110001110100110111011011111001011101011001101101110111
0001001110110101111111011110110101010111111101110011010111110110110011110111100010100010111111001101011010001011111010111101010110100001001101011100010011111001011001110011010010
0011101111110110011011010110110000110111001100000110011011111110011111010000111101001111110011100011000011110011101011110001110111111100111011011110010111101111111110101011000111
0011011100111011111111110110111111000101100111011010111110111100010010000110111010001111101010011111111011110111000100000111110101101001101111110101111011011111101110101011110000
0100111000101111111001010001111101111101100010101101111110000100110101110101010100000001101011110100111110110111101111101101111010110011111110111011111011111111001110101111100100
1100001111001111110011111111011101101001111111011111111000111011100111001101111000001011101111011011000110111011111111000110110010110110100111111011111111111001011110111000100001
0001011011101101100011101010101101110001111110001001100011111111111110010111111011010111110000010100001111010011101010011101111101001001000101110101000110111001111110011101101111
1101100101000011110100010010111100011101110110111000001000010001010110111110111011001010001100010000111011011011111011011100011111100101111011011110001010101001011001110100110001
0100111111111111001100001111110000001000010110000010101000101001101101101101001111011101011110111111011111101111011100011110101001111110111101110110110000110111101111100111001110
0000100101100000111010110011011010110011001111101111001101111111011011010000010011111010010100001111111001111010011011101110100101010110001100111111111110100011000111111111111110
0110101101011011011010001011000101011001101101100011101001011111000101111100111111111000011010000111011111100101010111111100100101010001101101010011001011011100001011100010101100
0001111111101011100010010110100101101101010100001111100000110110001101101110100110001011101000011111010111011111111000110100111111111111000111001011001000111010001100001101001111
1001100110001010111010011011101100110111101000011010110111110010101000110011111101110110110110010001110101111011110101111100111111111010000011011010011000110111001010101010111111
1010011111111001011011110011011111111101111111100100111001100010000111010001111100010111001011010111110011111100110101110000100010111010010000111111111011100000110111111101101100
1010110110100000110011000101000110110101111010101011100010000101111111101100010111110010101101111110010011111111000101010000001111111111110101011001111100100000101100111101011000
1110010010110101100111000111101011111100110011100011011000111101011011100101100110110000000110011011101011111101011110110001001110010110110011111000010111100111110010110101111101
1010001001000111111100101111011110101111111111111101111111011100011110111001011010100010000010011100111111011101111110011000010000100111111100100111000111110011111101111100000101
0101001101111101110111111101111101111111110100110101011100101110011011111011101001111110011111100011100010110010101010111101011011010011110101111111011111010011001101010101100101
1101101110100000000110001111010101011100111001111101011101010110101110111000111101010011010011100001111100111110111111111011001100010010100111010110111001100100110001011110011010
1011010011111011110110010010101111111111011101111010000001011100111101101110011101101011110110100010110101011011111100010111001001100100101111011001011011111011111110110100110010
0010110011100010011101100110100000111110100111111110110000100010101111011110001011010011110111010101101010110110111100011111000010110110110010110000111100111001100110101110110011
1101110010101010010010111111110011010001011001101111010011100110010010111000111111010011111101011010010011100110000111100011011010000111100111111100001110101111001111001111111100
1001111011101011011011001011110100101000011011111000110111101001001100011011101001100101001101111110011110001100111001110101010110111101011111011111001011001111001010111110111011
1101010110011001010011111010101111101110000011001100000101010101011001100101110101100111111110101101100111101111101011110111101000110011110111111110100001100111111011101010110000
0011001101000001000101011111101110011101010010111111010110110110010111110111011101101111100001101010100011101001100101101110101011111011110111100101111010101101010111001111010011
1101111001010011010100111011011011110111011111011111001010000010111100010111111000111010111000101100110000011111011100011110111001110011000111001111001001010110101111001101110101
0011110111100000011000100000011111100101011001101010001011000001011101110110101111111110110111110011111001111001000111011011110001011110001000111001101111100111110101011010111011
1111111110111101101100110101100101111111101011001100111111011101101101000010011011001111111111100101011010011100011001110011100110100011110111111110111010011111011111011011111011
0100011111001101100111100100111111110100101010100011100011010011101110101110110011110011101111011011011010000110110011101110110110010011100011011100000011010111101010000110011111
0101111000100010010001101010001111110011110111011111011001000111000111111011011011111101011111111110000111000001010111011001100010101101111000001101111111101110100111101111110010
1100100100110111001110010100111100001110010001001111000111111000111111111011110100010111011111101100111111000110010011011100111100110001100100111100110110100001001001100111111011
1000110011100110011011000111110100000110111101111110110110011010110101101110110001100010110111101011110101101001011011100110101011110100101110111101100001011111010001010110000000
1001011011000001000101011011010101111011011110100110001111011011111011011100101111111111011010011111010100101001101111100011101111011111000110011001111011011110100110011111011111
0011010000000010101110100111011101110010101111011110100110010000011011111001100111111110111011100100011110010110010110111111100110110011111111000100100010001110100111101001011101
0000010111011110100111100111101001110111011110010110101101110111110101101101111110111100011100111110111000100010011011001101010101011110011001100001001101101111111110111001011111
0111110100100111001111111011000000111110110111110111011111111000001111111110101100010111111101101110100101111101101100011110011100101011001010110010010111100111110011100001111000
1000011001011111110011101110010111001111101101111101100101011100110101101110100110111111010001111110110101000110110010101101110111101001110111011100000101110001110101100111001111
1001110111110000100100101011001101111111110001001110101101100101101100111110110001110010101111101111001110010011010011110011101110101011111110001010100101001100010001001001101101
0110101011111101010100111101011101010110110010000101001011001110111100100000111110111101100001111001010010111111101101111110111111100111101001000011110010101111111110100011111111
0101111000011001111110101111101011111111110101101111011000110000101101110011101010110101101110001001111011111110100110101100111011111011101001011001001010010100111001111011010110
1110111100111101101100011111001100001001010111101110110110011000010011010000111110100001111101011001111001100111001111011110101110010001111111100011011011001110110011010101001010
1011011001100100010010111101111000101111110101011110101111101011101011100000001110001110111111111110110111011001010110101010101011110011111001111001111101111000101110000100111100
1111100100111011101100111111111100111101111110001111101001101110110100010101101100101111101000111010001110111001111011110111010011011001111001100101101110111100111011101110111111
0000010101111101110100101111100101010011110110101011100100110110101100000101111101111111111000010110111100101101111011101001010110110110110011011010011100100001001100110010111100
1010110011101000111110001110100011101101101101010101110111111111110111101100100001010011000000001111011111100111010110111001011110011100100101101111011001011110011110111111110010
1111011001011001011101001011010111011000111111100110111101001100111110011111110111101000000001011111110011010011101100001110011111011110100110111111111101111111100001101010111010
1001100010110000111111011001001110111110001101010111101111011010001110001101011011111011111100000000011111111111001111110000011100010111001110011001110111111111111100101010111111
1111101001111000111110110111001110101111010111000111000100011001110101110100101111111100011000110001100110101000111011001111101111111011111100111101011010011110101110000100001100
0111100001001010101111011011001101110111111011100100111010101010011000011101100000101110011011011101011100001110010111110011110101111001100011110110100110111111000111000100111111
0011111101110011111010110000100001100101011100101001111101111010100101110100110111001101111011001000100001101011111110100111111011011111101101001110001111110000101011100100110100
1011111101101111101011000010101100110110000001000110101110110101110011110010110110110100011111010011101001110111001111111111010101111011011101011100011111111111011111100010100001
1100101101111111011010010010111000101101110110001110011110011010101101000010101011001111111010010100001110000110101011011001011110010000000100001111110101110010111110111011010010
1000100110001011001110101101011110100101011000011010101111011101000101011110011111110110011110100110111101011101011111010100011010011110011101111011110100000100011101111110100010
0100111100100011111010110011011001110110101110110010110011010110111010111110111010110011111111011010111110101111100001111111111111100100011111010100111010110111110101001011011100
0100001100101101110110110111000100011111110101111101001011110111111111001000100011001010011110000000101010010010111101001011011110100011010110110101100111001110110100111000111101
0011011101011000111011111100101000111000110111001011000101101110101001001110001010010111010011100111100010010110100010000111100100110001111010011011100010111110110100101010011111
0101111101011101000111100011011011111001110011101111000110111100011110101010100000110011011111111011011111100011110111010101110110101001001110011100011010111010011011101100011011
1101100000111001100010100110100010111000101111110111011110111111000010111100110101101100110010110001111101111011011111111000111110001110101010101000101101111000111100010001011000
0101111001110100000001110101111111011100001001101110111101001110001111111110111011110110100011111111011001111101001111111111011100000101010100100010110111000110011110101101010011
0101110110111100001110101000110101010110100111011001010000101011110101011111101010100110000111110010111001010001101100111100010010111100101010001101000111100011100110010000101101
1110100110001111010111101111010000011101000111100011110110110100100001001011100111100111100000100100100010010101110111111000110110110111010111101011111011010011011101100000111100
0110100000010011001111011100010111101011110010010100111111100010100101110110011101111011110010111101111101001111001100100011110111111010101000001001001100110110111110110001111111
1110011010000101010100111010101110001110010111011001111111010100111001111010111011110100011001001111111101100111011100100101101000011111011001111100111111011111011001011110011100
1101010001111011000111110010111111101101111011101100010011111111111011000101111111011110111011011101111101100001101011111110001110110000001010011111010111001110010011101100111111
1111111011111110110101111110101011000111100111111110011110110010001101001011100001111011000101110011011011001100110000111011011000101001101010011011111011110110100111111101101000
0101110111010111001011110011111010101101101001111000011111111101001101101100111111111111101111011111110011101110011001010101111010111110000011101011111110011001010001010001010111
1101110101111111001110111110000001011100101110100111101101110110000110111101001110110101011111010101110111111110001101010111110111100111011111110001101001111100000101111100011101
0011101011000001100101011001110110111000110110110000110101111110011100101111100111001111000100111001111101111101001000001011011111011010010011000001111011111110101110001111111011
1111010010011100101111110011011111010100111010011100011010110011111111000110011010110111111100111000110101000000010110100111001101100100101001110001111101011110000111011011000001
1000010010100001111110111010101101010011110011101010011001101101010111001000001001111001110110110100101110010110100011111011110001101100011101111110000111111001101110001001101110
0110101101101111010111100100101110001111001010110111011010100100101101101110101001110011000110001010011011011111000110011001101001111101101010111110010111000011011101100110101011
0110011101111110001001111010100001111100100101100110110111111101010011111010001111110011001111011110001001011010010010110111110011110010101011110110101110110111011110011100101110
1001001101010110010010101110011110110100000000101011110100001011000101111000101001110101111110011111101111010010100001111111010110010011001110111110010001011011000001000111000100
0111110011101100110011111100110110111011000011010111000100111100111010101111100010011001000011110011000010011000111100011101101111101001110111010011110001101010001010111110111110
0111011011110101010111111011111001111101111011000011100011001111011100100001010111111101100101110101101011111011010011101000111110011110111011110101110001010111010000101111110111
0100011100111110110001010011011010101100111011001101111010101110101111011110001111110000100101111100110110110110111100110011100111001001111011101111101110100010010000111011001110
1011111000101110011000111110011011111101100111110100101001010011010111110111010110111111011111101111011010011000111010011101101111010111010100101101010101011101011100111111100010
1110111011101000111101110101101111011111111110000111110001001001010011101011001101111010111000110110000101100110001001011011111111010111001110111111011010101001000000010111000111
0100010101111011111111100111011010010111110000111111010101111101110011011101001111111100110000000111101001010111100110111011111010001111000011011111001100110010010001001100111111
1000100011011101011100111001010111001011011000111100111111111111001111111001001011100010101001001001111111110111110111101011111010111100100111101110010010100001001101110100110110
0111011110101111111101110110011010110001110001101000001011011001111011100111010011100011011001110101110111110111110010100011111011011110111111100110111111001001011001101111011001
1001001100000110010111100001101001110100010111111001001101001111101101100011111111111111001001110111111011101100111010000101101010010000011010010001111010110110010001111000101110
1111110000010111011110110110111101011100011000111010000100110101111111100111010011001010000111101110010110110011111011111001110101011101010100100101000000000000000101111111100101
1010100011011101110110011110100111101100011101101101110111001101111111111000011110011100000101101100011011000100111111101010100011111111101111010000110011101011001110111011110011
1011110011101110111111011001101111111111111110000111011001111111111000100000111111111110111010110101110101101000100011011110110111100011101110000101110100100110010111111100111000
1001010011101101111001100010101101101001110001110011100011111011011100000010110011111011010110110111001111010011101010010110111011111101111100101111110000100100111011111001110111
1011111111111101011100101111101111101111110101101000110110000101010010110010000011111011101101000111111101110011110010111010011111000010110101100111010100000000011101101101101110
0111010100101010100011110011100111011110110000111011110111101111011101111110101100000111100100111001011111011101011101101001001110110010001011111010101000001111101110011101100101
0001111101010110000111010101000001011011001000010101100111000100011001011110111111110111101111100110110000011001111011001111100111101110101101101000100111100111111110001101110000
1011100110111100011001010111001011101111011000011111101111100011111101110101100100011101000111111100100011000110100001100110000001101001010110111010010101110101111101000101011111
0111011011111111010110011100010101110111010111011001011111011011101110101111011011111001011110101011111111010011100101001011100001111110100011101111010111101011111111100011110111
0010011000011001111001110110011101010000110111110110110010111111110011011111111000101111010111111111101100111110001000111010011100100010100011101100111110111110101011110011000111
0000111111111111001011110111001110101001111111011111101011000110010110010101100111100011101000001011111011111110001011001111100011110100000010000110101111110010110000001100110001
1100110011111110111000101111100101111111111010000100111001010100000011001110101111101011010111010001001101011011111111100010000001010001100100110111001011110010110111111100111011
0110111001110110010001001000000110010111011110110001110001110011001001011101101001111101101101010111110111011000010110011111101110101000011101100101110110101101111111101011010011
1101101111000101100010010111101010000111110101111101110111110101111011110110111101000101001011001111111111111011110011011111101101011111101111011100000110001110011100111011101001
0111011000010011001010111100111111110011110110111011101011100100101100001110100000001011111111001001100011101011111110111101111000011111011111101101110101001011001010010001010001
0111011111101100101101101001101110111010111000001110010001111100110000111011111010101011111101110001000100100011101111011100111100011100011111011001011111011101100111011100000010
1101100110100000100111100111011001010010101100011101010111011111111011111010001110001011011000001110101011111010101011101011101001100110100101010101110111111101010110011101100101
1111011011100101111101111100110000010011101111000111110110000100011101111011011010011100011001110010101111101011101110001000101010001110110101011110100010011010110101011111111010
