0111011011011010111100110011110101010111111101110011110111110111110111110111111111001010110110101111111111111111101111011010110
1001100011111101000111111101111011101101001100011101111111001110111010101011111011011111011111111110111110010011101111101111001
1000101110111111101111111111010111001010111111111000010001110100100011011011101111111111011111111111000100111111011111111100011
1100111100110001110001111111111111110100011100100110011111001001100011100110101100100110111101110100101010111011111101010111101
0111011011010011110001110110110110010111111110110110011111101111100110001111101111010010011100111110001100100110100101010101010
1001101110110101101111111001111000110011111110111111101000111011110111111000111011111101001100100000111111100101101111111010100
1011110011111001011101010110111111111101101001100111010111111101111110011110111111111101111110101111111000011011110011111001111
0011010011101101110100111100001101101101000111011111111011111111111100011011011101101111111011110110110110010110010001101001110
1110111101111110011100011001011110010100111111011111011111111110111110101011111111010111011100011111011101111111100010010110110
1100101110111111111111110111110011100100110101111001011101011011110100110110111110011111111011010111100111111110101001010101101
0111011111010100111111111001101001100111110010101111001101110111111110000101011011100100111110000111010011111111001110111101100
1111111011100111111000101110111111101011011111110010001001110011111101100100011110110111111111111111111111101111011001101001011
1110001111000110001101110100111111011111011100011111111111111011011100110111001111111101011111011111101111111111100111111111111
0110010111111011101000001110001111111111110101111110110011111011100111110011011110111101101010111111110111110110101101010010010
1010100011011101101000111101111101101101110110100011100010010010111010001011011111101001100110110110101111111000101111001111011
0111111101010110110110101101011111111101101111111111111010100110101111011101110111101111110111111110101010111011011111101001010
1011110101110111011011101111101001111011110101110011001011001011100001100010011000101010011010010011011001101100110000110011111
1001101111110001100111011100001011001110011111100111111101101111110011100111111110111100011011011101100111110110101101110110111
1010011011111110100101011111011111010111100111111101111011101110011011011110111111011001101010111011110001110101011010011010110
1110011111101001011011111111001111110111110011110101101001101111001111100111011101000011110101100111110111110110101111110110110
0110010001100001110101111110011110110101111010111111110011001000010100100111100100100111010110111111101011010011111100011111011
0111111001101000111110101111010101110111100100011111011100001011101011111111111100110110101110110001111110111111110000110111110
1111110101111011100111011001110110010001110011111011011101111100111111101101101100101111010110101001111010011110011101001011001
1111111111101010011110101101111110000000110111101111111101101011111110111110111101101111011010110101110000011101110010111111011
0111010110110111111111110010111010010100111100111111111011110010010011110101111100110011111111101100110000110001110011111010101
0111101101011111111111010011111111100011110111010011111111111101111001011100111000100111110011101101101111110111110101111111001
1011101001010100101111001101111011111110111001101101010111111111001011110111111011111110111010111111111111000101110110110110011
1111010011100011101101110110011111111111000110111111111101111011111111011011110111111011010111111110111010011100010100101111111
1101111001111010100000111110001001001011110011010111011101001111011101101111000011111011101101011101101001001111001101111010110
1111111011011011001011111111001101011011001011100111101111101101111110101110011110101011101011001011111000010011001110101010001
0101011110111111111110011111110110111110110011101100101001100111110110011111110011111000110111111011110101111100110111101110111
1011101110011111001111110101011011011011110101110110111011111111011011100111110001011111011111111111100101111111101111111111110
0111101011011101011110111111001101011001101100100100101111110110011011101111111111111111111111100101111111111111111001100111111
1111001101111111111101000111110110111100101011101111101111111111110111111111110111010111100001011110001110101111100111101011111
0101011101110111100111000111001001000011011111111100100111101110011101110110111111111011100111101011111110011101111111110010110
1001111010001101101111101011011111001001101100001110011110111101100111101111011101111100011110011001111110010100110100111111101
0110001100011111110000000011111111010111111111010111001101101111001100001111001101111111110010111100111101111101011111111011111
1101101111101111011111001011001001001011110110110111001110111101011000011111111111111110110111001101010111111100110111111010101
1010110000111100111101000111111100101101101011111111001111111011101111011111100111111101101001011001111001110011011110011111110
1100111100111111101111100101110110111110010011111111011110111001111101111101111001101111110011101001001111110011110011011001011
1010111011100111101111111110101111011110001010100111010111111100111001111101011100011111011111011011111011101001101111110111011
1011110011111110110110111110101100101101000101110111011111110001000000110101101111101111001111010111011111111100101111101101111
1111111010011001010010001010010011111010100111110010101100111011111011101011011101011111001010111111111100110111011110111101111
1111110111011111111001011101000110111100011010011110100110111000001100100010001001111100011001101100000111101111010111011111111
0010110110110011011110110101111001101111101101010011111111011011101111000111111101100110101101101010111101011101110011110110111
1010001111010101111100110110111101101011011010011110111110101011100111111110100011111100110111110111101111011000110010111111011
1011111001110111111110111011011111100111111000000100011101101101111001011011101100011111101111111111001110110111011010111001000
1110110111011101101111101101100100101111011111000111011001111111001111111011111111111110111100111101011100110101010011010111111
0110010111101101001011111011001001110011000101000101100110101111111011111111111111101110111101110100011101011111101111011011011
0101111110101101011111011011111111111111110101111001110111100111011110110011111100111001110100111111010111011111111110111111101
1001111110111111110011111101110101011111111111010001011101011011110110110110001111111101111110000110011101110111110011011110101
1100011111101011111111111111110001001111110010011110111010010011110101111000001100001011011111111111111001111111101101101110111
1100010100001111011110011101011111100000001111001101001101111101011010011111010011111101011111100110110111111100111101101110011
1111101111001101011011111111100100010001110011110111001111010010101011111000101100110011101001011111111101101111111001111101101
0101110111111001111101111101111111011111011011110011110011111100101011001111110011110110110111100110011011111111110111111111110
1101101011101000010001110111110011111111111111101110110011001111100011110101000100111111011111110101011111010011111111010101000
1101101110001111101010001110010111110111110111001101011101011011111011011000011001111111101111100111101101110101110111111110101
1111101111111100111110111111111111101010110010110110111110000101111100111010010110110101010011110111111111000101111101101101011
1010111110111101011100111111011111111111111101111100101000010011101110101101011110011111100110111100001111110011111111100110111
1010011111111110000000101111000111010111111110010011111010100111111111010010111111100111100101101110110100111101111111110111111
0101111111001100111111110111110101111111101111111010101110000111111110111100111110111101110111010111101000011101101010011101110
1110101110100001011100100110111111111100100000111100101101011001110111110011011101111111111100101011101111101111000011110001110
1100110111111111111101011011101111101010001011011111010110111000101111111101111111111110101110110101101101011011111011111101111
1001111101111100110101010111111101011111011011111111100111111100111011110011011111000111101001110110111001110101010111011111111
1111111111110111110001110101011001010011101011101011011111111111011101111011111110111001011111111110110111010111111100110011111
1100011111111010011010111101111111100101101000101111100011011101101000100001101101111011011000110011010111110111111111011100011
0100001110111011001101110111110110101111101110111100111011111011110000001111110001111111110110101110111110110110101111111100100
1000111111111101000110110001111001111011000111010111000001111110100001010011010011001101101110010100001010110111110111001010111
1111111010100111011101111011011111010010001011011110111110111111000001110110011111111010011011111101011111101111110111110001111
1011010000010101111101101111100111110011101011111001011110010111100110001111100111110111101111100111101000110101011111001110111
1101010011011100110111111010110111110001111101011111010101101111110010010110110111111010111110111111101111010110101111101101011
1010011101001101001001011111001001100111110001111111110111011111100110101111011111100001100101011101011010110111111011110110110
0110111110000011001001110101111011011111101001111001111011101010101001010111111001110101110011011111101100001101011001001010101
1001101001111001011111111110111111111111110011001010101100101010001011111011111111111110010000110110011011100111101110111111111
1111101111001110111111010011111111111110001111111110101001010101101111111101110011010111011110001001110101111111100010110110011
1110100110101111010111101011101111011111111010111100101100100111111101011110011101111111110010101110110111010111111011111111111
1111111011000001011011111111001111100111010011111100011000011010111001101110010111011011111111011011011110111111111101110001110
1100011111110111111101011111011111110101101010011100101011111111101110111111100011011111111110011011111111010110111111111110110
1111111111111110111101111110010010111101111110111111010010111111110010011101000100111001110100011110110111111010101111011111010
1011101111011111011111111001010011111110111010111111010101111111110011110101101000111110011111001111011111000011111111001100100
1110111011111111011000000011111011100110010001011010101001111011100111110110110001010011111111101111110111110111011011010011011
1110111110101011001100010011101111111111011111011010101010010111011111111111110010001011000001111100111101111101011010011011111
0011011100111111110011111111111010111111010111011110111111011110111011111101001100011010001101100011110100101101111110101001100
0110111011011100011001001011101111111110101101110110111111101110111011101111111110101111011111101111001101011100111001100101000
1110011101001111111000110011111110111111111101111111100110101110111110100101111101110111111110111011111001111010110111111101101
0111011111111101010011110110000111011111111111111010101111111111001101001111010100011010100000111011101000101111111111111101001
1111100111010001100111111111110111101101111010111001011110110111011011100111110111111100111111111110011011011111010101111100111
0110011111011111001110111101110111101011111000100111110111111101111101011011111011011000101011110100101111001111111011011111110
1001001101110111001101001110111011101111000011111110011010111111001101111001111010001111001110001011100111000101001000101111111
1111101111111001110110111111001110011101100101011111101101001100111010101111111110011010000111110111011011001010101010111111111
0111111111111100111001011010110110010010111110111011110110000111110111100010110110111011100010111001011011111111111110110011100
1111111010111011000111101001101110110100110011111111101110111110101101110010111110111010110001110001010110100111101110100110001
1110001101111111111011111111011110111101111001100011101111101010101111101011110110011011111001101110101101111111101111011111000
0111000101011001010100001101111111100111110111101001111111011001100011011000100111110011010110110101101111011110100111001111111
1111111100010111001111111111001110101001001111111101101111110111111011100101000011111111011111001111110111111111101101011010111
0111100111011111111011010011101101011010111001111101010101101011110110111100111001001111011101001011011111111011111100001111001
1110101010011101011010101111111101111111101110110101010000110100101010111011111111011110101010110001111111010010110100111001011
1111101111111111010110011111100111001100011101111111111111111011101111111101001111010011010011100011111011101101010001110101011
1110101111111111101110000011011101100000111011100111111011011101111001101101111110111110110010110101100111111101101111100101001
1010001011111100111111110110111110110111111001110101010111001110010011111010110110111100111101111110110100101001110100100111011
1101011101011111011111111111111110111010101011000001110011011111101001101011011011101101100011101111011010010110111101100111110
1100011110110100101101111011011010111110111010011111111101010001111010010111111111101010011100111101101111011111011111111111100
1101111010011011100011100111110011111011111011111011011111101111001111111100110101011111011011011100110101111111111010001101010
1110110111011110010101000110001111111101011111111110110111110110111010101011111111110001100111111011011011111110110101110011111
1101010101111111010111100111000011110101110101100100101101100100111110110101111110000011111101111110110101110101010011001011111
1000010011111110111110000110101110001111110111001111111111100111110010100111011111011011111011111110011110110010110111111101110
1011110011111111111101001100001111001111111100110011111010110101011111010110101011101100001110110111001111001110101011101101110
1111001111101111011111111101011110111111011011111111101110111011111101110011111011011010001011111010111111000111111111100111110
1011001011111011100001110001101111101100110111001101111000011110000010001010101001111111011011110111011100100101011011111101111
1010110111111100111101110111101111111100011110111111111011011101111111111111110011110111101111100110111110111011011111111010111
1111101111111101010111100100110111000011001100101111011100100110111110110111111110001111011111111000111101110101000111010110100
1111011010111001001011011110110111101011101110111111011111111111110111011111100111100111101110110111011010011110101011100111011
1101111011001110110111011110001111110101110011001111111111111010111110110111111100111101011111111011101101110001000111111110111
0011001100010001101011111111001010111111001111110110111111110011110111011001110111111111001000011101111111011100000001100100001
1111010001110111011110100000110110101010111000101101110101111010111001111101111111110101111110110010111000111101000011110110111
1111110000101111010110100111111101111110111100001101101111110001111111100100111100101110001111111011110101010110100011111100110
1110011010101011001100011010011101101111111111111110001110111111011111110111011111101101011111000010011011111111101101111111111
1111111101011111010100101100101111101101110110011011111111110111011111111001111110011111000011100110110111111111111110000001111
0110011100111001110101011111111111111100111011100101111011110110101010110111110000111110111100001111110101111101111110010001100
1011111011101100111111011110100100111111101111111110011110011111111010010111111011001111011010101100010101001110101110101010111
1110011100111011001010111101111101011111011101101111111011001011011101101101011101101111110011111000011011101100100110010001101
0111100011101010010111010111001110010010111111010111111111111011011001110111011100011111110111010111111001111011111110000011111
1101010010001110111111111111111111111110100111011111101010110001100101011111011011000001111111110001110110010111101010010101111
0101101101111011100011110101000111011011111101111100011101011111100010100101101011111101111011011111111111111001000011101110001
1001011111101000111101001001101111111110011110010111011010111111101111011101110101101011111001100000110111111110101111111110011
1010101110011111111111010011101111101011111111011001101001111111110111110111111011000011110001101101101111111101101111010110101
0111001001011010110010111111011011011101111111011111110011110011110111101111000011001110110101111111000110001101111011011111110
