0111111010001110100110111110011101011110101111111010000101101100000011011011001110000
1011101001001001011011111110101110110110011111110101011110111101001011011011000110000
1101010111010110001110001111110100101111101110001011011101011101010010111011111001100
1110000111100100011110111111110011100111010111100000111111100101100011101100101000100
1100011001110111110111110001110111001111010101101010001110110101100101000111100011011
1010101101101111010110111010001111111100011111101111111000111101111100010111110011110
1100110011111111111011101011010000001110001011101110100011111111010100101110001110011
0011010010110101001011111110111111111001011000010101101111000010010110000111110101011
1011001101001101101000101011111001011101110111111111111111111010011111011110001110111
0111111010111110110100111111010000000010000110011000001111010111110111111100001010010
0001111101001010110101101100011001101000010100100001010011011010001011011101010011110
0010101101000000111111001110101100011000001011010111010011011111011010100001100100010
1100011011100010001110000111010000011111100100001001101100111101110111000111111101111
1011111111000011100101111111111111000100110000011100110110000101101110110111110101100
1010111001101100100111110111110111110011110010111011001010110000101000000101001010010
0100111110000100101010011101111110101111110011111101011111110110111110101010011011011
1000101011110111010111011001111000011110011111101111000111100101110011100101110111111
0101111001110000100001111111111111100101110101111101010110110001111011101101111100010
0111001110011001000001101001101101111011101111111101111110010001110101101110111001011
1011110001111110100001001101001100110011101111111101010110111110011110011111100110101
1111111100011011100001111101011101110011100101001011010111000101110011011100001101001
0100101100110110111110000101110111011101000000011100101001001001010110111101110111011
1101111111100110011010010110111011011101101000010011111101110110111100111100100010000
1101110101000111110010101010001101001001001101001101011101001101110111010101111110110
1111011111110101111110010111101001111101110000010101111111001110111011101000111010111
1111000101111111010111101000001001010101101011101000111110111110010000101101111000001
1111011111011110010000111000000100000011111010100101001101100110001011010000100000100
0011101011001111111111001000001100000110111110011000100010010010010111010101101101111
0111100110010111111001101000000010110001100100110111100111111111001001000000111010111
1011101111101111110011100000001101111100100111000011111000011101111101100000110101101
1100010110110101111110111101010001101111001101111111000011011011101010111100011001000
1110110100010111011111010011010000110001100011011010011101001010101101010100001000101
0101110100000111010001100000100001110110111010010000111110010010010001010000000011001
1001110110100110011011111100011010111110110111010011101111000000011101101111110110010
0111010100100011011110001000111111000001110111101001011010011011110000011111100111010
1100010110011010101111101100110111000110001000100111011110001011100111111111001001011
1010111110111001101001111000011001000111011001101110111111111111010111000010111100100
1111111010001101110001101101011011011010111111111000011000011101011101010110011110110
1111101001001011101110000011001011011101111010011111011100001110011111000100011101111
0011100110001011011111111110101100101010001110101010000110101001101111111101100101110
1010000010001111011110101111110111100110000011110010011111100000111011010010111101010
0101110110100111110000001011000011101110000111111110110101111111001010101000011111001
1110011100010000101100110111001010011111000110111110100111111111111101011100111001001
1111110011101000111110010001111001100101011001010011111111111110001111101011010001001
1111011011010011101100000111010111100111111000111110101100011100111100000010111000111
1101111010010001111110010100011101101100110100110110110010101111101111100101000011101
1101111010100011111100000110101000111101111011011011011011110000101111010001110110110
1100000111010111011101101001101111000110111111101010100100111001111100100110010010011
1010111011001111111111010101001100101111011010110111100010011011111111011111100100110
0100011110010101111101011010101000011010011011001011010101011110010101110011011111111
1010111010010010100010100000111101011011111111111101011000010011110110011111000000011
0110010110111011111110111010111001110010000100101110111001111001110000101000110111101
0001011110001100001001101101110011001000011111011001010111111110110100010010110101101
0111010010110101011110111100010110111110110101100111100011001111111110110011101100100
0111110111001011001001111110010111111110100110100011000110000111001100100111100111111
1111100111001101111110111110100111011011111110010100101010000001001000111100111001111
0101101111110111111110001101101011111001101101101000111100010011000000101100101001110
1011001111110001100011111010101101001000111100100101110000111110011101011110001011111
1101111010001011110100100110100000001001111101110001100001011111110101101011101111011
0110111011111011011100100101111010101100011110111111100011101111111110100011010001011
1110011010111000000101011100111100111111011111011101110001110111010111001101111010110
1111111001011101100110111110110000001110011111000100111001111010010000100110100000101
0000001111110001000100101111101110111010011101001110111011111100101111111101011111000
0111111001011100111011010000111000111101011001011011011110111000110110110001110100101
0001110001001111111010111000011100110001101011111011110000110011010111101111011101001
0010011111011001111111111101010011101110101010011111110001111101101011011101110001011
0100010010110111010100101010111101000111111111111000011101010010010011100100101111100
0000111111001101001101110001010101011111001111111110111001111011100010010100100110011
1111000111111101110111011011001000011011110101101010010000011011111100011111000101010
1101100011101000111010011011110111011111101101101100000001101010111000101110100001010
0011001001010101111001101100011001010001010101010101011110110111101001010001111010001
1110010011100100000111110011001110110101101000101110110101000011010110101000110001010
1111001011100001011111101100001001110001011100001011000111101010110011010010100111110
0001111111101110111111110101001101110111001001011010001111001110111111000001110010111
1110111110001101001100000000000001111100100110011110111001110100100011001001000000111
1110110100111110110101010101000001110001000101101110011000111011110010100110110000100
0011110100011100111101111111110001101001101010101001111110101101011101111101010101111
0010010100101101111001011100111001001110111110110101100100011011110000110101101101001
1011001011001011011010011101101100011110111010000100010111101010101000100000010000010
1100001110011100110111010001010001101111110000101101111000100011101110001000110001101
1100111011100011100101111000100011100100010001110101001001101010001100101100000000100
0010110100101101101011000001011010110011111101000101101111110010111011011000110100001
0011010010101100100100011011110100001111000011101101111111001101001000001111100110011
0000111111111011111001011001100001110111100010111110001111111000010111011110101000101
0000101110001001101111001101110110010010011111010111101101110101110100100110110101110
