00000101110001111101101000011111111111110111111011110100111111111111110111101011110101111011110111111111101101011111111
00110011101111101111110101110111111111001001011110011011111111101111110101011111111111111101111110100101110111110111111
01010011111000101100110101110111110111111011111111111111111011111101001011111110110111111111110111001011101111101111011
01101011010011101110001101111111111111111001111011111101111111111101111111111010111111110010111101010111110111001111111
00010111011111101101111110111110011111011110011011110110110111101111010111010111101111011111111110111111111111111001111
10001001011011010111111111011111111101110111110111000111111111111111111110001100111101111110111111110111111110111011101
01111001111111111100111011101010101111111011100111110011110100011101000111111111110111110111011111011011111110011111111
11111110111010111111010011111111101111110011101110011111111111011011101111111111101110110111111111111100111101110111011
11100011001111111111101001001111110101111011111110111111100111111011111111111111111101111110110011110111010110110101111
10111111001011111011101111101111010111001111110011111011111111111101111110111011111110010111110111001111010111111111010
01101111110111110111011111111101111111111101011111001111011011110011111111111111111110011111111111111111111011111101111
01001010101001101011111111110111010101111111111111111011011111111111110100010011011110101011111111110101111111010101101
01011111111001111101111101110111111011011111110111101010111111111111110111010111100100100101101000110110011111111111101
11011110111110001111110011101111111110111111111110011111111111101101111101110111110111100111111110110111111111111111111
11111011111110011101011110011101101111111111111111101010111001111010100011111111111101011011111011111011110011010101111
10000111111010101110110111101101110010111011111111111011110101111010111101010011010111110111111111111111111111001111011
11111011110111110111111111111011111111010111110011110011101101111111111111110110111101111111111111110111101000110011111
11111111101011111011110001111111110110001111111111001111101111011110101101111111110111111011010101110101010101111111111
01010101111101011101011111111111111111111111111110111111111111011101111000111011011110111111111111010111111010001011011
11001101111111101110011011111111010101111011111011111110101111101101111111010011110011101111100111111111111111001100111
11101110110111011100001110111111100111111111110101101111111111111111110011101111111111111111111111101111111011111111110
01101111001111111111001111111011111111111111111111100110011111111101011101111010111101111101101011111111110011011111011
10011110111110101011110101100101111111001110110111111110111110011111010110101011110100110111111010011101110111111010110
01111100011110111010111011100011111110111110111110111101111111110111110111011001011110111011111101110011101101111110111
00001111011101111011110101110110101111110111110110100111111001101110111111011101111111110111111111111111110111010111100
01110111111111011111011110111111111111111011100101111111111001111100011011101111101111111111100110011000111101011011111
01111011011111011111111111011010111111111110100010111101011101111111110110101011111011110011011100011111101111101111110
11111101001110101111110011101111101110101000111110111110111011011110110001001111111011110110100011011011011100111101011
10011111111001111111110001110111011111111010111101111101101001111111011011101101111111101000111010111101101101101111110
11111101111111110111101011011011111110111101101111111111111001010011110111101111011101101011111011111101111011111111111
11111111110111001111110111111101111111001010010111011111111111111011101100111111111011111011110101111111111111111111111
11110101111111111111111101011110111111110011111110111111110110111111011111111111111111111111011111011001101110101111111
11110111101011111110111111110111010101111011111111100111011111010111110111000011110111111111111111110011011111111111101
11111100111111011111011101101111100111111011110110100111100111111111110110111111111111110110101110111111110111010111011
11011111001011101010011111111111000101111101101111011001011111111111110111110111111011001111111110111111110011111100011
11111111111101101111111111111111111011101111111101111111110111111111111111111101111011011111000101010111110001111111101
11111011011011111110111111111111010101111010110111011110111011100101111011111101011101111101011111101111111110111101111
11111111111110101011111011101011111110110111110101111110111110111010110111101111111110111111111110111111011011111101111
10110111101101110011110111111101111111011111101111111111111011011111111111101111111111010111111110110111111111101111111
10111111101111111011110111101101111011101101100101111111101110101111111011111001011111101011101011111110111111111110111
01111010111111110111111101111110111110110111111001110111111101111100110111111001111111110110111111111111111111101110100
10001100011111101110111110100100001101111010001111111111111111111010111111111111111111100110111001011111101111111011111
10101111110111111111111111101011110111101101101111110101111111100111111111111011100111111000010001101110110111101100111
11110111111111111111110011000101111101111010011101111100101111111111111110001111111000001011111111111110110101111011101
10110111110111111111111111111101111111111010010010101011110101110111111111011011101111110111111111111111100111101111111
11111100111111111111111110011011110111001001100111111111111110101010111010111111111101110101111111100110101111100100111
11111001101101110111010100011101101100101111000111111001111101101000110011110111101011111101101111101100111101111001001
01100111101111110110111111011111111111110111011011011101001111111111101110111011111110111101110111010111011110110110110
11111111111111111111011110110111111010100110111101110101111110100111111111001111111001101111111101101110010111111010111
10111110011110111101111001001110101111111111011110111011111100011111111100010111101111011101011001011111111010111011111
10111010110110111011111111111101110101111111111011011011110000011111011111111111001111101110111111110111110010101111010
11111011110101011011001101111111001111111111011111101111101111001101111111111111111111111111110011011010111011111110110
01110001111111110111101101111111001111110101111101110111111101110111101011111111111110001011011011111111111111110111111
10111101101001000111111111111111110111111111010110011011111100111111001111111001110110101011111011100111111110010010111
01101111111111111111111011010111110111111100110001111101111111001011111011111111111101100111111111101110111100111111111
01110111111101011110100111101111111100111110111111111110001111001101111101111111011001111110111101111111111111111111110
11111111110011111111101111011111010111111111111011111110011011111111011111110011111111001010111111111101010111110111111
11111111011111110010111111110111101111101110111011101110101111011111100110111001111111110111010111001111000011101110101
11110101011111101111111111111110101011111111011111011111110101010011110011111111111001011111111111111111111001101111111
11011111110111011111111100100011111101011111111111011111011010111011110101110101111110111111111111111101111111111011110
11111101111111000111111100010011111111110111010110010011110100111111111111100001111011111011111111111101111111111101111
11111101111111111111110111111110111110101111101100011011111000101111111111011111111111110011111111111100111001101011011
11111100111111111001110111101011011111011111111110001100100111001010101111101111011111101101111101101111111101100111110
10110111111110111110111101111111111101101101100101101100111110001111100111110111111111110010111111001101011010011110111
11111111110111111111111011111011011101111101011101110111110111110011110111111001001111110111110111111101111111111111101
11111110010111001111111111111001111110111011100111111101110011010011111111011011011110111101111111111111011011011101110
11001101101110111100101110111111111101110111110111101110111111111101110001111010011011010101111111111111111111110110111
11111111111111001011111100101111111110110011100111111111111111011110101001111111111111011011110010011100000111101100001
11010101111111111111100110110110111111111111111111011011011111111111001111010010110011111110110011110110011110111110111
11011100111111011011111111111101111111111111111011110011101111001110001111110111011111111111111111111011110011110110011
00110101111001011111010011001011000110110111110111111111100011100101110110111010111111111101111011111101011101101111101
11011111111111011101011110100111111101101111100111110101110111111100111001111111110111101111110011111111110111110111111
10111111111010101001101111101101111111111111111110111110111011111100111001011111111101111111111111011010011111111011110
11111011101011111101110111011101101111111110101010111111101111111111110110111111111111011001011001101110111111111111110
10110011111001101110111001101111011111111110011100111111111110111011011101011011111111101110101001010111111111111111111
01111011111111111111010110000011011110011110111101111111111101011111111111101110011111100111111001111111110111101011110
11110111111000100110111111111111010111111111110110111111011001101111001111110000001101010011111110111100011111111111111
01101111101011101100100011011111011111100101011011111011001101110001010111010011100101110110111111101111101111111111010
11111011111111111111111001110111111001100111111111111011101001110111111111110101101011111110010011010111110110111001111
11001011111111110111101111111111111111111111111111111111111111111101010111100110111111101110110001111111101101111111111
11111111111011101101111011111011111101101111111111011110111111010001101111100111011101111111111101111111111101101111011
11110110111101111111111110111111111111111101010110011111111111110111111111110001101111110101101111110111111101110011101
01011101111100101010110111111111011111111101111111111011111111111111011011111011110011011111011011011110110101111110111
11111111111111111110111111001101110011111110110101111110110101111101011111111101110011111101111100111100001111011001010
01111011011101010111100111111011111101111110101101111100110111111111111101110011011100101111011111111111111011011110111
11111110100001111101110011111111111110111110111011110011111011111011111111111111111100111111111111111011011111111101011
11110111100111011111111111111111110011011110111110110111010111111100111110110111110111000011101111111011111111111110011
11111111111000111110111111110011110111101010111101010001011111011111111011001110111101001111111101000100111010011111111
11101100101100101111110101001111101111010011001111111101101110100101111111100011101111010111111111111001111011111111111
01101111111011011011111011010001111111101100111111110011011100101110111110110111111111011011100111110111101001101011011
10111111111101111111101111110111111101111101100010111111111111011001110110111111101011111100100111111111111011111111111
11101011011111111111111111100111101111110001111111011110011111101111011111011000111111111100111011111111111111110011111
11111101111111111011111111011110111001111101111110110111101111111111111110111101110101111111011111111111111111111001111
11111111111101111110101110101111101011101111110111111111111111111111111111011111101111011001101001111111011111101110000
01011111001111111010111110101101111011111101111011101111101111110110011011111100111111111001110111111100111111111111111
11111111011101011111100111100011111111101001111110100011111111111110010010001100110111111110101010111111101111111111111
11101111111101111011111011011101111011111001111100111110111111011111111110001110011011101111101101011110111101101110111
10110111111100111111110110010111100110011111111111111111111111111110111111110111111011111111111010111100111001011111111
11001101101111111101110110001110111011111011111010101111101111101110111101011101110111101111111101010111101110111111111
10011111101111111111011111111111111101111101100101111001101111001111111110111011111111101111111111100100101100110101010
10101011011000110001111011111111011011011111101011011011111111111111011111011101101111101011111111000001011011011011111
11011101111111011111111010101110011111111111111111101111111111111111101101111111111110010111111111110000011011110111101
10111110111011111011110110110010111111111111110111111111011000100110110111110111111011100111110110100000111111111011111
11111110111101111111111110111111111111101100100101101101111110111110011100110111110011101111110100101000011111110111110
11111111001101111011111111101111011110111111111001111111001111101010010101110111111010111111101111110010011001111100110
01011111111111110111111011010110111111111011001111111111101111111110111111111010111011111011111011001111101011010111111
10101111001111011011100101111111100011111100011101011111001111111110101011101101110111111111111111111111110101111110111
11111111110111010101001111111011110010111111111110001111100110101011101111111111111101100001111110110011001011011110010
01111110111111110011111010100111111011111110110111111101110110011111110111111110000111111011111100101111010101110100010
11111001011111110101111111101110111101111111111010011001111111101111011111111101111111101111111111001111111110111111111
01101101111011001100101100111111101111111111111111111011111111101011111111111111111001101111111110110111101011000111111
11001111111111101100111111010110111111010101001111011111100110011110110111101111011111111011101101111111111111001111111
10111110011011010111111101111111101111111111101011110011011111011101101011111111101111111110111111101010101101010111110
11110011111111110101110110111111111111111010110100111011111010111111111101101101101011111010011111110101111111111011101
11110111010011011110111111101111110100111101100111111111111101111010111111111101111010111111011111101111011101111101111
11111111111111111110110011111111110111100101101001101011101111101100001111111111110101011111101101111111010001111110111
11011110101111101101101111101111100111111111110111011111111110111110101111111011011010011011101111101111111001111111010
11111011111001111111111101111111011011110110110111111111101111110110110111111111101111111111101111111011111111111011101
11111111101111111111010101010111111111110111111011001110111011011011111100101011111011111111101111101110011001110111010
