00101111111111101110111110011101101111110011111101111111111101011111111100111110111011111110111100011000100011111011111111111010111111111110111110001111011011111111
00110111111110011010011101011101010011011011111010101101101111101111111101111001011111111111010111111111111011111111110110011000101010111111100111110111111111101011
11011111110111111110111110101110101111110110111010111111111111111011101010111110101101101111111111111011010110111011111011111110111111011011111100111010011011110111
01101101111111111011111110100111111000111101110110111111110111010110111101111111011110001111111011111111011110011110001101111111111111111110011110101111110111111110
10110111111011111111111110101011111111011001101111111101111011101111111110101001111101111111100100111111111000111111111111011111110111001110010011011100110100110111
11111011101111111011111111111110011101101111110011011111111010101111110111111100011110101011111101111111111111101111111010111011111101001111111110111111101111111111
11101101101111101101110111111101011101011011011110111110101100101001101111111001111011111101011011111111111111011101111110111110111111101011111111111010110110111111
11111110110111011101101111010111111111111111011111111110011110111111101011010111111101010111110010111100111101110011001011111011001111111111111111110011111000111111
11111111010111011111111111101111111111011110111111111110101101101110111111111111110011111111111110111101111111111111110001110101101110111110111101101110110101110101
11111001101111011111111111101111111111101010111111111101100000110111011111111011111111111111111111011101111111100101011111111111011101111111100111000101111101111101
11011110010111101110111101101110111111001011110011101111111110011111111111101111011111111111110111111111111011101111110110110110111011111111110111111111011011100100
11110111111011110100111111111101111111111110100101101111101111101101111111111111101101111101101101111111111110100111111011101011111111111111111111111101111111111111
11111111111100111101111110111110101101111001101101111110111111011111101111101101111111111111111101101111101111111010011111111101011111010011111101111110111111011010
10111111111100010111111111110111111111111111101111001111111101111111111111011100111101001100111111011101011101001111110101111111110111110111011111111111111110000111
10111110001110011110001110111111111111111011011111101011110111111110111011111111111111111110001111111111111011111111110011111001001111011101111110111111001011111111
01111101110111101011111111101110011100011111101111011111111101111111011010111101111011111111011110111111010110110101100011111111111111011111010111111111110111101101
11111111111010110101111110111011111001111011111111101001101111101111110110100111011110010111100111101111111011110110110011011111110101111111011111101011111110111111
10101011111111101000101111111111011011011111111011111111011111111111111111111110111001111111110011111100110111110110111111101011111111110111111111101101011111111001
11111100111001110001111111111101111110111010111011101110101111111111101010110111111110111101111110101111101101101101111101111110011011111000111111010110101101111011
00011111110011011010011101111010111111011111110011011111111011111110111111100111111111101110111111101101011111011110111111111101110110111110111010000110101111101111
10111111111111011110001111111011110010111111111101111111111110111111111111001010111111110101011111101001111001101110111111111111110110111101111111101101111111101111
11111110111111011011001111110011110111011010111110011011011110111111000111111101111101001101111100011111011111011010111101111010011111011110010011111011111011101011
11111101111111111111110110011110111101111110111111111111001001101110111111111111111111000101101111111101001110111010111111111011111001111110110011111010110111111111
11111111111111111111111001111011111110110101011100111010111011110110111111111011110110111011101111111100111111011011111110011111111111111110111101111110110111111111
10111111110111111110111001111111111111111111001111111111111111111110101111111100111100011111111011011101111011101101111101111111111011111111111111011111101111101101
01000111111101010111110110111111111001111110101111011110111111011111111111101111010111001111111111111010111101101111101010101011011111111111011111110101111101111101
00111110111111111111110111011011111111111101011111111111010111101111110111011011111110110111111110011110110010011111111001111111111101111110111011011110100111111111
11000111000111101111111111101111110111101101010111111111111100111111111111101110111111111011111111111111111111011101101011101111110011010111110100111100110101111010
11101110111110111111101111110110110111111100111111111001110110111011100111110111111011111111111101111101001111101111111101101111111111111101110111111111110111111111
11110111111111110110001011011000110111111111101111111011111111001010111111111011011111111101111111100110001110111111101111011111111101111111111111101011101011100110
00111101111011111101111111111001111111111111011101111111101110111111111111110111111110111100101111111111111111110111111111111111101001111101101110101111111111111111
11011011110101101110110111110010010110111111111110111001111000111101111111111111111111111111111110110111111111111011111110111111110111111111111100111111111110101111
10111001111111101011111111111110011111111100111111011111110111110111011111111110011011110011111111111001010100111111011111111011111111110111110111100011111111111110
01011111111101111111111111111111100101111100100101111111011101111111110111111111101101011111111101111000111111111111111111001111110111011111101111111111111111110001
10111111111111111111001111100010100111110100111111111110111111110111101101111111110101110101111111111111101111101011111001011111101011110111100011111011111001111111
10101111111111110011011110111111111011101110111100111111000110111011111011110111110011111110101110111111111110101111111011110110101111111110011111111011111111101011
11101001111101100111110110111111101100111111001011011101100111101111111101111111111111111010011011111011110110111111000001110111110001011111111110010111111111111111
11101111111111101101011011111110111100111111111111011101001111101111111110111111111011001111110011111111110111110111111101111110011011010011111111010101101011111110
10110101010111101010101111111111111111011111101110011111111011100110011111111010011111111011011100110001001111101111011111101111111111111110101111111111111011111111
11111011100111111111111111101111111011101111111110111110111011100111111111111111011111111111100111111101011011111111111111001111101111111011111111111111011011111111
01011111111111111111111011111111110111110111111110111111111101110110111001111011111100111111100111111111110110011111111111111111111001111011111101011010110111011110
00110101100101010101101111111111111111111000111100001101111110110110101110101111001111111111110111111011110111011111111010111011111100001111111111111111010101111111
11100111111101111111111011000111000111111001111011011101111111101111011111011111110101111100000110010011100101111111111111011111011111110101111111111111111111111011
11011111001011111101100110110111000011111010110101111010101111101111111000010001111111111101111111111011101111111111111111101101111100111101111001111101111011111111
11111100111111011111111001001101111101111111011011111101011111111101101111110101110111001111111110101110111110011110101001111011011101111101111111001111111111111111
11110111111000101111111100111011101101011111101110110111111001111001111011101111111111101111111011111111111111111010111011110111101111010101100101111010101111111011
11101011110011111110111111101111101111111110110110111001111111011111111111111011011111111111110000111100011101110110011111111111111111111111111111111110110111111111
10011011110111111000111111111111111101111101011010111111111111111011100101000111110110111111011011011101101000110011111011101111111110001111110111111011011111011001
01111111111001111111011011111101101011111010111100101111101111110111111111011101011111111111111011010111111101111011110110011111111000011111101111111111101011101011
10001101111111111111101011111110111011000011100000111101110111111011001111001011111111111111110111111111111111101111111111111111111111110111111111111110011111110001
11111011111110101110101110111111011100011001111111011110111111111110111101111111111101111111111101111111110011010111111111011111001110111110101111111111101001100101
10111111110010010101111111111111111111111011111101101011111111110111111110101111111110101111111011011111011011111101101011101111111011011111111111100111111011101111
11111111111111111111111111111111111111111111101111110111110111001111111110111110011101111101111000010111111111110011101011101111101111111001101111111010110111111110
11111111111111010111101011110010111111111110110111101011011101101101111000111110111011111011011011111111111101101010011100001011111111111111100110111110011111111111
10110111101111110111111111110110111100111001010110111101111111111111101110111111111111111010111110101111100110111110110111111011111110101100011011110110011011111111
11111100011101111101111010111111110111101110111111011110011111110110111110111110111111111101111110011101101111111101101110011011101110111111111111010111111111111111
11111110111111111011100111011111101010111111011111111010011111111011110111011101011111111101010001111111110111101111111111101111111111011111111111111010111111010011
10111101001011110101110111111101111000111110111101111111101011111101011111011111011101111111011001111101111111111111011111110111110110111111101111101111111111110111
11101111101111011111111111010111011001111111111110110111110110001111111101101001101111111101101111111001111111110111111111111111100110101111001101111011011101011101
11110011101111111110110011111110111111001111101111111111101011111111111111110001011111111010111011100011101111111110111101011101110111110111011111110111111111111101
01111101001110101111110111101110101111110111101111111011111101101111011100111111011111110111111101101110111111011011111111111111110101110011110101101110111110111101
11111000100111111111001111100100111011111011111111111111110110101100110101111111111111111111001111111111111101110111111111111111010011111111101111100111111010111011
01101111110101111111111110111011111111111111110111110111110111011111111110111111111101010110011111011010111111111111101111111111001111011011011001111011110111101111
10110001011011110111110111011011111100001100111111110011110100101101101111111111111111010111111111111111101111111111111011001011111111111111111111101111111111111111
11101111101111111111111011111111010111000011111101101110111111110110110111110100111111111110011111111101111111011011011110111111111111110011011111010111111000101101
11011101111111111111111111110011111011111111101010111111011111111010111111111011111111111110011111111111111111101011111011111111011111000011111111111111110011111110
11111101111011111111111111111110111111111111001111111011101110101101011111010101010111101011111111111111101001110111111110111111111111011111011011111111111111111111
11101111011111011110110001111011111111010011111111011110111110110010111011101111111011111111111111101111110111111111011111101101111111110010110101111101111011011101
11111111101111101111101111111111011111011101111110111111101101111101011111111111111111111111111111100101100110101111110101101001110110111001111111111111111111110111
11011100111101111101101101110111110111111011011010111101111111101111101111111111101110011111110101101001111111011111111111110110001011111111111110111100101111111101
11111011111111110111101111010111101111111111111011111111011110110111110101111111111110111101110111111111101111111011011111101111111101111101011111111101111010111011
11011110111111001101111111111111111011110110101111111011111111111110111000111111111111110110111101101111111101111011111010011111110010111100101111101001110111011111
00101111111111111111111111111111110101110110111011011011110100111111110001111110101101110111111111111010111011101111111111001111101111111111111101111100111111101011
01010111111111100101111111111111111110111010111111100000111101011111111010111111111111011111101101111111100111111101101110100011111111111111110110111011111111110101
11111110111110111111011111011111111111111100111000111111001111111101111111011101101111111110111101110010111110111111111110011111111111111111111011010111101101010111
11110111110101110110011110101111111111111011101010101111110111111110111111101011111101111111011101001001101111110011010101011111111001111111111010111101111111011111
11111110111111110100111111110101111011111110011011111111111011110101111111110011111111110111000101011101111111101111110111110111110011111111011011110110111111111111
10110101101111111111011011011011111111010110110110111111110011111011111111100010111111111011111011101011101110110111111111111111110111111110111101111101111101101101
10110001111100101111101101111111111111111110011101111111010011110101111111011100111101111111111001011100111111111111011101101111110111111111011001001111111011111111
01011011111110111011011101101111011111011111111111110010111111110111111101111000111011011110111010111101111011111110100101111111110101010001111110111001111101110111
10101011110111110111111110111011011111001011110101110111001001111101111111111111010111111111111111101011111101011111111111000111010111101111110001111111101111011111
11011111111011111111111111111111101111111011111111111111110111111111101101011111100101111111111101111011111011111101111111111111111111111001111011111111111001111111
11111111011111111111111010111111110011111101011011111111111111111101111111111111000111101111111111110101110111111111111011000011110111110111111001100110110011111011
01111101011111101011111111110111011010111111111111111011111111111110111111111110111011010011111101110111101111101111011101001101111111011111111111111101001111111001
11010110111010111011101101111111100111110101111111010111101111011111111101101101101100011111110111111111111110111111111111011101011111110000111101011111111111111001
11101011111111110101111001011101111111110111111011101111111111111111100111111111111100111110111101111111011111111011011111111101111111101111101111010111101001111101
11101110111110110111100100111111101110111111011111111111111111001111101110111110111001001010101101111111111111111011100111011011111111101111111111110111110110110111
11001011111110111110100110111111111110111111001111101111111111111101111111111111110111001110001001001101011110011101110101011101110000101111011111111111101111011110
11111110111111110111010111011111010111111111111111111111111101001111111001110111111011110111101110111111010111111111111111011111111111010001011111110100111111111110
11111011111111111111111011101111011101011111111111111001111011111101111111111011111011011010110101101111110011011111111111110111101011111111110110110111101111011110
11111101111010111101000111111001110111111100111111110110010111111111110111111111111111111101111101111111110011110110111110111111001101011011101111010110011111101011
01111111111110011110111111111101111001111101111111111101111011010011111011011110111110001010111111110111111101111001110110111011111101111111111011011011111111111101
10111101111111001111011111111111111101011101111011111011001110010011111111100111111111101111011011111111011111111111011111111111111111110101111011110001011001111011
11110111111011010111110011111101111011100101111111111111110110111111111110110111111111000111101101010011001111011011111100111111111011111111111111110111111011111011
10110110110111110011111111111111111110100001110110111111011111111111100111110111111101111011110110110001101111110111111110111010111111111010101100100000101000111111
11101100111111111011111101111111111100111111100001100011001011111111111111111000111111101111011010011001111111110111111101011111001111001110010101111101111101001101
01110011111001111111101111110111101111011111110111010111001101111111101010000101101010001001101101111111110001111010111111101111010011001111110111111011110111111000
01110110011111101101101111011110111011011101010111110100111111111111111111111110111111110111110010110110111110101111111101110111110110110111111011111011111111111111
01111111101110111111101101011111111111111101111001100110111111011111111111100101111111101111101011011101111110111001111111101111101011111111100110110111111011001111
11111111111101110100011111111011111111111111011111111101111001111110001011101011011111101011111111101111111111111111111111101101111010011110111111111111110111111011
11111111111111111111111111111010111111011101111101110111111011111111011111011111110011111110100110110111111010110010101111011111111111111111111011111111111111011111
01011111111111111111011110111111001101011000111111111111110011011111101101001011001111111111100011111011111101011111110111111111010101011110111011110101100100110110
01111110001110111010010001110111001111001111110011111110100111110111001111100100110111101111110011011101000111111110111011111111111101110111111011111111110100101110
01111110111111111011111010011011101111111111010111111111111101011111111101011101111111111111111110111110011111110100111101111111111011110111100100111111111111101011
11001111111110101110100111110011011111001111110111101111111111111111111111111111111110100111001111111100010111101001001111111111111111011011001111111101110111111111
01111111111101111101110111110011110111011100111011111100111011101101010110101011111011111111100111111101101110110111101011101101111111010010011110111101011111110111
01011111111111101011111111011111011100110001111111011101011111111110011110111111110111110001111101111101010110110111110101101111100101111111110111111111101111111100
00110111110111010111011101011111111111101111111011001111111111111101111101111110101111111001111101110111111010101111001101111011111001011011011111111101111011111111
11110110111110111101011110111111011111111101110001111011111110111101111011111111011111111110111101111011111101111100111111101111010111011101111111110110111011111110
11000111111011101111110111011011011001110111011011111101111111111111011111011011111101101111111110010111100010101111111111101111010100111111101111111111110110101111
11101101111110111110101011001111111111110011011111011111111101110111101111111111011111101011101111111011111111001110110110111111111111101110101111111111111111111111
11111011100010111101011100110111110011011111111110111011011111111011011101110111111011111111111110111111011010000111111110011111111111101101100101111111110011011111
11111110101011100011111111111101111110111111110011010111110110111101111111101011111111111101110011110110100111100010111111001010110111111110111011001011111111111100
01011110111101111111100011111110110111111111101001110011111101110011110011101111111110011110101101010111011111110011111111101111101100111110111101100111011011011111
11111101101111101101111101101111111111111111111111101110111111111111111110111111101111101110111111011110011101111101101101111101111100111101111111110111111111011111
11101111111101110010000111111111111111111111000111111001111011111111111111111110111111111101111101110100111101010110111111111000110100111111010101011111111111100111
11101110101101111111111111111111011101011111110111111011101111110110110111101101111010111111011111111111011011111111001011110011110111110101111011011111101111110011
11101110111111101111111110101011111101111111011111100110111111011111111110111110111111011111111111110111001011111101000111111111111011100110101111111111111111111101
10111111010110000111111111111111111101111111111101111101111111111111011111100110111111001110111111111011110111011111100110111101001111101111100001111111111011110111
11011010011011000111111110001111110001111011001011100111111111101011111011111111110111111111111111111101101111111111011010111111010110111011101111111111110101111011
11101111011110111101101101010111110100111111011111111011111011111111011111101100111011101111101010111110110011111101111101111111101111011011100011100001011111101111
10111001110111111111111010111110111111111011111101111010111111110101111010011111111111111100100111111111111111001111110010101111111010111111111011100111111111011111
10110111111111110111111011111011100111101101111101011010111011101111111001001111010001000111111011110111111111100111111111011101111100111111110011111101110111110011
11111111111011111011111110100111101111001110111011100011011111101110010100111101010011111111111101001111100100110011111110101101101111111101001111111111111010111111
11111111010111111111111111111111111001111111101111111111101111111111101110110111010111111011111110111111111111111111011111110011010111101111101111111111011111111011
00111010111011011011100110111111011111111011011111111000111111101111011110111111110111011110110111111111111011110110011111110010011111111111010111110111101111111111
10111111011101011110111111111111111111111110111111111111111011111110011111111111111000101111111111101111101111111100110111001101101110011111111011111011110111110111
00011101110111111101101111111111111010111111111111111111111111111111101111111111111111111111110111111111111111110110111111111010101111010111111111100011111101111111
11111110101101011101101110111111111110111101011111011111111110011011101111111111011101111101111001111011111100111111110011110011011011111111111111011001111111110101
10111110011111011111111111111101110011101111101111010110110111011111101101111111111111111001111011011111110111111011110101101100101111001111110101111000110111110111
11110111111110110110011111101110101101111111111111111111100000111111011011110000010111101111111100111011110100110110011011110111110111111101011111111110111111111111
10111111110111111101110101101101110100110111111101101111111110111111101011100111111111101011101101001110111011111111101110111111011000111011110110111001011111111111
11111011101111110111110111011001111101110010011101111111111101111111110111101110111111101100111111111001110010111000111111011111111000101111111010100011010111111100
10111111011111111110011111111111111111111010111001011100100111111111011011111111111111101111111110101111111110111000111010011101111000111101110011100011110111011011
11010011111101001111101111101111101100111011101001101111011111011001111111111110111011110101111001101011001001111111111101111100101111011011001110111011111000111111
11110001111111111111111111111111111111111011111011111101110111111011111111111111011110001111111001111111111111001111100111110111101101101111111011111111110101111101
11111111111100111011111111101111010110111101101110111111111001110010111111111110110101110111011110111100101111111111001111111110111111110111111110111110111111111111
11011101111101111101111111111111111110100111111111110111111101010010011111111110101101110101110111111111001011111111111001111111111011011011101111111111011011110100
11111111111111011101011111110101111111111100001111110101111111111111010011111110101101110111011111111111111101101101011111101111110110111101101111111110111111101111
01100111011111111100100011011111111011011111111111011101111111111110111011111011111101111111110011101011101111010011101111111111111111111110110111111000111111011111
11100111111110100111101110111111111011111111111111111101110011010101110111110101111111100111111011111111001011111110111111101011110111011111001110011111110111011100
10111111101111111111111111111101100111011111101101010011100110111111111011111111111110111101110111011110011110001111100001100111111111011001001110011111110111111111
10110111100111101111100111100111010111111111101011111011111101111110111110111111011111111011111001011110110111101110110101011011101010111110110111001110111101111110
11110111111111111110100111011111110111111110111111111101111111011101111111000101000111111110011110110001111111110111010100011101111100101111111010010100011111011111
11011111011101111111111011101110111111110110101111111111110101011110111101111001010101111111110011111110111111101010110111111111101111111111111100110010111111111101
01001011111111011110111111101100111101111111111111111011111111111111101110101110111111111011110111011110101111111111111111111111111001010111001000111111111101111111
01110111101111111100111101011111111100110111011111111110111111110111111111011101111100111100111111111111111111110110011111111111011111111111000011010111001111111111
01101111001111110010011111111001011111111111011111101111101100101111111011111101110111111111110111111111111111110011111100111110111100111111110111101011110111100011
10111110101111111100111110111111011100111111111111101100111010110111111111010111110110010001000111011011111101111001111100111010111100111111111001010110111101111110
11011100111111110111100111111011010011110111101011110111010111011111111010111110111111111110010100111111111111110111111101111100001000011110111101101011111111101111
11110111101011111011011110101111111110111110111111111111111111111110100001101010111011110111010011111011001011111111111101011111001011111110111011111101110111111111
11010101011101111100110011001111111111110111100110110001011101111111101101110111110111110101110111111111111101111111111111111111100111110100110001110110111111111101
01011111110111011011111111111111111111101011111010111001110111111111111111111111111011111101011111111111101111111011111101110111111001111011111011011111011111110110
11111011111111011100111101011011111110111111101101011111111111111111101111011111011010101011110111111011110111111111011111111011111111111111111111011111101111111111
11100101011111101111110011000111111111110011110111110111111111011011111011111111110111011111111101101001011110101111111011011101101100101111001111101101110110111101
01011110110111011111101111111011110110001110111101001101111110110010110111111101100110111111000111011111111001101011110111101111111111011011111111111111111010111111
11110110001111111101111110101111110111111011111111011111110111110111111111011010101110111111010011111001111111111111111011111110111111001111110110110111111100111111
11110100111110110111111111111110111111111111111111111111111100110111110111111111111111011111110111111001111110111111111111101111111111011111111111111111110000111011
11111111111100111111111111111111111111110111111011111111010111111110111011001111011111101011111011010111111111101001111110111111111110111110011011111111111111010111
10111111110110101110001101111010111011111111111101001111111111010111111101111011111111111101111011011100111110111110111101111111111111111101111111101011111111101100
11010111010110111111111111111011101111111111111110011111001111111111011110011110111111011111111111111011101111111110010111011101001111111011111111101111011111010110
10111111111101111001101111101111101011111101101000111111011110111111110101111111110001111101001101101110111111111111011011010111111110111111111111101111111110111011
11111111000111101011111100111111101111111111111010011111110001110110101110111011111000111110111001111111110111110111101111111111011101101011011101111110110111101101
11101111110101111111111111101011011110110111111111110111111111111011111111111111111111100011111101111001110101110111111111111111111101111011010111110111011111100110
