00101001110100011000111001010111000111101111001101111001011110011000111010101100001101010000111111001000100101000100000001100110011010101011100100110010010101001101100000011000
00111101111010111011100110011011000110111011101010101011010010100011010011110010110111100010011111001111101111011101101010100000111101110110100111101010001011101101010011011110
11011100101111101001001101011000101111010110101101110011110011100101011011100111101110110111011101011110001101101101101001101011110110011011010111001000111011010110110111101111
01101100101111010010100000110011110010001011110011101101101000111110111000111011000110110000011111000111011011011110011110101011110011100100101110111010011001100110011110101000
11110001100000111001011111110010001101000011111011101110001011011010000000011000110110111011011100101001001110100110101110010110101011100110110110101111011101110110011011111111
01110000001100100001010011101111111011011011010011110111111110111111110100100000111001101101100010100000100110001011011111101111011101111111010011011101001000000000101111101111
00000000010001011110111010100001000100111011110011010011100100011100011001101000111101101110010000000011110011110011110110101101011011011101001001101111101111011100010110000101
11001000000101000100111101111001110010011001110111101000111010100010101110000110111011100110100110010100010011110101011101001100000111111011010111100010101101001001001011111101
11111000001111111011110001101010101110010101011110111111101000101010110111100001111100001111111000001010010001100111110110110000110011101101010111011111111001110111111110101101
11000010000110110111101000110101110010000111101010111011110001100011100011110011000111101100001110101110101110110000110000011111010011011111100000011001000010100010100001100101
01110100100011110100000111001111010100110111001110111101011100100010011110001010010010101010101001000000011101111101011111001111110101101011101001111111000100011110010111111101
10110101110011001001011111010011001111111111110111111111101110110011110001111000110011100110011000011111001011000001100011111010101111101110010011011111110101000101101101111100
01110000111100100110110111110001100111000110101111110000110010000010001110111110101001101110100111101111111111111100111000110110101011011010001100010100011101011011001011011011
00110011101100011101101100101101110100111001010110001010101001100111101100011010011010100110110100010111000110111011101111100011101101101000101011000010110000110111101001011110
01101100111010011000100011111011110011011011101011000011111111010101010010101111001100011011000001001111111001010100110001000011001110010101011010100010111000000011110011110011
11011010111001100000010100000010000110011101000111111110100010000111010011110100111010011011000101101111001110100110111101110101010011000010101101010111111100100111111111100111
11101010100101100001011001011011111001101001110000010010001110100110101111111010010001101011101110111000011100111010111001001101111011100111011111111111100010111101110000010010
00000011011011000011100101100011001001010101001101000101111111111111010100111011001111010011010010111011111011111010001110010010001001100000101110001111111001100110111000111110
01010010110010000101110100111001011101110000110100000110111111011001111000011111101101011111001111111111111100001110100101011101001010000110100011010010011101101000011011011111
01101100110101001110111111011001010101001100011110100100100010111110111100101101010111101111011000101101110011010011011010110110001111110111110100001010111101100110101001111011
11010011110011100111010101000011011110111001011011111100110111011100001110010001011011010001110101011101100101111101111110101100110111011000011110110100010011010101100100000010
10001111100110011011100000000100000110110010111101011001111011011111101000001100000101101000100000000110110110010000100100101111010111111110111001101100010110111001111110010000
10101011010101001001000011110111100010110011001011110100111010100100010001000110101110100010100100001011100110101001011111011001101110011000001110000100010011101110011110000111
01101001001111010111100010111101101111010111101000101001111101110110101011000000111110101000111011110110011000010111011010111101001111111001111101000110101100010101001001110100
01001110001110100001001100111110001011111000011011000110100111001001010001101100111110101111101101110101010111110111011111000100111000011101011010111000101001001000000110111101
10101101101110101101101000010101010100000001111001111101100111110110110001010011110010101111011011111100011100110111000111111110100110101001111111110000111110001111101011110001
00011111110011100110001110011111110110011010110100000010010101000110101110100101110111101001101101110000010001101110111111000001110111111101010100110111011110110010110100100001
11111001010110101011001111101011111010010111111111111101000110001110110011001011110100110010011001111110101011010111111010111111001110101101100111101110011001111110010010001000
01100101101001101011000110110110011000110100111000001110100011110010001011100011010011110010100001100010111101001101011010111011110011011010010111011110111110101000011111110100
10000100011001000000011111101011111110110110111111011101001100111001011011011011010011001100011111110011010101100010001100111010001101010100011111111101001001111100111011110010
11011100101100111100101010111100100100101000110110001101110011001100001011101101111100001000111110010011001011110111001110000000000001010101011010000100110110001011101111110011
11010111011111101111101101110100100010100111101001100011100100100001011010110111110010011010111000110111011111110101001010010110110010001101111101111110000110111110111101111101
00110101110011101000001100110111011101000111111101111111000111101100100101111001101011011101101001100110111011011111111100000010011011100111101000101110100010110001100011111011
00010101011001101011100001111100100100010101001101111101111101110001000100010011111011110110110001110001100100100110100010101001001101111101101111011011111001111011111011100110
00101100100100001110100110011100100101011111011000011111100001111111011010001011010011001100111000111101011111101001000010011100001110010000110110101110100000011011101101011111
11101010101111010011110101100110111011010010000001110101101011110101001110110011111010000100111101111000110100011110101101000000001100111010100011111010111101001100011001011011
11110101110110110000111110110101000100100111100111100100101000010000100101100010100000011101010001100001101010101011111111101011111010001111010111101010001011010011110101101111
10101100000110101111000110000000101100010000001100011001110101001101001001110111010101110011011100000001110000011100100110000111110011000001111111100010100101010001010101011000
11000010001101001010111010001111000010000110011110101010001010100100011001011011111001001000100100110100010000011001111010011011101010110100001011101010110110100011110111011100
01100111101101110110111110111100011101001111001100010100111111000100010111011011000000011010111111100111110011111110111010000000100011001101111100111000000011010010101100101111
11010111000101111001100010100010001000010100101000001110000111001010110111110110111010101001110100010000011111010001101111101101111010000001111010110101000010111011100001010000
10100000111110010101000100011101111010111011011101111011000101111001111000001011110001011111100111000110110100000111100010001000101011101101011001100000101001001010011100000001
11111110011110100000011100110101101110110100101111011101110010100001100010111110110100000010001010001010000100011111100100010111001111001011110010110001011101110111010011100011
11011111111101111100101101010001111010010100000001010100110110011010011000001011001001010101011101011010110011111101110101000100101010011010011010111100110011110100010111111001
01111011010110101010010101111111100010001010011011100111010111100010100011101001111110111111101100010111111001000110110011110011111111110101000111111011100111000111001100011111
00011111100101001011110011111110101000100100100000000011100000000100111111001100100101111110001111100011001101001110001000111010101011101011010010110011101001010100100010110100
11101000111010100101111111011101111001111110100110001010111110000101011111101101110011001110000010010111110111100101110011110000011000000001010101010100100001011111010010100011
10100001101111010111010000110110110011110110001000110010000101100011001001010111110110011011000000000110011100110110011001111000010110010011111011110100100100100010001010011111
01011111111111110001101010010110000010100010101001010001011111101010001011101100101001000111001101101111101011100110011011010100011010011111001111111000100010110001011010101101
10111111000110110100111011010101110110000111100010110111000110010110111101001011100010111000101011101001010110101011100000111001101111011111110111001001111101101111001010111101
11111101111110010001101101010001110110100100100101011111100110011100111010011111010000101000101011110010011100010011110011100110100110001111001011111010100111111010111111100110
10100110111110011000111001010100111101010111000111100001011101101000111100111001111001101101010110011100110001111011111110101010001100111010100001110010110101010011001110011111
11011001111101010000110101011110111001101110001000100111101101000011100100001001000110010101000001111011010001101001110101110100011011101010100110111101100001011011100100010001
00011100101100010111101011011110111110011011100001101000111110000101010110101011110001111000111001000110101100001001101110111011100011010111101000110010011101010011101111100101
01101110110101111010000010101001101000101100111101101001100110010011111101000100111101101101111101001001011110010111010010101111110100011111110000100101110011011111100001000011
11110110111100100100010101010111111101000110110011111010101011100110101010000000101100000101100111101011011110011111010011101011100001110101111001000000010010111010110110010101
00110111110111110111111111001011011111010011011000101111000110111001110100011011010101000001110011110101111110001100011010110111011010000111100110110010111110110011111011001010
11100101011010100110111100100010010001010011101010010100001010011011011110001111001110010100101101100100011111101011101111100110011011001101110110010101101111101011111011111100
10011101101101101110011100000100010110110000001010011101010011101000010010010010010111111110101001111001111111110111001011111000111100011000110000101010001100010110001010100111
10000110001100101110100111110101110001011101101111111110100011000100011000110001010011000010110011111101001011101101010110111001010010101010111111100001101010101011011110011111
11101101000110111111111011011010100100111011101011100111111101101101001100111100011111111100100110101110101010110111011011100011001110001010110001100001111110101000110100111101
00101000010001100110110111101010111101011100100110011001001110000101011011111010111001111011010010110000101011101111100010111011011110100111010000110000101110100101000010110011
01110101111101001101001101001101111100100110100110010001101010010000101110110001110010100111011111011111010000000001001111100110010001001111110000110100101111110100101110100000
10011110000100100111110101001100011110000101000001100010110000101011000011000110101111110001001101111101111011111101101001010110010110011101100011001110000110010111001111111111
10011110100000000111110010010110101001001101000010110000111010010001111000001011110101101110111001110001100101101101011011001011001111001001111100011011010101111001101111000111
00110110000001111101111101110010101101110000011001100101000111000011010010011001001101111011100110101010010111010000011010100111010011101110011111111100101101010110001001100010
01011101111111011101010101111000001000001001100111001011010000010101010010101110111110010110001111100111110100000000100110010110110100001100010100011001010001110011111100111101
01100100010101110110010010000101011101000110001100001110110011011110110101110111101111110111010001101010110011111001010001010010101101001000010000110111111101111110101100011111
10010101110101001011010101110000100010001110110001111011100000101001011001100110111111100111011000011000101010011100111101011010010110001011001111100000001100000111010101101000
11110110101100110111001011010101001000111101011001110110111101001111100101111101011011101110001100111100101111000010101111011010101110110001111010101101100101010100100101011011
10110011001011001011110100101111001101100101011111110011010111101000100111001111101110010110101011100001110001110001010011100111111010101100101000010011111110101010011001111111
00000101101011001101100000100000110110011000011001011110110010100001011010110010101100110000100011001001111010100010000001100101111110001011001101001001011001011100001100110111
11100001111010111000100100111111001100011010111010100101011001110110001100001111000100011000010001010001110111111111010110011111110101011101111111111000011010011111110011011111
01100010110100011000001111011110100011111000111111000010000001010001111000101110000110011000011101110110111011011011010001101011100110011111100111011010110111011101100011100010
11110110110110111101000010101011100111001010101010010100000111100011110101000000101111011101110010000101010100011110100011100010111101010101011100111100110011101101110101011110
01011000010111011110100001000101110101111010000100110000101111100101010100000010100100100001000101011111010101100001000101011011001011100001101001011001111100001110011101110001
10011010001111101111010010010110101000110111111011111100110011001110011011000101111101101011111110101111001101110110010110001110000011010010000111100000001001100111101101110011
10100001000010110011011010100011000001001010011110100010010010010011111011001010101111001010101011100110100010010110011001001110000101111111010100011101011110001011111011001001
01110001011011101110001001011101011111111111000101100100111001011011101111010100010100001100001101111010011110011100110111100010011001111000111111100011001110101110110100110101
00110000110000100111100001111111111101110101101101111100110100101101011010001000011110010001101010111110110111110011101011100101111101100111110010101100000011011111100011001101
01101111100110010010001111110011110110101110111111010111000001111011101100111100000110010110110001111100010000111000001001001110101011101110101111100101101000101100100011101110
01001111101101011001100111111111011101101110101100110110101111101010110000001011001010111110101100010110111101011100001011010110110101110011101011111110100010111100101011010011
10100111100011110110101110000010110100101001100010010011010011010111111100101101010001010010000101001100010111100011101101011111011110000001011110001000111111100001110101101000
11111010110000100111011110110010000001000010110100001011111010011111101111111111100000010110000011001000000110000011110000010110110011000011011011011011011111110111111011110011
01111001011101010101101111101101111100001000101101001000011110110011111001100101110000010111001011100111111100101000111001000010110001100001101110010110110111100110110101011001
11000111010110001111110000101100111001100101011010010110101111011101110000101100001000011110111110110100111010100101100111000100011111111110101000011110110100110101101100111111
01111111011111001001011111111000010001001000110001110110001011111101110100011000010000010001001010110111111000111010101111011011110111001111100000111100111101101000111011111101
10111000000000110110100000011001110011010101110101001100011011010111001111100001111111101000110101110111101100010100111110010011001111110101111010111111111011001010011011100111
00001110111010111011010111100111101010111100111101110110001011001100010011101110010001010111011011001101001100111101111110101100111001001100100110101010001110111111001000011011
00100111110111000011000011000100111110000101111010011011011010101011111000100010110111001011010000111010011000100000011110100001100101101100001001101000001010101001110011010011
01101011101111111111001011011001010001010110111110000000001101101111111000001100111111001100001100011101110110100000100101000011001000110000110111111101100001101110000010011111
00101100100000111111100011100000100011001101100110011011100001110101100000111001000010101100011001110110000000010101101111001010100100110010101001001101011011001010000111101101
10000101101011001000111110101011111100111100100001100111111110001100001100101101110001010000011101110100100001110011011011011111110101010011110011110111101001111000011101010101
11111010100101000101100101010111011111011001000000010110100101101001100011101000100001011101101110010010011111110100000010111110111001011110011000111101000001011101010111011000
11111000111100001011000111110111101101010011110011100110011000111010111001001111010011101011110100111011011100100111110101010110010010111011011111101011000011011010011011111100
11111001010011011010101010100110000101111101110010010011010010110110010001011010011001010010111011111110011100110011101100010110100000010101010001110011000100010101101111110010
11010101010010001110000101000110000000010110011001110001100111100110001100101101000111101000010101010110111001100110110001000100100110000111000101100011001111111110101010000110
11110000001010110010100111111100110110010101010011101111111100111011001111010110101110011001100110111011100010111000100111001000001111111111111011100101101011011000011101111001
00001100010010011111000111111101111110110000010011101001111111011111011001001111100011110101101101011111101110001011100110101111101111101111110010111010101100000101110011110101
00100001000101001110100111110111011100101001101000111000101101111000110011010011110001110111111111101111000100110011011000011111011000101101111010011100110000010111100101110010
11101000110110111111101001010000001100000011000011011011001110110101110100011011101100001110001101110001101111110010111111101000001010110000110011111111011111110111111011111110
01110001010111110011110111010001101000110100101110010100110110110010010001111101111011111011100110110011111001001011110001011111111010100111111011001001010001100011011011011101
01110010110111110110011100011111100000010111111110101101000010100111000001011111010010110101011111110101001010111000110111011110010001011011110101010110011001101110010111101100
01011010000111110111101010000111011011010000111011001011101100111010001110111000000010111010001001111110010111100010110011001011111111011011011110010001011011100100100111001101
11000110010010100111111000011000110111010101101010010100101011011011111111000101010011110010100011101100010010100110101111111000001001011111000010110000011110000001111100110010
00010011101010101111010111101101101101111101101101111011111000110111001111110011111011100110011110000101100110111010111100111110110010110111100111111101111011111011110110011100
01111000011110111110000101011011101010001000110110100111111111010000110101001010010011111100011110101110000111011001110011010100011001100100111001010001101010110001000001001011
11101100011011011010111011001101011100001110011101100111111000001110010010111011011110011010011100111001011011100110011011011110010110011001001111001010011010010010101001111110
01011111010111010101011010010011101010011001001011000011111111010101110111000111001101000010010001101011111101111010010000100101100110110100010010101101011110101000010101001111
11110011101110100101100010111111101000011001111010011000011101011101011011011001011000000000110010001101001110111001110111100110101011111010011111110111101101110111010111010000
00101011111011011100101011100111011010010001001111011000011111011001001110011001101011101110111111011011110111000011110011011011100000110101100111010001101010111010010110101110
01010011011011101101110111010011100101111011000100110011001010010101101011101111110000111001110101011010011011000111010001101010110100101110010100011101110100111010000001100100
01110100001011001110101000101000101111110011010001011101110101011001100011100010110010101000000001100110011011000101001001001101000000011011000010111000000101000101010110010010
11111001101010110010100111111011110101010111111110000011101111011000100010101110010001011001011010000000100100011011011110111001000110111100110011111100100101011000111010110110
00011110100001011111000111110110110110010110110111110011011011000000010111101101001100100000101110111101110110110101011101111100010100111110110110100100000100001011100111111000
01100111101101000001101111011011101010101111001001111111011111111001001011010001001101001001101100110100001001111110100111010001011101011010011011010110011001110011011111110001
01101010110111111010110000110000110111111111101001111100010001010010110000100011001111111011001111101111111001100001000100001101011110000110101111011000101110111001001000101001
00010111111010111001101110111000100010110001101110111011100110001101101011001110000110011100101010011111011111110110001100111101101011111101001011000111011110011100000011111110
01111101001011011101101110111111100110111000010110010100111010111100110000000101111010111101100100011000110100001110010100011101101110101001100111010110110111111000101011001111
00011111101001010110111011100110100111001011000000011100010100100010110010011010001001111111001101101010110001000111111010100110011101011000101110111100111111001111110010000001
01011110101101000101101111111011011011111100101010110111111111101110011010101011010001111101110001101011101101100101000100001100011011100110111011100010010111000011110100110010
10100101001101111010001011100000000110001001101110101001011010111001111101110111111011100011101011001111101101111011000000001101000010010101101111011111111111010101101110111010
11110110100111010001110101011100010010001000111101111111111111100100001101100011000000001100010000101000110011010110010100001001000000101101010001110011111110100101010111110011
00001000110110010111001101011101001000100010111111001100101101010011110010010000011100110000111100010110111100100111011000001111010010011000101000110000101010000111111111001111
00110111011100001010111101011100011010101100010101010111001101001000110011011100101000101001110001111111110100111110111011110000111000010110100011111000001101100110000111001001
10001111011010011011110111010001001001001011000010101010110000110110001110001101111101001000111110110110011111001010111111010011101110111011101101010010101011011001011111011000
10111100011111100101010001011101100011100010110000110111110011111111111011111110111110110011111100110111010101110000000100010101011011101010110011100011101111011000011111100010
00110110011001111010011100111000010011101010100001000111100111001100001111010001001000110110100000110101000010101101111001110110001011110010111111010010100110010111011110000010
01111000101111001000101011101001000011111101110001100111001000000011011111100001110110101101110110100101010011110000011000001100011101000110101111010101010101000011110011100010
11110110111000011000110010101001100011001000101110001010111101110110101110100011011111101000111000010111011100010011100110011010101011010011011000011000111001101011111111011001
11001110000111101111001110010100111110101111111011011000111011001001011100110011101001011010010001111101101001000001111110001111110010111110000101110000001100000101101101010110
01100101001101100001111101110100011100000010100101110010001011011011110111100101011001110101100011100001000110010111101100000100100000101010101110011101111011110101100000111111
10111011110110111011111101111001101011111111110111101100110111011100111101011000101101110000001011101101010111000100111011010111011001011111010000010110011101011111101101011001
01011111111111011101110100101110110001010110110001001101010000101101000010111111110111111100110001100011101001000001010110000011110010011000110111011101111010110011101000000100
11011101101101001101010101110000110100100100110000011001000101000100011000010111110011010111001001111100011011110110011010100111001100010000011010111101010000001110101111001101
01100111010010100001111110101110011100100001100111010111001000010000010011101110010001010011111101001011110111101111010101011101011011101110101000101000110111111001010001011110
10100111111111000000111111111001010110010111010011111010011110111111101111000110100001101100011001110011100101011111011100110110001111010110101111101001110001001100110011110111
01011110110100101011010010110111110010110100100011100111110001110110001011100101100001111100010111110100111010110110110011101000101010011001011101100011111111010111000111111000
11101101011110011011010000001000100110000011010111111110100111100100100101001101110101100001111011100111110001011011100010001111111110011000110000110101111000010011100100011110
10100111111000101001000111110011110011011110111111100111110001111000110111110101011110110000101111110111110100101000011001100100010010000100000111001100011010110110110010101100
11011000011001010111010101010001111101011010000101011111111110111000011011010011110011111011100001111110011000100110101111011111100101011010011111010010010101111011100101011010
00101101100100101001110111101111001011011111011101000011011111101111010010100111001100010010111101111111001011010111000010100011010011100110100011011100111100010010100011010010
00010010001011111100111111000111110001111101000110100101000100001100111110110010111111010101011001010101001101000001110111010101110100111100100111010110100000010100100001110001
11111001100010011101101101111101011011010000101011001000110100001110100111101110101010001010001010000011010101110010101101000101101101001101101010110000110010101101110110110110
01111101100101101110101011011110011111101011110111101000110100010100110011001011111110011010101001111101110111101111111111001011100101101001111100011010110100110110110000110111
01100111101101011010010101011101010111100100101111110001000110010100100111011010110100000111101111001110011101100101111011101111101001001101111000110111110010001110010111011010
11011011001000101000110011110101101111111111110110111110101111100101110010101011110000111110111111101000110011001110000110111010001000111110000101010100011101111111010110011101
10010100111110011010100011101101010100011011111110111100110001101111001011110100010111110010110100111011111001111101101101111101111111100010111111101100001011101001100110101010
01111110111100001101010010011101111110110001100011101000001000011110010111110101011101111111011000111100010110011100100101001000010101111001010010010001000011111101111010001110
00001110101110011100111100111111101000001001001100001010010000110101010000100101110011110011110001011010010011010111011101000000100111100011011001110011100100110111100010110000
11011011101101111111000100111001111111100000110000110100101000011001001001000010010111011000101110101010000101000001011011100111000010000100101011000101000100110011100110101011
00001110111100011100000000100100010000001010110001001010010110001011011100010110100100010011111111001101011011110000010001100010100101101110000001001110011111111001101010101111
00100011100101111101000111001010111101100101111111111010110111100101011001110000111011110010100001110000011001110100101101110111010101011110011111000100000101001011100110111010
10111000100111110111111001111010010100100011000001010111100010001011001111110100001111110001000000011111110110010001011111100000110111111111110111100001000011110111000101111110
01111111100010110111000111111100010110000110010001000100111111100101101110011110101100111101100011101011111111100001110101111110011111000111010000110001000100110001100110101111
10001011001110010011010101101011000101100010100101110100111011111101111001010110001111101000000110101000100011011110111111101011101010010100110010100111101010100111101000101100
01100010010000001000111001101011100010111001100010100011110111110000001011100111011110011101001011001001111110100000111111110111000101010101000101011001010101110111000010110101
11111011100110000111101010010100010111010111111001111110010000101111010101101001001110110011111011001111010001001101001111001110110110011100100000111001110010101111111011101010
01011000110001011111011000111101110000101011000111100001110111101011001000101010111111101110100010001111011011110001101000101000010101010001100110111111011111000100101101110111
00101010101011001000110100110101111011011011011010111111101000111111010111000001010101001000111111011000011101110101111001000111000111010111111010101111011010000111011111011101
11000011001010001010011011011111011100001100001001101011010110001001001111110111110000111111111011000010010010110110111100000110010010111000100101111001100001000000111101111011
11111010101101011101101101010101000100000011111001000010001001110101110111111011110111001010010110111011000001001000010101111001001110101101001111101100010111110000101101110110
00111000111011110101001001110011011010111110101101111111111100010111101010011111000110011011001010011110010101110011000110011001110011100111110011100110110111010001010010111111
11000001100111111000110101000010111011101010101011011110110101011010100011101101001101001100010100111100111001001011100111110101111111010110100100111111111111010010110110110101
10100100110101111101110001100111111010111000010000101111110010101011010011101111111111100100000110111001110100000110001111010000111111101011111110011111101101101101010100011001
01111010101000111110011000111101010111100111001010100001110110000010101010110110001110110100111001101110110011101101000110110111110000011001000111101000000001011011101001010001
00011101100111010111011101001111011100010100100111110100111100111111001100011100010101111000101111001100100100000101101001010111011011100000000000001001000101111100010100110110
00110110101100010000111010101011001011110101100000111101000110111011110100111010001011000001110101010011110011101011000011111111011010100110100101110010111000111101101010001110
01111111101010110010011011011110110000100011011111110101111101111000000011000101110100110111011110101111010001101111011101111111110000101101010101111111101011010011000101010110
01101101011111110011000101001111111111101011000000100110110000011100111011111101111110110101111101111111001111010011011000111110111010111100111001000000010001111100010010111101
00111101111100110101000111101111110010010011011011100100011011110110101101011010101101110001001101111010100100110111110011100010100100001101001110010111111111101111001001010100
11001001001111101111010111001111101101101001110101011001010111010011011110111010010111101110111101111100110101001111010011100100011110011110111111100100110010111111111011100010
11111101101111000111000010010001101111110001100111010000110110010011111010100101101011101011011001001111011110100010111001011100010110110111100001111011111101011010100101000101
01101111111101010110001110001001011010110000110111110101011110011011001110100011100001110011101010101111010110110100011000010000001101111011000110101001011110110111001111101001
01101100000011111111101000000110111110010010101100110010101101011101011111101000110101011110000110011000101110101100011011110011101100011010110111011011111001101110001110010000
00101111111010110011001011100011101110010111101111011111001111011011011110011111010111111111100001100101001010000001101100111000010110101000001010100011001010111011110001001100
