011101111101111111011101111111111111111111111101111111001010111110111100111110111111110110111
100111111111111011111011111111001111011111111111010100111111111111111101111011010111101101111
100111111111011011111111101101101011111111110111110111011111111111111110011101101111111111111
111011110111011111111111111100000101011011110111111110111111111101111100111111101111011110010
011100010101111011110111111011111011100111110011101111111111111011111111011111100111111111111
111100111111111111111111111111111101100001111111111110111101111110110100111111111111111011101
111101010111111111111111011111111101011111110110111111011110111111110111111111111111101011101
111111101110111110110101111111110101111110010011011111111010111010011010011011101100111110011
111001010101011111111111111111101101111111111111011111111011010111100111111111010111101111111
111111111011111011111111111011110101111111111111111111111111101111110111011011001111111111011
011101110101110011110111100101110101001011111111111101111111111111101101111110111111101101111
111111101110011110111011101111111111101111101001111111111110111011110101111111111100111111110
110011110110011110111111011110111011110101001011110111111111101101101111101110110110011100111
111111111111101111011110111101011111111111111111101111111011011111111011111011111100111111111
111111111101110101110010110101101010110111111101101111101111110111111111111100111111011111011
100101111001111011111101111011111111111111110100111100110110111101111111110010111111111101111
111111111111110101110010111011110111111111100111110111110111110111111011110111111011111110100
111111101110011110111111111111111111011111110111111111011111110101111111101011111111111111111
011111111111101111011110111011001101111010100111011101111110111011001011011010011111111011111
111111111111111111100110111111111101101111111111111011010011011101111110111110101101011101111
111101101101110101100111101111111111011111101110111110101111001111111111110110101111111111111
101111111110110101111011111101111111011101011111111111111111011111110101011101100011101111011
011111101111111011111101101101000011111011011111101111111010011110101111111110101111001101100
111111111111100101001110110011111101111100001110111011111110011101111111110011111110111111101
111111011111011111111111011110111101111111101110101111011111010101111010111111111101111111111
110111111100111111110101101011111111011111110111111111110110101011111010011100000111011010111
111111111101110111111110110111111111111010111111110011100111111111111111101001111100011110111
111101111011111001011110101011111111111111111111011101111100111111111101111111111111111011111
110011111101100111111001111100010110101111111111111111110011111110111101110101111011110011110
111011111111011111111111011100101111101111101101101011111001111101111111011101010011101111111
101011111111101111011101111101011110111111101111111111100111111011111101100100111110011101111
100011110111110111011101111110101111111101111111111111111111111011101111111111110111110111111
111011101001111101111101111101110101111101111111111101111111011110110111111011011111111111111
110101111111010111111101111111111010111111010010111111100111111110111111111011111111111111110
111010000001111111001110011111110101101101111110111110111111110010011111111110110111011111001
111111111111110111111111111101011010001110101111111111111111101101111011111111111111111111011
101011011101111110110011101111111110010111111011100101111011101011110110011110010110011110110
111100111100111111101111111100111100100111011001011010101111111111110111110110111111111111111
111100111111010111111111111111111111000111111000111111101111111111011111111111111110111111011
111010111101111111011101110111111111111011101111011101111011111111111101101111101111110011111
111110111111011111111010111111100101111100011101010111111111101111111011101111111100110110111
111111101111111111011110110111111110111100110011101011111111110011111111111110111111011110111
111111101111011111111000111111111011101101001111110111111111111100111111111111110111111111011
111111111110011101010110011110011110111011000011011111111111101111100111111110111111101111101
110001001111111000011111101111111011111110100011101111001011100011111100111111111111110111110
111101101110011111111111111111111011000110100011011111011111110111110010111111111011000111100
011111111110110011111111111110111111100101111101101111101011101111101110111111110101111111110
111111011111111011110110011111111001110111111110111011110101011111111010111111111111111001100
101111100111111111011111111011111111101001101011011111111011110110011111111011111111110111110
111101111111100111111101011110111111011110110101101111111110010111110111111110111110111011111
100111111111011101111111110111111111011101011111110111111011101111111110111111111111110111111
111111111111111111101110110110111111101110111110111011111111111110100111110101111111111001010
101111111101111011011111111011110111011011111111111101111110110111011111011101111101111101011
101010111111111011110111111111111101101111111111111110011110111111110111111101111010011111110
010111011111111110101111011111111111111111110011111110011111111111111101110111111111111111110
011111111111110111110111110111011011100111110101111111101011111101101111110110011111111010101
111111111111111001101111100101011011111111111110111111110011110111011111111111111111101111011
011111100111101111101101111100111111011011110101010111100011111111110111111011110101111011111
111110111111111111111111111010111111111111111110111111111101011111111110100111111100101011110
011111001110111011011100101011111111111111111111101100111110011011111111111111110111111111101
111111110111101111100000011111110111111111111110101111111100010001111001111011111111101111111
111111111011011111110111101111111110011101100101110111111111100110111111111011101111001111111
111111110111110100111111011111111101111110110011001101110111000100101111111111111101011100011
111101101110111111011111101111001101011110110111111111111110011011111111011111100111111110111
111011111111011010101110011110111110111111011111111111101111010101111101111111111111110111101
011110101111111111111101111101110001111111011111011011111111100110011111111111111110111111010
111111101111111111011111111111111101110111111111011101110111111110010110101111011011111111111
111111110101011111011101111111101111111111101101111011101111110111101111101111111110101111010
111110010010111111111011111111110111001111101011101010111011111111010101111011101011110000111
111111101111101101011111001111111110111101111010111111111111011111111001101011111010110111111
001010111100111111111011111001011111111011110111111111011111011101110001111110011111111111100
010010101111111111101111001111111111011111110000110111111101111111011110111011111111110001111
110101101011111111011011101110111111011111111111111101111111111011111111011111111111101111011
111111111111011110111111110111011111111001111111111111111101111111001011101111111111110111000
111111111111111001110110111101011111101111111111111011001101111111111111110111111101100101011
101111101011101010011110110111110011111111111111011111111011001111110010111011110001011111100
110111111111110111111011100100011111111111111111111000111111111111111111111101111110110011011
011111111101010011000101101111011101001110101111101111101111111111111101111110101111111111111
101111110011111111011111101110110111011111111111111111101111111111011101111111011111111011111
110001101011111111100001101111111111111011111111111111111111101011110111111110100011101111011
101101110111011111111011101110101101011111011101111111111010111011111111111011100111111111101
111111111111111101111011111100111111111111111011111110111111111111010011111011101011101110111
111111101110101111101111010111111111111101111101111101111001110111111111110011111101101110011
111111101110001111111110110111011111010101111111101110111101111110101011111101111110110101111
111011111111010111101101100111011101011110111011111110111111100111111111111011111111011111111
101111010101111111111001111110111111111111101011111111110101001111101111010111101001101111010
011111111111111111111111111101101111111001110011010111111111111101110010100101111110110111111
111110011111111111011111101001111111111011111110101011101001111111110110111101011111111010001
101111111101011011101101111111011111111111111110111001111111110111110110110111111110111101111
011011101111011101111111100111111111011100111111111111101111110011110111111111111001111010011
111011101011110111111011111111111100110111011111111001110111110110101111000101101101101010001
111110011111111101111100111111111101111111101010111111101110111101111101101011110111111011001
111011111110111101111101111101111011011111110000011010011101111110101101101011111111101111110
