0100000100011110100001010111010111101010101001101001001110111111000101111110111111111011111100010100100110111110111101101001011100101101100111111110111100011101100000101110
1000001110100111100011110110111111111110110010010011001000011010101011100011111011011111111111111111100100110111010000110011111111001001111100000010011000001100111000010011
0000111011100011010011001101010011100110001001101000101001100101101100011101011000110001011100010110111111001110110101101110010100110101101100100000110100000000110110011001
0000101011101110011111010101111101010111110001001101000001000010111111000101111011011111010100100001100101111001110011111001101011001100010001101111011011101100011111100011
0011010111101001110000011110111110001010011110011101111100101111110011100001101101011100000100001001101110001111101010001110101000110001011000001111000011011101110101101001
0010100110110001001110100101111101111010100110011001110110111101000100101010000111110100001110110010101100001001001010011110111101011110101111011010111111000101011101111000
0111000110000001100000000111100011000010010001111011111110011111100100010011110011010100111100011110111010111101001100101110111101111101111101111000011110110101110111101010
1100111000110101010001100111100111001110110000011011111111100100010100001101010000100110101000011000101111100111000011101100000011000010001110011110111001000010001111101011
0111111001001111000000100100110100010110001011101001010011100011100111101100000111011011111101001011010101011001101011001010010000110101100101101011010100111010111011000011
0011100010010000011010001011110011111001011111000011100101001110101110100100111111111011011101010010000010100011110001101110111010110111000011110010110011101000001110000010
0111110100001111111000010111011011000000010010110111100011100001111100101011010011011010001101011011000011010101110001011110000111100101101100011100011111111101001011001101
1000010101000010101001010100000010111111000010001111100000111101111110100000000100000010111000100111001011100000011110010110001100100101010011011101011011100101111001110101
1001100010100011101010010111110000100110111111110011000010010000110111100110101111001101000100101101010000111001111010001011011111000000010000111100000001101010111100101001
1101000110100000011101000010000110000011110101101111110101101011111110011001001100010000000100111000110010011110111010101000101001111000111011001001010110011011100100101010
1111000010111000001010111011111101010111101001100111000101100011010100111011111101110100111101111001000111111011101001001110110011101110110010010111010111001110100100001010
0110111110101000011110011010010101111000110000100111011101010001110100000011001010011100110110111110110011111000010110001000111111001010010011111110110011000100111010110010
1100101000111000011011110110111110111101101110101000101111111010000110010110011111010100111000110001110111100011101000110010101010000011010111101010000110100101011111110011
0011100101100101101001101110000111101110111101101010111011001101010111101011000101011000111110101110010111110000110110010100111011111000111010011101110100111110110101011110
0001010001111111110000101000001000101111011011111101111010111100100010111111010101111110101110011001100011010000101000101011000000101000000110000111011011101111010010010010
0001010000000101000010001111000010110000111101111000101010110100101100101100010001110111011101101010000000111010110110001111011010011000110000111010111100010001110110001110
0111010001001011100100111010101001110100011111100111001001001101100111111110111111100111111011101001001100111111000011000100100011000000101111101101110101111110110110110010
1111000100010100110000111111000101100100110110100001000111101111111100010000001100111111001010101111001011011000001111010101010101010100010001111011111011110101100011111111
0100010110000010111011011110111001011111101001111110100011101000110100001110000000000100011110001100101110000100111010011000111111001100011001111000100111011111101111101001
1101100000111011100011101110001010111100001101011011111101110110101001011101110010011110011010101100010111011001010001001011110100101010111101100001110010110100010011111010
0010100001000011011111110001101011111101101100001001011010100101000001111111110011000000010110001010101010001010010001111010100011000100000101110100110001100101010100111111
1111111110111000110101110001101100101101010110101101110001101101010110000011001010010111111100001010111111101101111011001010011100000110100010101010100111001101011000000111
1100101101101111110111110000001010000000000010101100101100101000001111101010001110100111100000011011010110110011100101111101100100101010111001101100100110011100000001111011
1011011101101010000101001100100111000111001001111110011110100101100110111010111000010101101010110101100001101101011101101010000111110001001011000111111001001111100011111110
0101111111001010100010101101011011011111010100101111110101001101100101000011100101011011011001000001010111100011101111001100101111011111111001011100101101100011111011000000
1111110011101011100000100000101111011000000011101001111000011011100111000101001110111010011111011100110011111100010100100111000001000111001000000001101110101001111111111110
0101110000100010101010111110110101011110100111111111111110010111110100100001110110011010111000101110100111101101011100010001001001011101110110010000111011101100000011011011
1101110110000111110001000101011010011001000011000101001101110110011110111000110111001100111001110011110010101110101000001100100101010100100010000101100111110000111101001011
1110101101110100110100011011110100111011110101110011110011110101111011000100111011001100110000111001011111101100000110111100111110111000100101000011100101101100111010101010
1111011101100011010011101001111000011101001011011011110110100001101000110001010010011111000110000101010111110001011110101101111010110110111101111100000101110011101110100011
1110010001011001111111011100000010010001011010000110111100111010000101100101100010110111111111111010111101011111110001001111001101111111011101100010010011011000101110110111
0101010011010011100110111000111111100100101000101011000100011100111110100111101100111010000111110001111001100100111110111110001110010101001011011111011011011010100111110011
1100110101010001111000111100111111000011000010101100101101011001000011110111101111010110101000000000110100101111000010010101101101000110110010111101110001011010111011011110
0111000110011010111011111101101001010011110110110010111110011010011110100011001101100101011110101100011101101111010100101111011110101001110000000101111110111010101100011011
1111111110011110011000100001101010001101001011101011110110001101011011110001101011111001111101010111000011011110010101001011110000010011111010100110010000010111100101110111
0001000001010110101000101101100111101110101101111011011111001100000010100000001101011010101100101000110101000001111010101000101100010001110001010000111001111011111110110010
1101010100001111110101101000001010010101010011011111010111100000100011111111001011010000011011001001101010001101110001111100011110111000001111001000101100010010001011110011
0101101101101101011111000100100010100100101011100001010001101010001000100011110111101010000111100001101111000001110111101001101001010111001110110001011010001001001010110110
1010100011001010111110111001000001110011010110001001001111010100111110100100111010111001110001010111000110110011010101000101010111011100000100001100101110010111011110100100
0000110001001100110111011100101010000101001010001001001101110100101010100010000111010101011101111101110111010100001100101010101010101110111011111110111111100111001000110100
0100110011111000101011000110011101101110111101001111111110010010100001010011011010111100000111100101101011101011110100110001000101001000101000011010111011011001111111100010
1011001011001110011110110001011111000011110010100001110000110111001000111110111111110101110100011111111110110100001011011100011111101010111111101001100111011000110101110011
1010001010101111111111100111111010011111010001000111010110101000011110111011011011000001000010000110100001010001011101111010000001101000010110100000011011101100111101011001
0100111100101000001100110001001011000101100000001111100100000011000011111111111011111011110100100001111000000001110001100001100110101010111001011110010011001111001011101101
1011111110010100111100111111111001011011101110010111111011001010010011000010001100111000101011011110010100100010010110010100011111011101000111101111000001111111110001011101
0001100000110111001010100111101100101000100010111000111000010101011110010000000000011011101001110100111110111101111111101001100010101010110111111111100111001101001001011010
0100001101111111010010110001101011110111100010111000001100100101101010101100011011011111000010111111001111000111111111100100010111100110010010111010101010000111010110111010
1101111111111111001011011100111111010011111111111000010001101111110011110110010000101000100010001000111101011111101001110011010011010100011101010001110011111101100101111111
0010111101110100111100110110111011101110000011011100001001110101100110001011011100100101010111111000010011001100001001100111101111101111111111101011111110001110010111111111
0000111110000101011000011101111011100111110011101101001011101010111001010001101011111101110010101100101000010110101010111110110000111110111101111100110011101101101011101011
1110101100000001111110011011011100101101001110001110110011111011110110100110110010100011011011011010111101000101001110001101100100100101101000010010101010101010000100011010
1000111101000111100001010011101101111111101110110010000010100011110111011011001111010000110100111101000100111111101100111010111010000011001111110010001010010111001100001000
1000011110101000111101101001001011000111101010101000011101110100010001100000010101011010101101110100101001000110010010011010010111111010110000101100010110111101100000110011
0011000111100111110011110100100110001001111100001001111010001101100000101010110101001110111111100110011111100100000101101100011000000100011100111001100111100011101110111101
1010110110110110101101111111000111100000110101100011111110011011101011110100000011111011011110100000110110101100001001100011110010011110101100010100100111111010100110010011
1100011000011001101100010000011110111100001111000100101010101111111000100110001001011101100101011010010111011101100101110011110011101101111101101011010100100000100101000010
1100111001010100111011100110110000111111010000101001011001110001001100101101101110101100100011101010000101010111100101011001010111000101010101101000001011011100100101010011
1010111101010000011111011101101110010011001101000111100011010001100011100111110110001000110110101110111000011111100101100011000011111111111010111000001100100101010001110101
1101101011000110100001010000011100100100010011011001011100110000100111110111110101110111001111011001000110110101110101011110000000001011001111111001100001101111001100110001
1010111010110111010011001101111011001010000001010111101101111100110011111100001100101011010000000111111011111001111110110001010110101110000100001100110111100010000011010101
0111101011111101001111110001111011010000101110000011111101110111011000101101110011000011111110011110101101010111010011010001111011000010101011000101111111010001111011111011
0001100100111111010001100100001110010110001000101101011110010001101110100010100010010111011001011100011011011010010011001100000101110100000001100001110110000010011001010001
0111000001110100000101010010000111010110011101100110010000111000110000011000101111011011010001001110001000111001101010011001111101110110101010010110110101111001010110011011
1011011111111111110111100111111100110100001000100100101100001010010011101001111001111110010100110110010110101010110111101110000001011010011010101110100010111000100111111000
0101100011011100111010000111010110011111101100111111101100100111010100110101111000110110011001100001111101111111100100010110111010010000001111011110001101001001010011011011
1101100010001000010010011010110010101010100010011001010110100111000100101101110011111011111001101010010010011110100100100111110110111011101100100011110001010011101010110000
1100110011111010011110001011001101111111111101110011001011111111110111010111100010010000111100011010010010010010000111010111110100001111011101000101011111010111111101110011
1010001000000110101011011001000101001010100011110101010100100011001010101000001001010000011100000101011010100001011011011110000000010111101001001101000010100100010100010011
1010010110100110011110111011000100000000100001110010100101001001101101010001101011110001101000001010101101111000111001000101001111000100001101101110101101011111111010100001
1011000111001000101110111000010010111000101001010011001000111111100011100000011101000110111010111111011110010010110100011001111001110011000001110100101001101111001001111101
1100011000101011111010101111100000011100110111111001101101010110010000100001001001011010000010111001111111011111110001111011011101100101100110100001010010010111101010010110
0111101100100111011000011100111001111110110010110000110100001110100111101010110100100110010011011110101011011110111000101110111101001110111101111111100000000000111101111110
1101101001001010000010011001101110111010011001010000011001001110111111101001011111001111010111110001010011110100011101000010111111111010001100000111011010110001100110001010
1111001101100010101110011001001111000000011011110011101011000110100111000101101001011000011101010100011001011011101011101001100110111010111101111101001000010101110100101000
1111100001001111100011000111010010011111101011111010110100011001001110011110110110000011011010101101111011111100110110010011011011101110001111100110000110010101011111011111
1000110011011110111011000010111100011101010101001000100111001111001000000101101000001000011001001101011100110011000000100111111000010010100100011110001111000111011001011000
1101011011101001100010011110011111101010111111110010011100101100111001101000101000000011111010101011100001100001101101111111100011110111011101010000100001111011011110011011
1101111011101010111110001000100110001111110101110010010111110010101101011110110000111101010000010101101011001000101001011101001011111010001110010111110011011101111001110111
1010010101000010001111000010010000110110011011011001111000101011000111001001000001011100100000010100001011011110100010101110011001010010110011111101101111101111111001101010
1111111011100111111101010101111001111011101111011110010110110010011111111010010001101011001011110110100010110111101111111001000100100010110111010100011110111000001010111001
1101100011101001011001010000111111010011011010011111010011111101001101000010110101110010111010001101111000001010001101101111111111010111010010111111011011001101101111000000
0101111100001011101111110111000111101100000111000010110001011010010110000101100001100000000011010011011010110001111100000011100101010111011100111111010111111111100010010001
1101000111110000001111010110111001111001010000010110001011100011111111000111101010011000101000100110010010111100010010111110000101111100000110100101011111110110100110110000
1111000011001000000111000111100001100110001101110110111000110011111001001000101011010000001110000111100110111001010100100100101001001111111100100111111111111111110011011010
1100001110010011111010000111001110101011001001011101010111011100100001101100000010101010010010000111000011001000000101101111001011010101010101111111010110101011010110001010
1111001011010011110110111100111110100110101101010000111101100101111111110101111111001000101101111101001001011100111100011111101110010110111110010110001000100111100011010011
1110011111110010111111110101111100101111100100001100001011100010110011111100011110011011010110111100111101110111111101010110000111010110010100110101111011111101011000011110
1111111011101111011100101100010001110111010111010000100111110110100100110000110000000001011000011111011100100100101001010011011010110011011111011110101111100101011111010111
0100010000000001011011111001010001110100110010101011111001101110100000000111101010011101101000100110011111110111101001001010101011110011101110011101000110000011100111100100
0100000011100010000110000000110100110010111110001100101011011010011011000001110100010100010000010111111110000100010101111101111111000000111010100111100011101000001000001011
0101010000011111110111010001001110110101010110010110110111101100000111000110101010010010011010011101010011110110111011001111001110100011000001000010001110100111101111100010
1110011101100111101000000011010110110010001101001110101110010010110100100111110001110100011101100100101100110010011001101010011101110010010010000101101011011000100011011101
0100101110101111011111111110011010100101100101001011111100011110111001101111001110001000011100100110100100100111001111110000100111110100100111100100000110111011011111100110
1110001000011001010001110001011001000110001111101110010111000101111100010101011101111011111111111000000001001101011111010011010101010011010000111101001000101111111111101110
0110011011110001010101001110001100100010001001101010001001011101101101101101000010010111100111001000011001110011110111110111111010101111011110011101101011110111011110010101
0101100010111010101011000011100111010010111111010010000100000011000010010110101111001101110101100000010010001001101011110111110110111110100100001011110111100101111010001111
1111111100000101101000101101011100111001110111110101011010100101100010001011001011011001001001011000001011010111001111111100010001101000111110100011111010011110101111011010
0010001010001101110000010110110111111101000101011101101001110101010111110110111100001110001111100011000101001100010110000101100000110010110010101000011101111111101110111111
0010111100010000000011101100000010110100110011010111011011000101111010011111011101101100011111010010100100100111001011100001010000111011101101101100111010101011000100010101
1111110110000010110010110110101011101101011101001111001101111010100110001110000100000001001111011000011011100110111110101100111010110001011010010000101011110000010111001110
1010101101110111111001111110111111000010111111000110100001110011010101110111101001110111100011100001100100011010110101001011110111111010010010110001000101110011111101111101
0011000110110011111001010101111011110111010110100011101011011001110010001011111011100000111010100110110100101001100101111110110111011101001111101100001010100011100001111001
1101001101011011110110000111111111011100001011001100000101100011001110011000101110010111001110111010001101011110000101000111000101110010111001111000111010110010110111001000
1101001010101111011111010010010001100010001101100101010100011111111011101111111100110111011010110010100010100010011001101110110110010101100110110111110111011100010011111000
1011111010001111000111011101011110101110100010000101100100110101011111001011011001101011110000000101010011100011010000111010011101000101110010111011000100011011010110101001
1110101100100100000010100101011110111110100101000111111111111110100011000011101000110010011111101100111100100000100110011100111111011000110110100100000111010100110111000110
1110100101000110100110001010100100101110001010001011010110001100110111100111010100111000001010111010101110111001101110101010101100001110111000001111001001000100110101110100
0101111111101010100010010111101001101101111010110111001100011111101010010010010110010101001010001111101001001010111000100110110111110000010010101110011011101000101101111011
1011100011101110111100100110100100110001110010010111010100011111001111001111011011110100011110100011000111000111010111100101011111111111011001100110100011001001111101110111
1111000001111101010100111101011001110111111010111110000010000011110100011111101000000111011001110110010110011001101101110010001111000011001001011101111001111100110011011101
1000111010011110101001100101101101010001000101100111111100100001001000011001110011011100011110111101101100010011010011001101011111011001000110110000110000100100000010001000
1010001000010001010101000011111011010110011110101110001101011111000111100100101010011101111001001110110111100110110010111111011110011101011111001110111011011110011010110110
0001110110011101010111100100100011011001010001001110011010000001111100110000011000110010000000101111111100000110101100101101001100101111010010111010010001001011001101000010
1011000111100010000011011111100000100010111001110111100001111110110100111010110011011000101111111111101011110000111000001111011000101101010000101111101010001111001100101110
1111001101000100101000001011010011010101110110110111110101110101000101000011010110111011100001011011101101011011110110001101001111111000111101101001100100101011111011001011
0101010000110000110001101010001010011000100011101001010110011011101010110110001011010010011101001111100001001100010100000100110010111111101111000110100101101001101110010000
1011111111101111001100111111100111110111110101100100011111001010011100010111010011111010110011110000100111011110001111100001100001111111001001100011000101001110010010001001
0010111101110010010111000010110111111100101001001010111001000010010111111001000111101011111001100011110101110101101111110011000001000010111010001100111111110111000000001101
0110111011111010101100011101010000110110000100100001110110110110000111110011101110101110111110110111000011111011010101000100011111100110010111010111011100111110000101100101
1101000000001000001101010010011001101110011010010101101000111101101001101110011111011100110101100111011010100000101111101100110110111110100101111011010111000110110100010010
0101111001000111110010111010100111001011010100010100111100110000101011100101110110001101010011001011010111010111000000011001010001101011111110111111110101100101101001010110
1110011011001011010101110100000011000110101001001011010111111001101011100111101100101000000101010111101111011101101101010011100001111101011101010111001011011101001000010010
1101111001011101110100100100101011111101110101001000100101000000101010001111101101101001110111110010000100001110111111100010000001101101000111110100111001011010100110111001
1110011000111001000001110111100110111101101011011010101010001001011001101011110000011110011001111101000011111111111110100011000011111111001111010110001011011100110011111110
0101000101101011110110101001100011010100101101011111100110111101100011001000111011001000111111101011000111010101111100110011000101110011100010100010011101000011000100100000
0101011100101111010011101001111100101000011011101011100010011100111100001111101011101111101011011100100011101101111000101110111110011011111101011001001010101001000111101111
1010101011110110011000010011000011100100100101110110111010010101011001000110111011010010000110111011111110100001100011111011111110010011110001111110011011000010101110101111
0010111011000100010101000001101111110011111000001001010010100100011111010100110111101110111110011101011111110101101100111001010111101111001110001111111100101011100111011000
1101011000000111011100110010101010100100101111111100110010110111000101100001111001000011000000000011101011000110101111111001111101010111001111010111110001110011100111101111
1011011011110010000001101100111101111000011100001011111001111101011000111011001010001111111000001011000001011010100111011011011100011011111011011001100101110111111110101110
0000010101000011100000010110110001101010010101010110110110100111101101110101111111111101011110110111011010100010110010011111100111111100010111010001001001100001000010100101
1110101011110000100000000001111000110111010000001000101100011110000001110110000010001101100110100110001101011000111111011000111111111100011011110001000100110110010100000010
1110011010100110010110010110101111001111000111010100111010110100101001010011010100110001010011001001111000111110000000110101100011100100011010100001111010111011100101111011
0101101000011111110101110010101001101111000101110111110011011100000100100001010010111101111101010110110110101111100111100110110001100111100010000001100100111000000101111001
0110111100100100010010110011110001110010110111010001111101110110101111111001111011000101010111000010101101100010110100111100110101011101100001111101010011101101011011100101
1110011110100000101010011000001011100000111001101101110101111011000011101011111111010111111110001011101001010100001100110011111101011010000011110101011101011111000110011101
1000010101010111111010000101001100011010110101101110100100000110101110000010001001111010010111011010110111011101001110010110101110011111110100110111111001001011111001000110
1001011011010101100011111011100011110001100101011101110100011010110010111101011010110000100100101000001001100000110100111011011101101111001100001010100110110111101110100111
1011001011001001100111111110000001101010010101101110110111011110010101001111011000101111101001001100111011111101101011101001101010100001101110000110011011111111101001111100
1000011101111011010101101000101001011001010110010111011101100110001010000101010111111100111110000110000110111000011010000011111101101111001110001011111011010001111101110011
1001111110111101110111100110100001011000101111011110110011011111000110011001010100101100100110000111011001101011010111100101100001110100001001010110111001011000010101111011
1001100100111011011010001011100101011110001100011100010010100001101110111101111101111111111111011110001001010111110101010110111100111000001110101011111001100000001001100000
1101110111000011101101000101000010110010000110011110101100010000001111001001101101001101110101100001100000011011100111011011110110111000000011111100111100110100100101111110
0001100010010110011011010001010110011100010001001101100001010010110001110011110001101111101011010111100010011010010001101011110001011111111110010100101101110111111111001111
1010010101000001010111111111111110001101101111000111111001100011111101001101000011100001001101010011101100110000111101110100101000011100110011011111010100111001011111110111
1111011111110111011111011001001000111111010110110001110010010001111001100010100001011111101000000001111000110001011110000111101010111000101110111110101101101001001101110011
1101011100110000001101000001111000010101111110100010101100001100100010101100110100111011011100110110111101100011010101000110011111110010100110111111010010011100000001111110
1010011010100110110110100110110111000100101101000100100011110101111010101000001100110111100110101001010010011100000000111111100010010101010101000011110001101110000110010011
0001111001110111101001110110011100110100011111110111111111101001110100110010101101111111101111111011101101110101100101000101010101100000101001110000001000110110101110111100
0001110101111011001011101101101111111001000111111101010001101011101011101100000111101111001101010011010110010111110110011101111110101110001110111101010100001111011010001110
0001001011111000111011011000111111000101000100101001011011110111001100010100100010110111111101101111011111100001011000110110100001011111111001100111110110011000111001101100
1000101010100100010111110010000101111111101011001001000110101000101101101010111011010111001000011010110110111100010100000110011100001101110101111011101010101110001011110110
1101100011101110011010100111011010111101010011111101111010101010001110001100000011111101101001011100111000011001110111111010011101010000111110101000111101110101010000111100
1101111000110011111011111111001010000010001100111111110110001110000000111110011101101111011100100111110000010110011101001111110100000101001101100011001111011010011010011111
0000000110001110011010100001100001011111101100011010101101100011010001101110000110100111110010101110111011101000000111101111001010111101100111100001000111010101011001010000
1000111000110100101101101101110001000011011110011111010111000110101011101110111111101101111110101111011011001000100011110100110011011110101111110001110001001010110100101110
1110101010011111010111100001110111111111000011101001010011111000100101101011110001101111010010110101110011100111110000110001101100111100100011110011000010100001000011100111
0111111010011001111110011100110110001001001011101010100000000100111010111001011111100001101100001111000110111110110100101001000100000101001010011001100001101111000001111110
0101010111111001100000100100110111101101111110110100010101000010110001101111001111111000001101101111110010000001100111110000110000100100001011110101110011110110000111011111
0011111101001110110110101000010101110111001011100011101101111010001100110001111010001010100110101110111110101111100011010011001011111101110101011011110110000001001011010000
0011001111100001101111110001111011111001111010010010110001100001101111001010101010011111110110111111110100111100011100111000001101111110001101000001100111010100101101011101
0001111110110000110001110011111100011010100011111101110000011101110110100101001101101001010110111100100111110111110010100010100101011000111010111111111000110010111110101110
1001111100011101100011111011010011110011111111010011110011000110100101101101010001110010000010101100010011011011100101000010001111101110111001111110111010111001110001010010
0110010000010001111011011011011000111111110101101111101011101111111111110111001111010111011100010010111011010011110100010001111100010000110100111010111110011110011110100011
1010111100101110010101111011011110001100000000111111111101000000101110000101111110110001101001010101110111111001011001101100001101111100110100101011001011101101011011000110
1000000000110000010101001101010000101010011100011001100001000101000000000111001001000000001110011111011110000110110101000110100101101110001111100011101011111101111011001010
1101001111000111111111011111011111111111110011000111111010111000101010110011101011100001111101101101110100000101100111100001110101101101100011011011111101010101111001111101
0111100110111000100001101110001101110110100001111001110011101111111010111100001011010100010101010011011011001001110000101110001001101010111101011001110100000100101010010010
