0000001000111011110000111101001110100000010111101001001000011111
0001101011001100010101010001001001001010110011100101001111100010
0000011001011001111100000100000101100001101101111001001111001111
0100101000100000111101000011110001101100101100101011100001011101
0101010111111100100000100110000001010011000011101010010001010100
0010101111010110001000000111010110111001110010001011011111001000
1111010001110101011000001110010101100100000000000110011110101110
0000110010010001010101011111110001000010001100101000001101100111
0100110100101011000100111100111001110001010011100110100000100101
0110111000011110001100000100111111001010000100110111011111000010
1001101010001111001110111110110101010000011011111111001010001011
1010111101001001101000011100100010000110100101001110001011010001
1110100011110100010000001111011111001111010100100010110101001110
0100111001101010010010101000000101000011010010100101100001110101
1000010011100101010011111100011001000001100001100010111000100111
1010001110110010000001010001110110111000010000011101101001001110
1011100000010000010001010100101001111011001101001001101000110101
1111001100001110101010110000111100100110110000101000100010000011
0011011001110000010110001000001010010110001011110011101111001110
0111000111100000001000000001011011100100000010010100111011000010
0000000000100110011001101101100001101001101000101000010001000101
0101000100000011100010100111110011111011001000101001011010111001
1000100010100110010011001110100101010100101110111010010001100000
1100000110110011110000000111100011100011000111010110100111100100
1000001110111110001010100101011111111110100101011001001000010101
1010111111111010100011111001000010101101011000111010011001011001
0001111100101000000001110001100001011101100110001100101001011001
1101010100001001000111011110110001101000000110010101111001100100
0001000111110001110011110011010000101110000001010110100010111010
0001011111101011010101001001100100010100101101011011110000001000
1100000011001010111100001000000001110000010010110000001111101111
1010011001101101010000101000010011001100101101010110000001110001
1000010001011001001101011100000100000101000010001110111000110110
0111101111101110100111111011001100011010001001000011001110000011
1011011010000001110111011101101000001000011011000001011010011010
0000110010100001101001101010011001000001100000010011100100101011
0101010001001001100011001111100101100101010101011010100010101001
0001001000011000011100101110110110001001000001011001010010100010
0100100101011100111001011000100001000000010111111111001000111111
0010110010001110100011010110000010011100010101111111010001011000
0111010000010010010010101010010100010000001000000111101100111001
1100010010101101010000000100001000101011000001111111011000111100
0011000100100000101011100100010101100000100111110111010001101011
1011000101011000100000111011010100001011001000011011101101101001
1100110010100100001100110011001010100010001001010000000001000011
1110100010110010101000011000110101101111011010110110000101001100
1111100111101110011011100100001000000011011001010101001010010110
0010000001100001001100111101111100011111011111100110111110111110
1011110100110001110011101110010010001111010100000110100100001010
0100001011110101000100010011100110000011111001111001101100110111
0001111011111010001000110100110111011011111101011001001101100101
1111010001100101101001001001010001110111111100100110110001010111
0001000010001111111100010011110010011000100100011101000101100011
0000111001001010000111100101010010100101011000010001000101101101
1110011101110011101101001111001011100010110100110110000111111010
0110011101001000001000010000001001010000100101011110111010000111
0110011001110000011101010000101001101100000000110000001101100000
0111110101011101001110110111001100000001001111000011111010101000
0100001110000110100001110001101110011110111100010110111011000101
1001100000010100100001001110100110100011110000110101001000001011
1011011000101001001001000110111000111011111101011000011001010111
1011101110001111101010011001001010000010010001110111010100101000
1110001101101011011100000000101011110110001010111101101100011001
1011000110110110110011001110001101011010101110000111110100111010
