0011111111010111111111111111111101111111111111111110111111101111111111111111111111111110111111011111111111111111111111111101101111
0011111111111111011101111111111101111111111101111101111111111011111111111111111111010111111111111111111111111111111111111111011111
1101111111111111111111111111110111111111111111111010111111110111111101111111011111111101111110111101010111111111101101110110111101
1110101111111111111011111111111111101111111100111111110101101111111111111111111111011110111110111010111011111110111111111011101101
1111001001111111111111101111111111111110110111111111111111110111111111111101101011011111011110111110011111111111101110110111010111
1110001111011111111101010111101111111111111111111101111111111111111111111101111011111111011111111111111110111111111111111101101000
1111110110111111110101111111111111111111111111111110011111011101111111111011111011111111111111111111110111111101111011111111111111
1111011010111111111111111111101111111111101111111111110111011111111111111111111111111111111101111111111111111111011111111100111111
1111011101111101111111110001111101111111111111111111110111111111101111111111111111111111111111111111111011111111110111110101111111
1111110010011110111000011111101111111111111111111111110011111111011111111101111111110111110111111101111111001111111011111011111111
0111101110011111111111111111111111111110101010111110111111111111111111111111111111110110101111111110111110101111111111111101101110
1111111111101111111111111111111001111111111111011111111011111111111111111111101111001111101111111110111111110111101001111111111110
0111111111110111111111101101110111111111111101111111111111111111101101111101111111111111011111111111111110101111111111111011111100
1111111111111011111111101111111011111001111111111011110111111111111111111111111111111111111111011111011111110111010111111101111111
1111111101111101111110111111110110101110101111111111010111111111111110111111111111111111101111101110111100111111111111111100111111
1111111110111110110111111111111111101111111101111111100101111111111111111111111111011011111111111111111111111100100111111111111111
1011111111111111011111111011111111111111111111111111011111111111111111111111101111111111111110011011111111111111100011111111111111
1111111111111111101111111011100111111111111111101111111111101111111101111100011111111111011111111011011111111111011111101111101111
1111110111111110110111101111110111111110011111111100111111111101111111110111111111111101011111001111111111011111111101111111011100
1110111110111111111010111011111111111111111110111110111111110111011100111111111101111111111111101111111011111110111011111011111111
1011100110111111111101110111111111111011111111111111111111100111110111111101111111111111111110111111011111101111111111111111010111
1111111110111101111010111011111111100111111110011111011111110111111111110010110101001101111011111111101111111111101111111011111011
1111101110111111111111011111111111111100110111110101111111111110111111101111111111111111111011111111111010111111110110111110111111
1111011111110011110111100111111111101011111111011111111101110111111111111111011111101111111111000101011111111101010111111011101110
1111101101111111111101100111111111011011101111111111111110111111010101011111101111111101111111111111111011101111101111111111101111
1111111101111111001010111001101111111111110111111011111111111111101111111111111011111111111111111111111111111110111111111111111111
1111111101110111111111111001111110111111110101111111111111011111111111111111111111111111111111111111111111101110111111011101111111
1111111111111111111111111110110111010111110111111111111101111110110110111111111111111111111111111111101101111111110111011111110111
1111111111111111111111111111011101111011111110101111101111111111111110101111111111101011110101011011101100101111111001111111101101
1111101010111111101111111011101111111111111111111111111111110011110110011111111011111101011111111111111111111111111011111110011111
1101111111110101100111111110110111111111111111111111111111111111111111101110111111101111111101110001110011111101110111111101111111
1111111111101011111111111111111011111111111101111101111011111111110111111011101100111111111111101110011111111111110111111011111110
0011111101101111111111111111011101111111111111111111111011111110110111111010111110111111111011111111111100111111111111101111111101
1111111111111101111111111101111110111111111111110111011111101111111111011111101111111111111101111111110111111111111111111011110010
1111111111111111111111110110111111011110110111111111110111111110111111111111111111101111111111111111111111100111111111111101111111
1110111111111100111110101111111111101011111111110111111010111111111111111111111111110111011111111111110111111101101111111111101101
1111111111111111111110111110111111110111111111111111111010111111111101011111111111111111111111111111101100011110110010111111111111
1111111111111011111101100111011111101011111111011010111111111111111111111111111111111111111011111111111111111111010111111111111111
1111111111111011111111011111111111111101111111011111011111111110111111111111111100111011010111111111111110110111111100111111111011
1111011111011101110111011111111111011110111110111111111111111111101111110111111001111111111111111111111011111010111111101111111111
1111111111111111110111111111111111111111001101101101111011111010111111111111101101111101111111101100101111111111111011101111111101
1111111011011101111111110111111111111111001111111111111111111111111111111111111111101111111111111011111111011111101111111111110111
1111011111111111111111011000111111011111110110111111111101011111111111111110111011101011111110111001111111111111111110111101111111
1111111111011111111111111111111111111111111011111111011111111101111011111111111111011111111110101111101110111101101111111101111111
1010111111110110111111111101111011111111011101111111100111100111100111111111111011111111111111101111110111111111111111111111111111
1110111111011111111010111111011111111110110110111011111111111111111111111111111110111111110111111111111111011111110111111111111101
1111111111101111111110101111111111111001111111011111011110111111111111111111111111110111111111111101111101111101011111111111101110
1111111111111111101111111111011111111111011111101111111111110110111111111111111111111110111111110101101111111111111111111101111111
1111111111111111111111011111111110101111111111110111011110111011111111111111111111111111111111111111100111111101111110111111111111
1101111111111011111111111011111111111011111110111011110111111111111111010111111111111111100110111111111110111111111111110111011111
1011101111111111110111011111111011111111011111111101111111101111111111111101101111011111111011111111111111111111111111111111101111
0101110111011111110011111111111111111011111111111110111101111110111011111110111111111110111111111011111111111111011111111111111111
1111110111111101011110111111111110111101111011010111011111111101110101111111010111111111110111011101111111010111111010111111111111
1111111111111110111111111111011111111111111101111111101111101111111101111111011111111011111010101111011111101101111110111111111111
1110111000111000111111111111111111011111111101111011110101011111001101111110111110100001111111111100111001110111011110111111101111
1111111110101111111111111111111001100111011111111111111011011111111011111111111110111111111111111111111111111111111111111111111111
1110111111111110111111101110111111111111110111111110110101110111101111101101111011111011110011110011111101111111111111101011111111
1111111111111111111111110111111111100111111111010111111110101111111111110111101011110111111110111110100101111111111111111011111111
1111110011111111111111111101111111111111110111111111110011011011111111111111011011111111111111111111111011101101111111111011111111
0110111111111111101101111111111110111111111101111101101110101111111111111110111010111110111111101111111111111111111100111011111111
1101011111111111111000101111101111111111111101101111111101110111110111100110100100011111100101111101111111111111111110111111111111
1011111111111111111111111111101111111111011111110111111111011001110111111111101111111011111111111111111100011111111111111111111111
1111110111111111110111111111111111111111111011111111011111111001110111110111111110111111111111110111111111100111111111011011111111
1111111111111111111111011110111101011101011111101110111111111110110101111011111111011111111111110111101111110111111111111111111101
1111111110111111111011110111111111111111111111111111110111111111011011111111111101111011011111111111111111111111111111111111111110
1111111101110111111111111011111111111110111101111111110101111111101111111111101101011111111111111011111001111111111111110111111111
1111111111111111111101110110101001111111111101111111011111110000110111111111111111111110111111101110111110111110111111111111111111
1111111111111111111111111111111111111111111011111110111011111111011011111111111111111111111111111111111111111011101111111111111111
1101111111110111101011110111111111110111111111111111000111111110111100111111111110111111111101111111111111110111111111111111111001
1111111111111101111011111110001111111111111111111111111111111111111100111101101111101011111110110111111111111111111111011010111111
1111111111111111111111110111101110110111111111111011111111111111111111011011111111111111011111111001111111111010001011111011011111
1111111111111111111111011111010111111111111111111111111101110111111111101111011111101111111111110111111111111111111101111111111111
1111111111111111110110111111111111111110111111111011111110110101111111110111111111011011111111011111111110110111111111111111111111
1111110111111111111110111111111001111111111111111111111111111110111111011011101111101011101011111111111111110111111111111111011111
1111001110110111101101111111111111111111111111111101111101111111111110111101111101111011111111111111011001111111110111110111110111
1111111111111111101110111111110101111111110111111110110111100111111111111110111111111111111111111111111111111101011111111111111111
1101111111111111101111101111111111111111111111111111001111011111111111101111011111111111111111111111111111111011111111111111111111
1111011111101111011111110111111010111111011111111101111110110011101110111011101001111111111111110111011111111101111111110111111101
1111111111111111111110111111111111111111111111111111011111110111111111111111110111111111011101111111011111111111111011111111111111
1111000111111111111111111011101111111110110101111111111100001111111111111111101000111111111101111111001111111111101111101111101101
1111111111111111111010111111111011111100011111111111111111110111001111111101101001111110111011111111111101111111111111111101111101
1111111111111111111111111111111001111101111110111111110011100101111101111111111010111111111100111111111111111011111101110101111111
1010011111101110111110111111111111111111111011111101111111110110101111110111111111011100111010111111111111111111110010110111111111
1111111111101111111110101111010111011111100111111111110111111111111110101011111111101111111111111111111111111111111111111111111110
1011111110011111111111111111111111101111111111011111110110111111111111111111111111110011111111111111011111111111101111111111111111
1111111111111110111111111111011111111101110111111111100101111011011110110001111111110011111111110101011110110111111111111111111111
1101111111111111110110110111101111111111011111111111110111111111111111111111111111011101111111111011111111101111111111111111111111
0110111111011111111111111111111111111111111111101110111111101111110111111111111101011110111111111111010111110101111011111111101111
1111001111110111100111111111101111101101111111111111111111111111011111011111110111111111001111111110111111110111111111110111111111
1111111111001101111111111111111111111111111111111011111111110111111111111011111111111111001110111111111111111111111111111111111100
1111111110111111111111111111011111111101111110111011011101110111111111111111111111111111110111101111111111110111111110011111111011
1111111111111111111110011111111101111011111111111101101101111111111111111011111101011111111011010111111100011010101111111111100110
1111111011111111111111111111010110111111111111111111111111110111111101111111110010111111111101111110000111110111111111111111110111
1100011111111111011101111111111111111111110011111011101110111111111110111111111110011111101110111111111011111110110111101011111111
0111111111111011010111101111011111111111111111111111011111111111111111110111111111111111111011011101111111111111111011011111111111
1111111111111101110011101111111011111111011001111111101111101111110111111111111111111111110111101111111111111111111110101011110111
1111111111111111111111101111110111111111111111101111111101111100111110101111101111111011111011110111111111101111001111111111010111
1110111111111111001111111111010111111111100111111110111101111111101111011111111111111101111111111011111111110111111111111111111110
1101111110111111111111101111110111111111010111001111010111110111111111011111111111111011111111011100011111111111111111111111110011
1110011111001101111111111111111011111111011111111111110110111111110111111111111111111111011101111100111110011111111111101111111011
1101011111111011101101101111111011111111111111111111101111111111111111111101100011110010111101111101011111111111111111011111111111
1111111111111111111110111110011111110111011011100111111110111110111111111111111011111111111101111111101111111101101111111111101111
1101110111111111111111111111110110101111111101110111111110111111111111111111111111111110111101111111110111111111111111111011111111
1110111101111111111011010111110111111110111111111111110111011111101111111101111111111111111110111111111011111111110111111111101111
1111111111111101111111111110011101110111111111011111110100111011101111111101111101111111111011111111111101110111111111101101111111
1111101111010101111111011111011101110101111011111011111111111011110111110111111111111011111011111110111110111111110111111111111111
1111111110111111110111111111111111110111101110111111011111111011111111111111111111111111111011111110111111011111110111111110111011
1111111110010111111101110101011111011111111111111111101111011101111111111111111111111101111111110111111111101111110111011111110011
1111111111101011111111111111111111011101111111111111010111111100111101110011111111111010010101111011111101110111111111101111111111
1111111111111111111111111111111111111110111111111111111111111111111011011111011110111111111011111111111111111011111111011110011111
1111110111111110111111101111110111101111111011010111101111011111111111111110101111111110111111111111101111111101011111111111111101
1110111111111110111011111001111111110110111111111111111111111111110111011111111111111111111010111111111111111110111101111111111111
1111111011111011101111101111111111111011111111011110110111111111111111011110111111111111111111110111111111111101011110111110111011
1101011111101110011110110111111111101111101011111111111111111111111011011111111011110111111011110111101111111111101111111011011111
1111111101111010011111001110110011110011111110111111111111111111111111111101111111011111111110111111111010001111110111111111111111
1111110110101111011011111111001111110111011111111111011111111111111111011111110111011110111111011111111111111111111001111111111110
1101111111101111110111111111011111111101111111111111111111101111111111101111111110111111111111111111111111111110111001111111111111
1111011111111111111111011111111111110101110111110111000111100111111111111111111111011111110111101111111111111111011110111111110111
1111111111111111111111111100111111111111111111111111111111111101111110111111111111111111110111011111011111101011111111011111111101
1111111111111111101111111111111101111110011111111111111101111111111111111111111011111111111110101110111101110111111111101111111011
1101011101111111111111111111111111111111111111111011111111111111101111111101101110011111011111111111111111111111111111110111111111
1110111110110111111010101111111010111111111111111111111100001101111110011111111111111111111110101111110111111111101111111011101111
0111101001011001111111111101110111011111110011101111111111111111111111111111111100111111111111111111111101111111111111111101111110
1101111011111101111111011111101111111111111111111111111111111111111110111111111111111111111111111111111111011011011111111110111111
1011011111111111110101111111101111111111111111111011111111111111111111011011111111111111111111110111111111111011101111111111011111
0110101111011111101111100111011111101111111111011101110111111111111111111111111011111110111011111111101011111111111111111011101111
1111011111111111111101111110111110111111101111111111111111111111111111111101111111111111111001100101111111101111111110111111110111
1111101111111111111110111111111110111101111111111111111111111111111101111111111111111111110111111100111111001111011111101111111011
1100101111110111110111111111011101101111011110111111111111111110111101111111101001111111101111111111111111111101111111011111111101
1111101111000111110111101111111010111111111111011111111111111111011111111111111111101111101011111011111111111111111011111101111110
