011111110111111111111111110111111111111101111111101111111111111110111111111111011101111111111111111010001111111111101101
101111111111111011111111111011111111111110111111111111111111011111110101101111111011110110111011111101111111111111110111
110111111110111111111011111111111111111011111111111111111011010111011111101111100111111011101111111111110111111111111111
111011111111111111111111101111111111011111111100011111111111111111111111101111110111011110111001111111111111111111110010
111101010111111101110111111011101001010111111101111111111111111111111011011111111111111110110110110111111111111111101101
111110111111111111111111101111111110111111111010110111111111011110011111011111111111010111110011111110111111111111111110
111101010111111111011111101111111111111111111111111111110110111111111111111011111111111111111111111111111111011110111110
111111101110111110111111110101101111111101111010111001011011111011010111101111101011111111011100111110111101111111111100
011101010101011110111111101111111011101111111011111110111111111111111111011111111011111110110111111111111111101111111111
111111111011011111011111101111001111111111011111101110011111011110101110111011111111110101111111111111111100111101111110
111111110101111111111111111110100111111111111111011010010111111011111111110110110110111111111011111111110011101111110101
110111101110011110111111111111111111111111110111111111011111111111111111111111011110111101111111101111011111111111111011
111111110010011111111111111110011101110111111111111101111100001111101100011111101111110111111111011111000111110111111101
111111111111101111111111111111111101011101011111111111111111110111111111111111111111011111111111111111111111111110111111
111111111111110100111100111111111111111100111111111111111111111101011111111111111111111011111110111101100110011111101111
101111111111111001111111011111111011111001111011111111100111111010101110111111111111111111111101111111011011111111011111
111101111111110001111111011111111111111111011111111111011111111001110111111111111111111111011111111011001111111111111011
111111100110110110111111111011111111100110111110111011111101111110111011111011110100101010111110111111011111101111111101
111111011011111111011011111111011111111101111111101111101110110001111011111111111101111100111111111111111111111110110101
111111111111111111101111111111101111110111110111111111111010111101101100111111111111111110111111111111111111111001111011
111101111111111111110111111110101011010111101111111011101111111111011111110111110110111111111111111110111111111110111111
110111111111111111011011111111111111111111110111111111111111111110111100111111101111101111111111111101111111110111111111
111111111111110111111101111111110111111111011111111111111111111001111101110111111111111010111111111101111111111111101111
111111111111110111111110101110101111111011101011011011111111111111111111111111111111111110111110101111111111111111011111
111111111111111001111111011111111111111111111011111010111110111111111111101110111111011100111111111101111111111111011111
111010010011111111111110101111111111111111111111111011110101111111011101111110111011111111111111110001001111111111111011
011111101111111111111111110111110110111111111011111111111111111111101111111001111111111111111010111110111111111110110111
101101111111111110111111111011110101011111111111111101111111110111111111111101111111110111101001111111111110111111111111
111111101111111111111111111100101111110101111111111111111111111111101111111111111111011011101111111110101111111110111111
111111111101011111110110111100101111001110110111010111111101101101011111101111111111111011111111011110011111111111111111
111111111011011111011111111111011111111111101111111111111011101101011111010111101101011111111111111101011111111111111111
111101101001111111100110111100101111101111011111111111111011111111111111111111011111101111111111111111111111011111110111
111111111101111111111101110011110111111111101101110111111111101111111111111111111111111111111111111111111111001111111101
111101110111111011110111111111111011101110101111110111100111111101111111111111110111111110111110111111111111111111111101
111101111111001111111111111011111101010111111111111111111111111111111010111111101101101111111111111111101111111111110011
111110111111111111111111110111111110101111110111111110111111111111011111111111101111111111011111111111111111011111110111
111001111111101111110111111010111101000111110111111111111111111101111111111111111111111111111111110110110111111111111111
111111110111111110111111111110101010001011111111011111111111011111000000011111111011111111111011111010111111111111111111
111101111111011110100111111101111101010111111111111111101111111111111011111111001111111111111111111111110111111110111111
110111111111111011111110111111111111101011111111111011010111111111111111110111111010110111010011111111111111101111011111
011111101111100011011111111101111111111100101011111011111110111111111111101111111111011111101101011111111111111111111111
101111111111110110111111111110111011111100011111111111111111111111111111111111110101001111111111111111111011111101111110
111111111011101101111101111111101111111110011101111111111111111111011101110111011111110111111110111101011111011111011111
111111111111111111110110111111010011111101101001111111111101111110111111101111111111111111101011111111111111011111111111
111111111110111111101011111110111110011111110111111010111111101011111111111011111101111111111111011111110101111111111111
111110100111111011111110010111111111111101101011111101111111111111111111110011111011101111111011111111111111111011101111
111001111111111111111111111111110111111111001101110111011111101101111111111111111111111111111111111111111110110111111110
111010101111111110111111111111111111111111111110111111111010111111101111111111011011111111111111111111111111111111111110
111011111101111111111110111110111111101111111111011111011111101111111011111111111101111111111110111111111111111110100111
011111111011111111011111111111111111111111111111101111111100011100101111010111110111111011111111101111101001011111111111
111110111111111111111111111110110011111111111101110111111110101111111111100101111111001110111101111101111101110111111110
111111101101111110110110001111111111111001110111111011111110001101111111101111111111111111111111111111111111111111111110
111111101111011111111111111011111111111111111011111100111110101111111111101111111111111111111101011111111110111111001111
111111110001111111111111011111111110111111110111111100011111101111110100111111111111101111111111111111111111101111111111
111111101000111101111111111111111111111011111101011110010111111111111111111111111111111111000111111111111111100001111111
111111111111111011010111111111111011110111111111111111101111011101111111111011111111111111100111111111111111110111101110
111111011101111011111111101111111011111011111111111111010111111011011101111101111111111100011111111111111111111111111011
110111101111111111101111111111001111111111111110111111111011100101111111110110011110111011111111111111111111001011011111
111111111111011110111111101110111111111111101111101111111101111111011110111110111111111111111111110111110111001111111111
111111011111011111001111011111111111111101111110100001111110111111111101011001111110111111011111101111101110001111111111
100110111011011111111111111111111111101111111111101011101111010101111011111010101110111111110111111111101110011111111111
111111111111011111111111111110010111111111110101010000111011101001111101111111101101111111101111111101111111011101111111
110111111111101111011111111011111111111111111111111111111011010111011111011111110111011111111111111111111111111111111111
111111101101111001011101111111111111111111110111111111110111101001111100111001101101110111111110111111110110111111111110
111111111111110101001101111110011011011111111101101011101011001001111111111110111111111110111001110111011111111011011111
011110111011111010111011111111111111111111101111101111111111111110111111111010111111111111111111101111111111111001111111
110110101111110111110111101110011110101111011111111111110101110111011111011111111111111111111111111111111101111111111111
111111111011011011101111110101111111101111111110101111111111111111101101111110111111011111000111111111111011101101111111
101111101111111101111111111111111111101111111111111110111111111111110111111111111011011111111111111110110111110110101111
111101111111111110011111111111111101100111111111011111111111011111111011111111111111111111011111010101111011111111111111
101111111111011111101001101111111111101111011111111110110110101011101101111111111111111111111111111100101111111101111110
111111111011011011101011111111111101101111111111111110111101111011111110111110111111111111111011111111111111111111110110
111100110111011111111111111111011111101111111111101111111110110111011111011111111111111010011111110111111110111111111011
100011101111111111111111011110111111111101101111110001111111111111111111101011111111011111111111110111111111101011111110
111111111101111111110101111111011111111011011011100111111011111111111111110011111111111111001111011111111111011111111111
111111011011111110111111110111111111111111110011111111101110011010111111100011111111111111111111101111011111111011111111
111111111111111111111111110011111111111111111111110111110110111011111111111101111110111111110110111111111111111111001111
111111111101111111111111001111111111111111111111111111111001011100101110111110111111111111111111111110101111011111111111
011111111110111111111111111111101111110111011110111111111011111111111111111111011111111111111011110101111111111011110110
110111101111011111111011111111011100110111111111111111111111001011111111111111101111110111111111111101111111111111111111
110011111101111110110111111111111011111110111111101111111111110111111111111111110101110111110110100110111110111011110111
101111100111111111111111101111111111101011111010111111111111111111110111111111111001111111111111111111111110110111111111
011111111111111110011111111111011101111110110111011111111111101011111111111111110001111111111111111111111111110101111111
111111111100111110110111111111111111111011111111111111111010011111111111111101111110110101111110111111111111111111111111
111010111111101111111111011101011111111100111111110111111111110111100111101111111111011110111111110111111011110111111101
111111111111111110111011111111101101111110111011110110111111111111111111111111111111100011111111111111111111111111011111
101110111011011111111111111011111111111011011111111111111111111011111111111111100110100111111110111111101111101111111011
110111111111110110111101111100111111111111111111101111111011111111111111011111111111101011111110110011111011111111111111
111111111010111111011111011111111111111111111111111111110111111111111111111111111110111101111100111111111101111111111111
101001110111111110001100011111111011111111111111110111110111111101111111011111111111011110101111011110110011111111111101
111111101111111101111111111111111110111011111111111111010110111111101011010111111111111111011110110111111111111111011111
110111111111111111111111111001111111111101101111111111001111101111101111110111111111111110101111111111111010111111111111
111100110111111111111111111111111111111011111111111111001111011111101111111101110111111111110111111111111111011111111111
101010111101111111111111110011111111101011101011111111111111111101111110111111011111111111111011111111111111011110111111
111011101111111011111111111011111111111101111111110101111111111101111111111111111111111101111101101110111101011101011011
111101101111110110111110110111111011111111011111011111111111111011111111111101110110110001011110101111111111101101101111
111111111111011111111111111110111111111101110111111101111111111111111011110111111111111110111111011111011111110111111110
111111111110111111111110111111111111111111111111101111111110111110111111111011110111111111111100101101111111111111110111
111101111111111111111111101111111111011111111111111111111101111101111011001111010111011011011111110101101111111111111011
011111111111111101111111101111111111101111111111111111111111111111111111111111111111111011111111111010111111111111110111
101111111111110111111001001111011111111111011111110111111111101111111001111111001111111111111111100101111101111111101111
011110101111111111110111110100111111001111111111111111111111111111110101111110110111111110111101111010111111111101101111
011111111110011000111111101110011111111111011111111111111111111101111111111011111111111111111111011111011111111101101111
011111111111010101111111101101111101111111111111101111111110011111111101111110111111110111111111110111100111101111111111
110111111101010111111111111111111111010111110111111111111101111011110111111111111111111110111111111111100111011111111111
111111111101111011111111111111111111111110111111101111111111111111101011111111111111011010101111111111111011101111110001
111111101011111111111111111111111111111111110111100111111111111111011111111111111111111101111101111101111101111111111111
111111111011110111111111111011111111111111111101111101111110011011111111011111110011111111101111111111111110111111101111
111111011111110111111111111111100110111111001111101111111000001111111111110110111111111111110001111111110111011110011100
111111110101111110111111111111110111111011111111111110011000111111101111101111111111110111111110111111101011101011111111
111111111111011111111011111111111111111111111101110111001111111111110111111111111001011111111111011111111111110111111011
111111111111111111101111111111111111111111111011111111011011111100111111101011010111111111111111111111111111101001110101
111111111011111111101111111111111111111110111111111111011111101110101101111111111101111111111100111110011111111000011111
111111011111101111010111110101111111110111111111011111111111111111110111111111111111111111111011111111111111011100111111
111111111111111011111110011111111111111011011111111101111011111101111111111101111111101111011101111111111111011101011111
011101111111110111111101111111111111111111111011011101101111111111110111111101111111111111111110111100011110111111100111
101011111101111111011111110111101100111111111111011111111111111111111110111111010111111111111111101011111011111011100101
111011111110111101101111101111111101111111111111111111110111111111111111011111111111110111111101110111111011110111111011
011101101101011110011111111111110011111111111111111111111111111111111111111111111111011110111111111111111011011011110101
111010001011111111111111111111111111111110111100110011101111111011111100101111011111111111111111011111111111011111111110
