01111111110001100111111110111110111111111111011110111111111011111111011111001010111011111101101110111111110101011111110011000011101110001111011101111110011110010111111111
10101111111111111011111001111111111111111100111001111111101111011111111111111011110111110010111111010111011110111111111011110111011110001111011111111110110000111111110010
11011010010111101111111111111101110011101111011011111011011111011111011011011101111100111101111101110110000001101110111100111111111111011000111111111111111111111000000100
10101111111111101001101111111111001111111111111011110111111111011011111110111101110010111000111100111011110111111101111100111101111111100111011100011011111101110111101111
11110111011110111111111011110111010111011111011011101111111111111011111011101101111101101110111111011010111111111010101000110111000111111110001110101110110110111110011111
11011011111100111011101111111111111101111101101111110111011100011111111110010001110111110101110010111101111110101111111111101111011111100011110111011101101111101110111011
11111101111010111111011011011110111011110011111111111101011111011111111110111011111011101101110100001111011111111101111011111111111110111111110011111111111111111111011111
11011110111111011111111011111101111101111110111011011011110111111100111111111111101111101010100011111011011110111111111111111111111111011111111011110110111101111111110011
11010111011100011111101111011111111110011111011111111011111001010011111110011101111111011000111111101111101000111110101011100111011111001101001101010101101111111111111111
11111111101011011111100011101101111110111111111110110111010111101111101111011010110110111011111111101111111111011111111111111101010111100111000111111011111010111111111111
01011111110110100111101111111111110111001010001010111110111111101111111111111101010011110101011101110111111110111110111111010111111111110111011111100101011101101111111111
01111101101011101010111011011111111110111111111111100001111111110111010111011101110011011101101101100111011101111110111101111110111111110111111111101111001111010101111001
01111011011101110111010000111011001111101101110011111101100110010111001111111001011011111111111111000101111111111111111100010111011110001111100111101111110111111111110110
11110001010110111011111111011011111111111110111101011111111011010111011111111011111011111111110111111110111111111101111111111011110000110001001101111110001111010111110010
11111110001111011111111100011001111011001110111111111010101111110010111111110111010011001011010101100111100110101001101101011111101110011101011011001001110101111111001110
01001111110011101111111011101011111100101001001101111011011111111111101111011111110110101101111110110110111011111011111111010111111111001111111101101011011111110111011110
01111111110101110111111110001111111111000111111111111011111111111111111101110110101011001011111111111111111101101110111101110110110110101011001100011100111101111110110111
10101011111010111011100111111111011001011000111111111111110111011111111010110111111101100111111101011100111111111110011111101011100110011011111111111111101111111110110111
11101111111111111101010011111101111101111111111111011001011111111101111110011101110110111110111110011111111100111111111111111100101111101101111111111011010111101111111011
11111111111011111110011010101101110111111111110000111111111111011111111100111111101011111111111000010101111111111111111110111101110111100011101111001111111101111100111011
11111101111101111100011100111111110111011110011111100111111111110111111001111110111111011011111111011111111011111111011111111111110111111111111111001101101010111000011111
11101011000111111011101111101111111101111101101100001111010001111001111110010111110101101101101101111110110111101101111111110000111101111000110111011111111011111011001011
11111111101101111001110111011111111111011111011111111111010101101111111111111111111111111011110001111011100100011010111001111110111110111111111001111111011101011111001111
10110100101001101100111011101110101111111111111110100111000111111010111101111011110111110101111001111101111111001101111011100111111111111101111111101011110101011011011100
10111111111101011111011101111111111111010110111111010110101111111101110001101011111011111111011111011101111011111110111100010111011111110101110111111110110111111011111101
01111111111101010110011110101101101111110101011111101111110101011011110010011101010111111111111110100111011111111111111011111011111111010101111000111010111111110111111111
11111101011010010111110111011011011101111101111011010110110001111101110110111111000111101101110101111001111011001010110111111001101001111101110011101111111011110111110111
11111111101111100110101010100111111111101001011010000110111111011100010111111101110111111111110111110101101100111111111111101011111111011101111111110100111001111110000001
11110111111111111111111111100100111111111111110000111011111111110110011111111111011011111110110101111101111101110110011011110001101101011001011111111111111110111111010111
11111111111100001111111111011001101110010111100101111111101101011100111111111111111111010010111011011111111111111101111001101101111010110011010111111110111111101011110111
11011110101111011100111110110001111101101111110111101110110111111011101111111111111101111111011111111111000111110111111101101111111010111011110111111011100111011000111001
01111101111111111111111011110110111111111101111111011011101111111110111000111111010111111111011011111111111100111110100111011101011111111111110110001110010001111110100111
11100111111101111011111111011111001011011111100111111110110111101111111011011110111001111100110110111111111001111111100101011101011111111100111111111111011111011101111011
11101111111101111111111010111011000111011110111110111001111111101110111110001111001111110111010101110111111010000111111010111011111011111111011110010111101001100111001011
11010111110111111110011111111111100010111010111011001111111111101110111111011111101001101011111101111010111111100111111111111011111110101111111011111111111111101111101111
11011101111111011011111111111111010010110111101011011011010111110111010010111110110111011111111011111011111111001011110011101111011101101101110011110110111100000011101101
11111010111111101001101111011101111101110111010101110111110110101011000111111011111111110111111011011100111111110111111101101111011110110011101111111101111111101111110011
11111111001011101111111111111011110010111100111111001001011101100011101110101111111011100110010111011111101011111101110001101110010110010001111110111011110111101011111011
11110111010111010011010101111011001111011000111111001101011111101011101101001111111101111111111111101111000101110011011100111011111011110111111101111111011111110111111111
11011111110101000111111111101101111111101111111100110111101101111100101010111101111010111101110011101111011111111111111110111101111111101110101111101011111101111111110110
11111101111111110111111100111011111001110011001101111110101010111111111100110111111011101111011110111011101111101110111111001111111100011111000111111110111111111111111111
11111101110111101011111111101111110111010010101111100111111001111101111111111111010110101110111101111111011011001111111110101001111101111111111011110111111110011101111001
10111011111101101011101110001110111110011101111111110111011111001110110111011110101111111111101101110111011111100111111110101010100111111111101111000100111111110011011111
10111110110110011011011101111111100110011010111111111101111100111111101010110111101111011101110110111111111111110111001100110011111110111110111101111111111111110111110101
01010111010111101111010110101111111101110111001101000110011111100011111010110110010111011010111011100110011011101011100110111111111111100011011111111110111111101000000011
11111011110111101111101111111011011011110011001111111110111111111110111111101111111111111101011100111111010110111111111111100111101100111011101111111110011110110111100101
11111111111101111110111111110001011101111111110110111111110111111101110111000111110011101111111101111111111011111111010101110110101101101111101111011100111111111100011111
10000110110101111110111111000111110011111111111011111111101111101111101101111101011111110111111111111111110111111111111000111101111111111111110111010001011111111111111111
10111111111110101110101111110011111101100111011100111111110111100011000000111101101110111000110111111111110111111111111011111111110111101110111011101111110111110101111011
01111111100111111110101011100111101111101111110100111011111111111110111110011111011111110111011111000111001101110111011101101010011111111111111010101110110111111111111111
11111110111110111101101101001110110010011111011111010110111101011001111100110111111100010011011111000111110100101100110110111111110110111111111111011111111111111111101110
11110111111011111111001010101101110110011011011111101111101011000101111101111011111110111111011101111111111111110111101111011101111111101111111111111111101101100111110011
11101011101011111111011001001111111101101001011111010111110101111111110100111111101011100010111011111010110001111011101111101011111110011001111011101011101010001011110101
11011110011011000101111111110110101010111111111110111010101011111111111111111111000110111110100001011110111111101101111111111101111111011111111101101111011111000011111110
11111101111001111101111111111111101110011110111111111101111110100111101111111111111000111111011110111111111111111110111011111001111111110101101011111110111001100111111111
11111111110111011111111101001101011111110111001111011010111111111001100101101111111101110101100101001011010100100111111101011111101101101011111111111111111001111011111011
11011001101111101101100011111111111010011101011111111111010000100111001111110110111110101101010101111111010111000000110001110111111110111111110110101001111111111111011001
10111111111101011111111001111010111111100111111011101011100011101110110100110111111111111110101011111110010111011111101110111111000010111101011011011111111011111011101111
11111110101101111011100010011101011001111111110101110111000111110011111110011111111111101011111110101111101100110111111110111111010011101111101101111011111011100111101110
01111111011110111111101111011111111111110011111111101011001011111111001001010011101100111010111001111101010111111111111010001111111001111010100110010110101000111111111101
11111011011111111111100110011011111110101010111111010111011101011110101110101101100100001111111011111111010101111111011101111101111000101111110110111110101010111101110100
11111011111101111111111111111111111101110110111111111101011110111110101111111101011011110001011111110011111010111101111011110111101111111011011111011110111111110101111111
10001001011100111010111110101011111111111101111111001111111101001111111110111111100101011111101010111100111111101111111100011110101111110111101010110111111000011111111111
11111111100111111111110111111111000100011101011001101101001111001111101010110100111111111101111110011111010110111111111001111100110111010111101111011100111111111101011111
11111111011000011111011111110111111010111111011101101101010111110111111111001111101001100011110111111111101101111101111111101011111101011111101101111101111111101101111111
11100111011111011111101010111101111100011111011101011110110111111011111101110011111111111111101011011111111110111111010011010001101111101101011110111111111011110001111111
11111110111111111101101101001011111111101011110111001110111111111101001111011011100010111110011111111101011110111101011111110111111011101101110111101111111111011111111011
11111110111111011111111011100010100111101101101110111111101100111110001111101111110111001100111111001111101101111111111110101110111100011111101101101111111001011111111110
01011111111000111111111111100111111001111111111101111111011011111100011110110111100110101111011010011101011110111011101111010111011001110111111011111111111011111111001111
11111111101101101111111111111101111100001110111001111100011000101100101101011111111111110111111011101111111111111100011011101111101111101111011000101110111111011010101101
11111111111011111111111100001111111001111101110101110110101111111111110111001110110000110110100111101100111111111011011111001110111010111111011101111100111111111111001000
11010111111111111011011100111110011011101110011101111111111011101111111011101011110111111111011111111111011111100101110001111111100010111011011011101111111110111111101111
11111111111111110110011001111110111111010111111001000110101011111011101100111111111111111111001011111110111111111111010011001111111111111111111110111111111110110001111101
11101001011111111000101110011110101010100110011100010111100101001111011100011111110111100101001101001111101010011011110101011111111111110111111110111100011011111111111111
01011011001011101101101110111111000111011101110110111111110011110101100110010111000111101111111101111111101111100111111111110111111100111111111111101010010110011111010111
01110111111111111111111101111111101110011111100111111110111101110110110011100101101101110111101101110111011011011011110011111111110011101111011001111111111111111011101111
11111011111111010011101111111111111111110110010111011111001011101011011111000001111010011111110011101011011011110011010111011111110111011101111111111111001011111111111111
00111001101100111111111001111111111101111111111111101111111011111001111011110000110110011101111001111010011101001001111111110111111111101111111100111110111111111111011011
11000011010001111101111110101111111111101111111001111111111100101111111111100001111111111110110110111101111111111110111110111111110110001110111111111011011011111111010111
01111111101111110111011111111111011011111101011111111111011111101111110111111010110111111111110001111111111101111111111111111111111111001111111111111111111010111010101111
11111111110101011111111110010110101111111011011010111011111110111111111111011111011001111111110110111111011011011111111011011111111110101011111011110011101011100101111111
11111110111111110110111111011111100111111100111101110011111001010101011111001111101111111111011111010110111011011111101111101110101101111111111011111110111101100001110111
10101011100011001101101010001110111011111011010111111011111101011100010010011010110111101010001111101111011110101111111111101111011111111001111100110101111101111111101010
01101101110000010110111101110111010110100111110111110101111110110101110111110111011011100111001011101111110101010110101011011111111110111110011011111110111101011110100101
11010111111111111011101111111101010111011111111111011100111001010111110111101111011101001001110111111111111111011111110111100011111111110111111011111011111011111111101001
11001111101111101101111111111111111111101011111101001001011001111101010111110011111110111001101011111111111110101111101111110111001101111111110101110111111111111011011111
11111111011011010111011111111011111011111110011111011111111101011110111111110011111101000111011010010110111101111111011101010111111011111100001001111111110110011001111111
11110100111111000011101111011111110110110011110111110111010101110110011110011111110001000111011111111101101001101111100111110011011111111111101111011111111110111011111010
10111011110111111011111011111011101100111111111010010110111110110111100110101111111011000111110111111011110111101111001101011101100011110011011111111111111111111010011111
10101110001111010111010111111011110111111111011101010111110010110111111111111111110100111011111110111110110101111111111001101011111110111111111111110101110111110101101111
01001001010011101111101011011111011111101110101101111110011110101110111110111011111100111101111101101101111010011101001111011111011011101011110110011111111101111011111011
10100110011111111101111111110011011110111011011101110011101011111100110111111101110111111110111111011111110111011111110111111011110110011111011111010110110111111111111110
11111111110111011111111101111100101110110111101110001101011110111101011000111111100011001111010111001111110111111011000101100111010111111010110011111111101111011111111011
01111110111011111111101111111111111111111101111111111010101111011011110100101111110010111111101110001011111111111111111011100111111111110111101101111110111101110101111011
11111000111110011111110111000111001110101110111101111010011111110111110111110100011101110111010100110111110111011111111111001001111011111011111110011111100101110111111111
11111010111111111110110011111010111001101111011111110011101001011011001101110010111010011111111001101111111111100111111111110101001111111111111111110101101111110111111110
11001101110011011010100011010111100111111001100111101010011011111111111110001010111111111101110001111011000011101111111101110111101101101100010111001111101111101110101110
01101001111111101100111110111111011111110110101111111101110111001111011111111101011111011011100110110011100000111111111000111111111100100111110111011111001111111110011110
10110101111101111000011101111011111100111111111110011010111111101010011110111111101111011110001111011111111101110011111111011110111100101110111111010111011111110111110111
11111101001001011111111110111111111111001111011110011110110111111110100110110111110011111101001011101011110010111111110111111101111101101110011110110111111111111111110001
10011111110001001110111110101111101111111101011110011111111110111111111111101111101111011111110110110111111111111011110111111110100110111101101111101111111000111011011111
11100110111111111111110111011111110011110111111111110110111110111111111111110011111111110111101100101011100111111101101110011101011101001111111111110111111101111000101111
11111011111101111010111001000111111101111111111111111111111011011101010111111101111111101101111111111101111111110010011111100110111101011111101111111111110111101110100111
11010111111110101011101111111111110101111111011111110011101111011111110101111011101111011011111111111110110000111111101101101101110111101111111011011111100001111111001111
10011100111011111111111110111101111111001001001110111110001001101101011011100011010111111111111101111111011111111011011011100011111001111011110110111101110111111110110111
11011111011111011111110111101101111110010111111110111111110111110110111110011111111111101111111100111011101111101110111111100111001011010010111111111101101111110111111101
01001111111111011111100111111101111111011111101001010110001001101111111111111111111011110010010100101010110111110111111101111011101111111100001101111010111101110111110111
11011111011111101111011101011111001110111011010111110111111110111111111110100111001111101101111100101110111001011000101111101011010111011011001111111111111001111101111011
01011111011011110101110111100110011111011111111110010110110101110110111111111010111011001011111110011110111000101111001111111011111100111110111111111100111100111111101111
10111010010111011101110111101110101111111111101111011110110110101001011110111111110110111101111110101110111100000111111111111111111111110101000111010101101101001110111111
01111111101111111111110011011111101011111011111111111111001111111111111110101011001001111100110111111111111010011111111101011111011110110111111101101110101111110111111110
11011011111111010111101011011111100011110001011111011010011111011111111011011011110110100111111001111111101100101110101010100111101100011111111111100011110000111111110101
11111111111111111111111111110101100101011100111110101110010111111111111011010111111011111111111011011101110110110111111011011111101110011111011111110010101110111101101011
11110111111111001111110111011111111011011111011111110111011111111111010110100011111111111111011111010101011011111011111111101101111111101111111110111111111110100111111111
11101101111110011111101011111011111110111111111111011011011110110101101011111011111111111101111111111011111011111101111010100100111110111101011101101110111011111111110111
11010111010011110011110101010110111111110111111111011101011111111111101111111101111011111111111111111101101011101110011111011110111111111110111111011100110011011111111111
11111111111111111011011111110111111111011110110110111111111101111001100101110111111111010101011111111101011101111110011111111111111111101111111010111111110101111111111110
11110111011111011111111111111110011111111110011111100111101111111111011111111111101010100101011111111010111001101111101111011011100011010110101111010110111110011110111111
01111111111111111111111111011110011010111111010111011111011111111011111000100111111101101110011111100111111111111111110111111111011111111011111011111100111011111110110101
00110101011111111111110010110011101010111111111001111101011010101011101001101111011011111011101110111111011111100101111011011010101111011011001111100111100000110110111101
11000111111001010111110101111001011100011110110010111110011101001111111010111111111111010011011100111110110111011111111101010111101111110111111001111100111110101111001011
11000111111101111110111101111111101111001000011011011111100011011110111111111101111111111111111110111011111111101101111110100111111111100110011111111010111101011110001111
01111111110101001111111101111110011111110111111111101110111011011011010100110111011011010101110111011011111111010110101001011101110101100111101111111101111111111100111111
01111011011111111011111011101001111000110001101110110111111011110110100101111111100101111011000111111100001011101001111110101111111101111111101111111111010111110111101111
00110111010101100111101001110111111111111110100111111111011110111001011111011011111100001111001001111101001111101101111100110011011111011111101111110110110000111101111010
01111111111110111011101110000111100111011000111110110101111111110011111111111111111101101010110111111111010001111111101011110011111111011011110110111101100111010111101111
11101111101111111100101111010010011111101011111011101001111101101011111111111111111111110111110011101010111111111001111111011101011111110111111111101111100110111100111100
11111111111011110101100111111111111110111101110110111111111111001110110111111111101111111111111111010101111111111100111011111110100011001111111011101110101101101011111101
10110011001101111111111101111110011000111111111110111111100111111111011111111111110110101101011011111011101011011111110111110101011110111111101111011000111111101011001111
01110111111111011001111111010111111111111101100111111110101110011011101011111111101110110111111001110111100111100111101001111110101111011111111110001111110110100001011111
11110111101110110010011111111111111110111101111101011111100111101111111011100101111111110110011111110110111011111111101111011110110111010111101100011110100111101011000111
11111111111110111111111111011001101111011111111111111111100001111101010011101111111111010101110111111111001111111111101111111110111001111110011111110111011110011110111100
11111111111110111111101111010111111011110011100111111110111001110110011111011111101110111111111100001001011101101111111111001111111000010111101111011100110101110010011111
00111101111100010011110111111001110100110110101111010111001101111110110011011101011011111010111110010111111101000101111111111111011100111011111100111111111111101111111101
00011110011101001011111110100111111110110111111111110011111111100110111111110100111111111110111111111001101011100111101011110010100101011111111011111101110111110111111111
00101011001101100100111111111111110011101111010101101110110101111001101111101000011111111101111100001010111111111011011110011110111111101010111100111111111101001100001111
11101011100010111110111100111011111100011111011111111101111111001111011110111111111101110111101110111111101110011111101100011101110101110111110011111111001101111111111000
11011011111110110010101111110001111100111111001111110110111010111111111011111111010111110101010111111111001011111111110011111011111110101011110111111101111010111101100111
11011111011110011101101000000111011010111111111111110101101111111001111111110111110111011111111101110111110110111101111111111111111111111101111011101111100110111101100111
11010111111111111111101111111111011111101110111101111111111011111111111111111101111011011111011101001111100101111110101110111111111011101110111100111001101111111011111111
00100111000110010111111111110011101111110111011111111111101110111011100011101111111011010110111101101111110010110101111010111111111011111111011110111101010111100001101111
11110111001100110110111111111111111101100101100111111101110011000110111111111111111111001111101111110101110010111111101011000111010101111111101111111110111111101010011111
11111001101101111111101101011000111011110111111011111111011001111101111111111111111110111101011100111111011110111111111111111011111111110011110111101011010011111111111111
11111100111111011111110110011111110011111011111100110101101111011111001011101111001001011111011111111110111111111111010101111110111111010101111011110111111100101111011101
01101111011110100111110110111111111111011110111111111011110111110110100111101011110110011111101111111111110111011101111101111111110110101110111100111110111110011001111110
11100111111111110111111110111110101110111111111110111111011001011011101100111011110111111101110111101111011111111011011111111011100110101110011100111011111110111101110001
11101011011111010110001111111110101111111101110011011111101010101111111111111111111111101100110100011110111110111110101111111111000101111111111111011011001011011111011111
11110111110001001110011011011110111111101101111100110011011111111100101011011111111111111111111101110111111111001101111011111100101111111101110111101110011101101111111011
11111110010111111111111111101111101011111001111011111111111011011111111111111111010110111010111011001011111110100111101011110111111011111111111011110111111111110111111101
11101111101111001101111010111101111110101111111011110111010111111111111111011101011101111111111111111111110111100111111110111111011111111110110110011011110111111111111111
11111011010111010111011111101111111101111101110011111111011111100111110110111111110111111011111011111111001100111110110101011011011101011010011111111100111110111111111111
00110110111110110111111100101010111011110101000110111101111000101111100110011011101011111110101111111111110101010100100100110110010101111111101101101100011101011111011110
01111111110010101101110111111110011111011111101011111011111111111111111110010101111111111111111110011111111111111111111111101111111011110111010111001110000101011101011111
11111011011010111011011111111101101111111111111111100111111001111111111111110111011111111111010000111110101110010111111011111000110111110100111111011111000111001100011100
10110111111101011101111001111100111110111111111100111111111111111111111111011111111111011010110111111100011111101110011011100001100101011101010111111011000110101111001111
10111111101111111111001111001110101111111111111111110100100001011010011110110100011101111111111111110110111011101100110011110111111111111011110111011111111011100111011111
10101110110111010110110011101110101011101111111111101100111011011110111111111111100011111101100111110010110000101111011010110110111101100111111011101110011101111101100110
00110111101111111111011111110111111011111011101111110111111001011111111001011110111111001111111111110111111101100011101001110101101011111001111000111101110110101111101001
01111111111010111111110011111101011011111011111111110011111111011100101111011111111011011111011111111111111110111110101110111011111011101111111101011110001111011010111100
11111011110111111101111111111011100000111111011111100001110111110111111111111111001111111111111101111101111110111011111101111110000110101111001011101111100010101101110010
01101111111010101111111110011111101011011100101101101001110110111011111101111111001111111011100011011111100111011011111011101011101101011111011111110111111011110111111100
11011111111111111111001001111001111010111101011111110010101111111011101101101110101110000101111111110011111111111111111111111110000101111110001101111111111111011001110011
11011111111011111110011111111101011111111011010101111111111100100011111101111111001111011011101111111011111011110111111111010101101111101001011100111111001101101001111111
11010011111111110010011111101100111111111111010111111111111111111111101111111110111011110111111100111001011110111111100010011101111001101111101111111111101111011110111001
11010101111111001111000011100111101111111101010111111111011111101111010111011001111110110111111110110110111111111111111100111111000101101111101011011110000011111111011101
11001111111111011111100111101110100011111111001111011111100111111111000011101110110001111011111101111000111101110111111100101011010111101001011111111111110100111111100111
10011110111100110011111111000010111101101110001111100111111101111111111111011101101011111111111111001101010111101101110111111111110111111001111110111111111101101011100100
10111010111010111100101111101101001100111011011101101110011111111101110111111011110101101101001111101111111011110111111101110111111111110111111110101111111110101010111001
11011111111011111111111001101101111011111010101111110111011001111111100101111111111001111111111111101111101111101111110011111100111010110111111010110111101110010110010001
10011111111100001111111011111111111111101111111111011011110101111110110111111111110111101110111000111111111111011111011111110101111011110111111101111110101101000111110110
