01100111001100100011101001010110111111011111111101000110111000010000001100011101101100101010110010000001110010000011001011101001011011111110101110
10101101010010101011110111010111011110110110011010101110011100011101010001000011010111010110011001111100111110110000000001111011000001011110100101
11000011010010100011111100111111011010101100101000010110101011100101000100010010111101010101110101011100011011110001110101100100011011111111101101
00000100110011000011111000101101101000100110111010110011010001100001111010100110110011111000100100110101101100110100101000110101000101001110001111
01000010001110101010000011011110101111101011110011110010011000110010010111100010110111101000010111111111110001110100110001011110010101011111111111
11010011011011110110101100110000110100100101100011111111001001110111000111000001111100110010110001111101110110001011000010011001101010010011100101
10101100111110000110111111111110000001010111101000011011101000111000001011101000011101110011100010101010000111110101100011111111111110001101000011
11100100001101100001101111000010100101110101011011011111111101110011101110110101010101010110100110111111101111110010111110011000001000010101110101
00010010011101111010101100011100100101010000101111111001111011010101011001101111111000110101001111000000100010000110111000011100000011110110001111
01110110101110100001001101001010001101110001100011100110111110010111011111101011001010000100110101010110111110011111100011000010110011100010110111
10001111110101001101101101001011110100100010101000001011101110000001110111011011110101001100000001000001010101110111011100111110110001110101111000
10001011111001101101000111101101110101101100001111000101111001101101111011011111101110001111001100000100100011101101110110001111000011101010010000
01111110010001110111111100000011111000000001100110000001011110101010011111011001111101110101111010011101110110001100010010101011011000101101100001
00010101101110111110111111100111000000010011111010010101101110010110101111100101011011111111100001010011110100100101111100101001010101111110011111
11101101110111011111111111110010101101101100110110001110011111101111111111110100110010100000101111000101101011111010100001010101110110110101000010
00000100100011101111100110111001101001011110011100111101100111010111001111100111110101111011010000101001111101101101001110000101010100000110101111
01001000101101110110111111110000001001110010010111111110011000101111011010000001000011111101101010001101100100101011010111010101101111001110000001
00000110001111111011011001100011101100010101100100001010001101111111011111011100000111010100111101110101111100111110001111000101011111110110100011
11111110100011111101000101110111111101111010000100011100010001101110001101110111011110101001111100100101111011000101010111101111010111111011011000
11110001011110110110010010111010010111111001110101011111011100100110110001100001010011101010100101111101000001110000011011111010011101110101100010
11110111101011111000011000000100110011110111000010110101111000011011100010010001010100011110100101011110101101100111110101100011010011010001110100
01110010000011101101100111001101000010011110111001011111000111010101101101011011011101101001110001110000000000001010000111100000101000011110010101
10110111111011101100100111111110111011000100011010111100010111001111001101111101110001110001000111110010011000111111100011111011010101111010111011
01100111111111111010011000010111000111011000100011001101001111101100011100111101111110110010111111110101110111010110000101001011101100100111011100
01001011000101111001011001101111001000110000111010001010110101000100111110101101010001100001010111001111111011111010000000111111010001010110101000
11001011011101101110011010000000111000000101101111111011101011001100111101110101010001110100100100111000000100011101011111011110110100010101011100
00110110000101111111001010010001101100010110001111100000011011101101111111000001111010101111100011111110100011000110101110001011110011000111010000
11101110100000111011001100100100101110101011001100001101010000101010101110101101100111000000000000100000110111010010011110111000011111011001001111
00111010111100010001011010000100100111000101101101001010000010000111000111001101001100110111101111110011001111111000000101001010001101111010101111
11111010100101000010111110011010011101001110010111101000100101110001101101101000000111001110101001010110111011111000100001110110001010110011110100
11101011011011100111001110000101011111011100111111111111111110011010101111010011001110010111111010001101100011011011111100100001101100001100110010
01110000001111010110010110100010111010100011101100101100111111011001101111011010100001000011110101000101101100010001101111010110101001111110001000
10011101101110110110101001111001000010001001011111010011011010010110110110110111111101100011010001001011101100101101101011000001010111011001111001
11100100001110000011101001000111001010111110001100111100011000110110110111110110110001111101100000100100010011100110111100101111011000100010111111
11111000010010111110001011110111010010110111011111011010110110010111111111000111110000010111101010011010110101000111100010011011111000010001001011
11001101111100100111000100111110000000111010111110011011101011010011001100001101001111000101101000001010111100101111011011011110011001101101001001
11101000000000000001111100011011111001010111101000111100111111100101000010101001101100001101111100111011111011111110101100011100001000100010011111
10001011110100111011101100001110000010111001011111000000011011111001101000100000000011011100101010001101100111011111001010010000011011111100101110
01111101011100101011100010010001011101011101000111011110111110011010101011001110001011010110000111100111111111011100100000111011010101110001110101
11000011110001011111110110100010011111100111111111110000000011011101010011000000111100111101111100000001111111000110011111101011100000010111100110
10101000000100110011010100010110110101100111011011000011010001010110100110110011111100000000111011100010111110110101011000111111100010011100011100
11110111000100110100111001101110011010111001101101010111111001101101111101101110001101100101100100011001011011010011101110111011001111000001011101
11011010001001011010110000110101011110011000101011101100000000011010100100111110010110000111010100010001110110001110001001111111101111100010100011
10001111010011000101100001011001101011111100010111100101111010111001010101110111101010001011001100010111010011101010000010000100000101110011001000
10111110111011100101010111001011000110010110011101010100100100011111101000110100110001110011000011100101110111001111101011100000111001110101110000
11011001000001111001011010000110101101011001101100000011100001111100101111010101000101101110010110001110110101111100000001001001100101111111011011
11110011101101010000011011111011111111011110110111101111011001001011000010011101101011000101100111000100100100000010011110010110100101011001100010
10000000100110111111000001111111111101110101111010001011011101010111010110110100101011001001111010000110110000010101111101100001100110101011000101
01011101110111101000101111100110101101111011001100010000000000000000111100110001111000110000000101000100101111001011101001001100011100101101001000
10001101110100001001010101101110101001111111101000100100110011100111101010001101001111100101000011011110110110011111111111000001001111001110111100
01011100110000011000101001100111010010010011001001010000100111011101110111111010001100111001011110001101000110111101110010111101100010010110111011
00111111100001011011111001000010111110110100100010100111111010101101100000001000110001110101111101100110110010100010101001111101111100110111000000
01000111101000111111011111011111011110100010001100000011100101100011100011010000100111001011110011100001001010010100111111100101101100010000110000
11100101010101111011111100010011010010100111101001010001000001101000110000100111110111100100101010010001110101111110100011001101111001111010111101
11111111011000101101010011001010101100101100011100011000010111111100100001000001011011101110110111001111101111110111110101011101010010010110001111
00010111101111010001110101010010100100001101011100011100000110010110001101101010110000010000011101010111111110110111101100000110001011110110111011
10100011111101010000100011000111001110100101110001111000000111111001100010111111010010111100110011101110000101011110011000010111001101111101111001
11011001110110101011101010110011111011101101001101010010000100011000001100010100010011011110001000111111000000111100010001110001011111111101110011
11101111111111101101100101100011110111100101001100010000000001101101111110110101001000011010100110101111011011111111101001000000111100111010001100
01000001011011110101011110000111001010100000100100101011110000111000110100111011010111101110101110101010011001011110100100010001011101011101110001
00100000111011110000011101101011101111110001000001110011100000101111100111010111110101000000001011111111110011001000100101011100100010000011100011
00110101100100110110011111100101000111011100011101101110101000100001001011110110010010101101110111111000110000101100001110110110011001011010001001
00111111000110101111000100110100010011000101010001011110101111011111110100110101111111110111100001111111110001010010000101001011100011110000110011
11001111110001010100110000000111111101111011110100100011110100100000010111011101010110100101100100001111000110100001101011010111010100001010111010
01000010000110101110101101110011000001110111111000110110111110100101111110011011011110011001101000001101101001100001111001111000001100101110111111
01100100110101111111011111101000111010011100110101110011001010101001001101000011001111101010010001101100111001110101110100000010101011000011101001
00001101010011111111101000011010111100101010101101001001000010100000111010110100111110010100100111100001101011101001011000000101111010011011110100
01110101111100111100111000101101001111010101101101111000101011101100101101011101011000000001010101110011010011001110101110100110111110110111100110
00010001001101100001110011110111111001101110110011111110101110101011001111101001101100111111011110011000111111111100101110011100001000011010001111
01011000111110101101000111100000111000010101000110100100001100111010001100011001000111101110100110101100001001100111000000111101000000011001101101
10010011110111111110011111110111001101100100110011000001011001001111110100111011011101010011101011000010010100011001011011100000000110100110001100
10101101011011110110011111111111111100001111010110100001011110111101111011001101111100001101011011000101111101111110111000110110101001001011001101
00011111011111111100100010111011111010111000011101101000101011011010100101110111110111001001011100110011000101010001110110111011001010110011111111
01001110111111110111011001101111011000110101010000101011000011010101100110011111101101111111101011100111000011010111000010101011001111001100101011
00011011110001110011001111010100110011001111100110100101101101100010101010011010001001101011111111111110011000100101011011111001011001110011010011
10100001001110100110111101000011110000001011111110101000111111111011011011100110101010000010111100001110100000001111011110100001110110010011100101
10000010111110000100011110011101000110100110001001110001100100011001111101100001111101001110000011100000100011110000110001000110101001111111000011
10010001100101110110001111011000111100100111111101000100111011110011000111010011111010001000110000111101110011111101100111011000010010000010001011
01111000111100010010010000000011111000101111000000100101100111001100001011110101101110010111000001011101010011011110101001010110101010101011001011
11000101111111011011111111111010101110001001011011000110101110111101111111001110100111010001111001110001110100011010111011001001011011110101111110
10111100101110110000001100110001111010011001101110011101000010100010100111011111000000100001010001111100010100000111001111111111101111011110100111
01111111101011110011111111100000111000011010100010010111110111111011001110001100000010101110010100110101011111111011100000010011011101110111101111
10100110110111000010010100101010100110111101001111100010001000101111101101111110000101011101111101011011011111010011101010001000101111001010101001
11101111001110010110110100011110100110011110010001101100000110111110111111001011001001011111100001101111100101010011000110000011001100110101011000
01011000010101101111000100110110000101100011001101001110110101111110010010010111010000111001010000000110000010110001001000110111110011100111101001
01111011001011011101011011010101110101100100111101011110010110100100011011101001001100111001110010111111001010000111101001011100011111111000111000
10011110100011111011011111101000110000010100110011110110100101110100110001100000110011011101001011010001101111001001111001110111000011110000000011
01110111100011011100101101001010011001110000100010110001111000101010101001000011001111101101110101011001000101110001101000111110101111100100110010
10011000001101011011110000100100010011010001010100101010111101001100110111101100011111110101100010111100110010111110110111010011100101011000101100
01100001111111001100100001101110011111110110011001010110110101110010110101001010011100111000101110101111111011111100111101111100010101100111010110
11000111000101010001100100101111101000100011110000001010011100100100111001111010010100000001010001011011010010000111011000000111001010010011110111
00100010100111011010011010101011111110010111101101111000000001111001101111100011101111111010101010010000110011101111110001011000011000101110010110
10110111010011101111110101101111011111011100001100011110101101111010011001110101001101011101010011100111100000010010100010111101111101000101011000
11101100010010010110010110000011100010011010010100111011100001000101100110110101111011010010100001100010101110110001001111010101111011010101111101
01000000100110101110000100001110001111011001000100110101010110001000101111110001001000100101000110011110110000111101011000111110010110000111001110
00111001110100100111101111001001000010110111011010110011001101010011110010110000011000010100001011101101011111010101000010000000101101111101110000
10001011100010101000001110101010001001101000111101101110101111000010111101101000000001101101101100000111110011110100001100101111110001101110110000
01101100111001100101111110101101100000101000101011011011100011100111001101101011101100110010110100001111001110100111101001011011000011110001110110
01011111000000010111011101111000010010101000100000011000111111100111010011101101110101001100110100001011001001111100000100101101110011111000110111
01111101010011000101111101101100001010000111000001000101010011100001100010100111111001111011001000000010111100001001011001101100101101010110010011
01101111000010011001100011100010101111000100010001100010111111111100110000110110101101011110001101100011000100000101011101000101011011001110111010
01111101010110101111100110100111010001100001111111110011111010111100010101110110110111001100101111000011010111111111000011100101101000001110001000
00001011010001000000101010101100101110101001010101010011111110110001001011110000001111000110111011111100111111110010111000100001110010111000100001
10011101001011111111000110001011100011110111100000101111011010111011000111000111011101110110100111101100100111111000111111100111001100001101001010
11011101110111111110100110110111101111111010111111010111000011101110100100011101000100101101111010010011001000010001000011101000011111011110100010
11101100011011010110001110010100011110111111110101010101001111100101101100100111111000001111001110010110001011001101111010000110000111001010111011
01110001010000110110101010001101100110111100000010001011001100001110110100100000011001100100010101110010110101111111101000010111110111011010111010
01010111011011011100100101011001101101111010111011100111100000010000101110000001111100110000010101011111001000100011000010110111010101111110000110
11100111110110100010000110111110010011111111100011111011001010010011100001001110011011101111010111000111010000001110101011101011001110011101001100
00101011001100110011100110111110011011110101110010000110101110101111110111001110011100110101000110100111011000111111100100101001011010011110011011
01111011001101111101101010001100110110001001010000110111011001011110110100101100010010011101011011100111001101001000001111110010111001111101011000
01111011011000100101001111011111000011101100010101101111111100100100101111001111011110011100111110100111101001001010010110100111000101011010101001
00000100010110111100011011001110100111100011110011100100111111000011101100010111010000101101001000110101011011110000001000011010101011111001011110
00011010111111010110101101100000111111111010110101101111111101000101110101110110100001001111001111101100011011000001101110110111111101010111010010
10000101111000101100111110110010011111010111101011010111101100100001010101010011111101001011100001000110001111010001111111011011101110110111111111
10100110011101011010101001000011101101001100100111100011001000011110011011110100111111110011011101011100111101000110101111111110111010111001001010
00111011110101100000101000100111111010100100100111111111001110011101100110001111011001111101100001000011011011000111011011001111111111010100110111
00101001101111001011100001010010010100011000001101101010110000001110001110111001000000101111001000011011010000010010101111100011101010011101111000
10010001101001010101000001110011110111011110101111011001101001011011101100110011101011110110011011011011011010101111110001010010101111111110010111
00100001001101011110110101111011010010010100001101001011000111100101100010010100100100001100010010101001000001110111010000110100110000111000110111
10000111010110011111011001110001101101010101101001101100000001010001101011110101101100001000110100000101110110110111110001000111011110111011101110
11101010010000101111111101001101100100010010110111011110011010111000001000101111100001101101010001011101100010100011111010111111101101101001111010
11110010001011000011111010010110010000111110100100111000010001001001011111110000100010110100101010110111100111110101010101001110111011101100000100
01011111101000101001001011010101001111101110001000110010110111011000110110100110110011111101111001000000001100101111001101000101100010010111001101
11001111101111000011001111111000011110111110010010110110000010101000110011100101101001010101101011110000100011001011100001100110100011001100000101
00111010101100111110000011000101010110001011001010111111100011010011110100001010100011110110111010111101011100010101100111111000011101010101011001
01001010011110000011101111101101011100111110001000000001100001110101000111001010110110111010001011000001011110111111111011101001111001011001000111
11010110000111111110101110100010111000111110010101111110110100110010010011110001110110101010110011101111001111010110110011010010011111111110101100
00000110011000101000010101100011001000011010111100111100001010100111000100011010101010011000110110110110001000101111111101111010001010011111101000
10101010011011110111101011110000111101100000100010010110011101010011000000110101010011000101111010101010101101100101100110100111001101100110110010
10100111000010001101010100011111011111000110100011011101111101001111100111101011111101010011110100011101100011101111111011100111110101100101100111
00011010000001111111001101011010100000100111011111011000111100011001001001010000111101011100101100010001111110010110101011000101011001001100111001
10100110110100101110100000110100100001001110000101100011010010100111001011010111101011110010011001101010111011001011111010111001100001110010101101
11111000111101001111101010111001100101100111111001000101110101100100000101101001111011111100110111111000111100111100101001101111011110101111110011
10100000111111100111001100001101010111100011110110010101111000101001001010101011010111110101000111100010000100101011001111100001011011010110011101
11101101101001100111111011011101101001111001111000111111111101100011110010111001110101101010010101110010101111111111111110010111100010101001010101
11111010000111001010011000011011100101001000011111000100111101011010110101001010101001001001000110101111111111111001011111101011100101010110001101
11111011101011111101010111100011000101011000110011110011110100001001001001001001110110010101111110011101100111100110111000111101111101101000001000
11111100110101011110011110101101010010010011010101110111001011011111101110111110111010000111001010011100111101010110001010010001110011101001001010
00101111001010100011100101110100101100110101111110010000110110000111010110111011010110000110111101000001000010101111010011010110101001010010111011
11101101011010010101101010001110110001110010101001101101110110111111010011010001111011011010010111101010111000010010110111000001111111000001001011
00001001011101000010111101100110110010101100110001101101110100111010000010100001000101010111110111111000011001101110111101000100010101110001001101
10111000101001010010001111011001111111001101010011100111101001011100111111000111011111001000111000001101011011111011010011010101100110101111110010
11111101110001010000110101011100010011111100000101000110001000001011111110010001110000001111011001100000000110001010101110111011001010111000010011
10011010110001110101001000011010011011010010011000100011010010111001100011101111110000110111001001111001111101001111101111000010011001000011101100
01111111110011011100011000011000111110100110010100100111110111101100110111111110111010100010010000110010010001010010101100011110001111111001110100
