010101010011110000110001010100000011001100101111111110000100100111100
101000111110111001101100000010101110101000000000010100110001011000011
010011000010100101010100111011101001101010110101110011001001101010001
100000000011111100000110101101001010011111110111100111011000010101110
001001011110111101100100101101101000110010111001101111101110111001000
101010100100100001001011000101110100000001001100101110111001010001011
010001000111101000100010111011010110000100101010011010101000110010011
110010000111100000101111100010100110110010000101001011110010100100011
010010000010100110010001000011001011100111000001010111101000100000100
010011110001110001000010101111110011011111111011010010100111000011101
111110111001110011110000010101000110100100110010000101010011100111001
100100110110000110100000000010111010101111010100101000101011001101101
111111111110000001011000101000010001010001010111000110000001100011001
110110000110001110110111100111110011101111111000010101001011100110110
010110100000010011110101011100111001001101000010010101110001010110101
001110001001010010010011101101101011101000000000100011001111110010101
000000001011011100010101110011001001111110110011111110111101100010010
011011000110101000111001001001110111100100100101011110101111001001000
110010110011011001011100101100101000100001010010111000101001110111001
101000001010111111100111111011011010011011010110101100011001111111000
010001010000100001100101000000100000110001010001101000101011100010010
011110010000011010111000100001010110000001010100111101000100100000011
000101110100010100010000010110000100001111101101111110010101110100111
100001011000011111011000000000100011001111110111110110000000111111010
001110110100110110110100011100011000110101000010011000101110000001111
101000100010001010010010100010110111010011000000100101101000010100110
001110100100101101110000100001001111101011100000111000110000100010110
100111000110011100100010100010110010010000000111000010101100010100001
011000111101010010010010010101001010100011110000100100000000110110010
001111101110010111010100001010110111111000011101101000101101111010000
011011010101011101101001010101010101000100011001001100001101110101010
000001100101111001010100110101100100011010001111101111110001101010010
011110001001001110110000101010000100000101000010100011100111110101011
010001110010000001000110011001111000100001101011110100000111101100101
110100111111010101010101011111000001101000000001101110110101111000000
101000001100111111000001011001100010100111110011110011100010010101010
011010011011010111101000101011000111011110110100100100101000101101000
000110010100100010011000110101010000101011000011000001110000010111100
111100000101011110010011001001010010110110000010011000001011110011100
100100101111011011000011100000101001101011011000110011010010101100010
001110011101010010010011011010010001111101010101010001110111001001101
000101001101111000111111111010001101010110011000111100000101011001000
101110100110010011000011001010000101100000000101001111100101111011110
001110000111110010111101000011100001100111000010001111000100000101110
100011100100010000000010000001110100000101000100010001111100100111110
101101010001100001010111000101010000100010101001111111000111000011001
100100100110101010110001100100011101011000010001101110010001110100111
101110011100100011001011000101110111010010100110101110011100000011110
101111000001000110111111011011011111100101000111000010000100110010101
111000101100011011100111101000000101001111001100001100110000000011100
100011110001000011111110101001110010001001110111010110011000011111011
110111001010111011010111010010110110100001110111011010111100010010111
101111111100100111000011000100011011000100110111101101000100111011011
001110011010011100000100010000011001010110111100000010111111110111110
010011111101001011101000111101011011110010101000010101001001110011000
010101010010001010010010001000010010010110001011011101001110100101101
001111101001010111111000110101100000101000001001001101110001100111010
100010000100000111000110100101101110000011111101100111010000111010011
000010010111010101001000100000001101001110000100000001010001101111001
011001000111111111111010000001111110001011100110000001101010111000100
101010111010110110111111001011111110101100101010100011111111001000011
010111100000001100110011010111101011011001100010101111100101000101101
011010000001000001010001000001010110100111100000001010000111100101000
100100010011011000110011010110101101110100011010001001011010011000101
101000100110111110111001001011010000011000101101111111101110000000100
100111000111100001110001100000101001111011111101011011111010011000110
100100001101011100000010111000000100011010111011110101010001010111001
010101110000010010001111111010111001000100111011001111001100100001000
011001110111101100100110100100001100000010000110101110010110110100100
