01111111111111011111111101111111111111110111011110101001110111111110110011101111110111110111111111111011111100111111111110111101111111010110110111111011
10111011111111111111111111111111111111111111110111111101111111111111111111111011101111110111111111111011011011011110110101111011111111111111101111111011
11011111110111110111011111011111110110111011111111111111111101111111111110111111111110111111111111111111110111111111111011011111111110111111110110111111
11101111111101111111101111111011111111111111110111111111111111111111111111111001111110110111110111111111111111111111111111111111111111111111111111111111
11110011101111111111011111011111111111011111111111111111111111111111111101101101111111111110111111110111110111111101111111101111111111111111111111101111
10110011111111111111011111011111111111111111100111111111111111111111111111011111111111111111111101111111111111101111111111111111111111110011111111111111
11111101111111111111111111011110111111111001111111111111111111011111111111110011110111111101010111111101111111111111111111111111011111110011111111111101
11111110111110111010111111111111111110101111101101111111101111111001111101011111101111111111101111101011111111111111101111111111111010011111111111111110
11111111011111110111011111111111111111110101111111100111101111111111111111101111011111111111111011011111101111111101111111111101111110101011101010101111
11110111100111111111111111011111111010111111111111111111111111111111111111111111111111111101111101101111111111111111111111111111110111011011111111111111
11011111100011110111111111111111111011111111111111110101111111111111111111111111111111111111111111111111111111111101101111101111111111111111011111111111
11111111110011111111111111111111111111111111111111101111111111101111111111111111111111111100111011111111111111111111101111101111111111110110111111111101
11101111111101111111111111111111101011101111111110111111111111111111111111111111111111111100100110111111111111101011111111111111111111111111111111111110
11111110111110111011111011111111111111111101110111111011111111101011111011110111111111111111111111101111111100110111111101111001111101010111111111111111
01111111111111011111111111111111101101111111101110111111111111110111101111111011111110111111111110111111111111101011111111111111111111110011011111111011
11111111111111101110111111101111111100111111111111111111111111111110111111111111101110011111111111111110111101111111110111111111110101111111111111111101
11011111010111110101111111111011011111111111111111111111111111111111111111111111111011111101111111111011111111111111111111111111111111111111111111110111
11111110111110111011111111111111111111010111111111101111011110111111111111111111111111011111111101110111111111111111101111111111111111111111110110011111
11111111111111110101111111111110111011111111011111111111111110111111111011111110111011110111111011111111111111111011111111111111111111110111111101110001
11111110111111101110111111110111111011111111111111111110111010111111111111111001111111101111111111111111111111111111111111111011111101110111111111111100
11010011011111111111011111111111011011111111111010111111111111111111111111111111111101111111111101100111111111111111111111110011111111111111011110101111
11101111111111111111101011111010111110111111101010111111111111101111111111110101110111111011101101101111111111111111100111111111111111011111110111111111
11111111111111111111110111111111111111111111111111101111111111111111111111101111111111111011111111111111111011111011111111110111110111111110111011011111
11111111111110111111101011110111111111111111111111111111011001111111111111111111111111101111111111111111111111011111111111111111111011111111111111111111
01111111111111111111111101111111111111111101111111111110110111011111111111111110111111110010111001111111011111111111111111111111101111111111111111101111
11111111111111111111111110011111111011101110111101101111111111111111101111101110111111111101111111110001101111111111111111111111110111111111010110111111
11010001101111111111111110010101111011110111111111111110111111111111101111111111111101111111111111111111011110110111111111111110110111111111111001111111
11111111111111101111111111101111111111111101111111111011111101111111101111111011111111111111111111101111011111111101111101111111111111101111111011111010
11111111111111111110111011010111111011111111111011111011111111111111110110110010111101011111111111110111111001011111111011110111011011110010111111111111
11101111111111110111101111111010101111111101111111111111111111111111101011111111111111111110111101011111011111111111101111111111001111011110111111111011
11111111111111111111111111011101110111111110111111111110011111111111111111101111111110010111011111101111111111111111011111011111111111011111111111111111
11111101111111111101101111111010111111111110111111111101111110110111111110101101101011111111111111111111111111111111111110110111101011111111101111111101
11111111111111110111011111111111011111010110111111010110111111111111111111101111111111111111111101111111111111111111011101111111101111111111111111011101
11111111111101011111111111111011100101111111111111111110111011111111111101111111111111110001111111111111111111111111111110101101111111111111111110111011
11011111111111111111111111111101100111111111101110111111110111111111111111111111101111011011111111111111111101111101111111111111111011111101111110110111
11111111100101111100011110010111111011111111111010111111111111111011111111011111111111111111111111111011101111111111101101111111111111111111111111111110
11111111111111001111111111111111101100111111111110111111111111111101111011111110110111111111111110111111101111111111111111111101111111101111111111011111
11011110101111101111101111111111111100111111111111111111110111111110011111010111111111111100111101111000111101111001111111111111011111111111110111111111
11110111111111111011111111111111011111011111111111111011111110111111111111111110111111111110111111111011111111111111111101111111101111111010101111010101
11111110111101111111111110111111111111101111111111100111111111101111111101110101001110111101111111111110110111111011111111111111111111111111111111111101
01111111011111111011111111011111011111110111111111111110111110110001111101110111111110111111001111111111111101111111111111110110111111111110111111111111
11011101111111111111111111111111111111111011111111111111111001111111111110111111100111011111111011101101111111111101111111111111111111111111111101111111
11111101011110111111111101101011111111111101111011111111111111100011111111111111111111011111101111111111111111111111101111111111110111101111011111111111
11111111111111111111111110111100011111111110100111111111111111011011111111111111111111111001111111101111111111011110011111111111111111111111101111111111
01111111111111111101111111111111111111111111010011111111111110111111111111111011111111011011111111111111111010111111111111110110111111101110111111101001
11111010111111011111101111111111110111111110101111101111111111011100101111111111111011110101111111111111110100011111111111101011111110111111111111111111
10101011111110111111111111111111111111111110010111011111101111111011111111011010110111011111111011111110111111111111111111111111111111111001101111111011
11111111111111111111001111110111111011111101011011111111111111010111111111111111111111111101111111111111111111111111111111011111111111111110111111111111
11111110111111111111111110111111111111111111111101111111111011111111111011111111111111111011110110111111111101111110111111111111111011101111111110011101
01111111111101011111001111111111110001111111111110110111111111111101011110011011111110111111111111111101111111111101101111111111110111111111111111101111
11111111111111111111111111111111011111111111110111011101111111111111111111001010111011101111111011111111110111110111111110111110111111011111111111011111
01111111011011111011110110111111111111101111101111101001111111111110111111100101110111111111111111111111111111110111111111111111111011111111111101110111
11111111010111111111111111111111011111101111111110110111011111011111111001110111111110101111011101111011110101110111111110111111111111111111111111111111
01111111111110111111111111100111111111011111111111101011110101100111111111111101101110111111111110111111111111111111101101111111111111111111111111110011
00111111110111111111111111111110111111111111111111001101111111111011111110111101111111011111110010101101111111111111101110110111111011101111111111111011
11111111111111111110111101011101001111110111111111111110111111111111111110111101111111110100011111111111111011111010111110111111111110111101011111111111
11111111111111111011111011111101111111111111111111110111011111111001111111010011111011111110111111101111100111111101101111111101111111111111101111110111
11111110011111111111111111111111111111111111110111111111101111011111111111011111111111101111111111111111111111111111110111110111111111011011111101111111
01111111111111111111111101111111110110111111111111111011110111011111101101101100111111111111111111111111101111110110111111111111011100011111111110111111
11111111111111111110111011111111101111111011111101111111111011111111110111111110011111111111111111111111111111111111101111011101011111111111111110011110
11011111111111111111111011101111111111111011111111111011111101111111111111111111111111011111111101111110101111111111010110111111111111111111011111111010
11111111111111111000111111111110111111010111011111111111111110101111110111111111101111101111111111111101101111111011111111111111100011111111101111111111
11111101111111111111111101111111111111111110101011110111100111011101110110111111111101011111101111111111111111111111111111010111111111101111110111111111
11111111111010111111101111111111111111101101111111111011111110101001111111111111111111001101011111111111101111111111111111111111111111111111011111111111
11111111111111011111111111111110111111110101111011111011111111110111111111111111010001100101111111111111111111110111111101111111111111111111111001111111
11111110111110111111111111111111111011110100110111111101011111101011111110110111111110111111110101111111111111111011111111111111111111111001111111111111
11111110111111111111111111111111111101110111101110111111011111001101111111111111101101011111011110111011111111111111011111011111111110011101111111111111
01111111111111101111111111111111111110111111101111101111111111111110111111011111011111111111111111111111111111111111111110111011010111111111111010110110
11111111111111111111111111111111111110111111111110111111111111111111010111111111101011011111011111011111011011111111111111111111110111110111111111011111
11111111111111011111111110001011111111111111101111111111110111111111101111111111111111111111110111111101001111111010111111111111111111111111110111101111
01111111111111111111111111110111111111111111111111111111111010011111010111101111111101111111111110110111111111111111011111111011101111111111111111111111
01111111111110111101111111111011111101111111111101110111111111111111111011101011111101111101011110101111001111111111111111011111111111111111111111111111
11110110111111111111111111111111101111100111111111110111110111111111111100111111110111101011101111111001111111111111111111111111111111110111111111111111
11011111111111111111111111110110111111111011111110111100111111011011111100110011111111111111011111111111111111111111101111111101111111110111110110111110
11111010111111111111111111111111111010111111110110011111001111111110111111010111111011111111111111111101111111111111011111111011111111111111111111110011
01110111011111111111110110111100011111111111111111001111110111111111110011101111111111101110010010111111111111111111101101101111111111111111111111111011
11111101111110111111101111110111111110100111111111100111011111111011111110010111111111111111111111011111111111111111111100110111111111111111111110111111
10101101111111011110111111100111111111111111010110011111011111111111111010111011100011111111111111111111111111111111101111111111111111111111011111111111
11100111111111111110101111111110111111101111111111101000110111111111111111111101111111111111111000111110111111101111111111111101111111111111011111111111
11111111111111111101111100110111111101011111110111011111110011111111111111111110111111111111111011111101011101111111111111111111011111111011111111001111
11111111011111111111111111111111111111101111111111111111111011110110111111111111001101111110111011111110111011101111111011111111111001001111110111111011
10111110111111101111111111111110110111101011111111111011111110111101011111111011001111111011111111110111111111111111111111111111111111100111111111110110
01111101111111111111101111111111111101111011110111101111111111110111111101111011110110011111111101100111110111111111011110011111111111111011111111101111
11111111111111110101111111111110111111111111101111011111011111110111011111011011111011111111001111111111111111111011101111111111111111111011111011010111
11111111111111111111011111010111111111111111111111111111111111010101110011111111011101101111111111111011111111111111111101111111011111111111111101111111
11001111111111001111111111111101111111100111111110110011111111111011111111111111110110111111011111111111110111101111110111111111101111110111011111111111
11111111111111101011111111110101110111111001010111111101111101001101011111111111110111011111111001111111101111111101100110111111111111111110110111101111
11111111111111111110111011111111111111111111111111010111101110100111111101101111111101101111110111111111111011110110111111111110111111011110011101111111
00101111111111111101111101111101101111111111101111111110111111110111111111111111111111110111111111111111010101111111111011101111111101110111111111111110
11111111111111111111100101111111100111111110011101111111111111111111111101111111101111111001111111111111100110111111111101111111111111111111110111111110
11111101101001110111111110111111101110101110101011111110111111100111111011111111111111111001111111111111111111111111111111111111110111111111111111011111
11110111111001111111111101111011111110011111111111111110011111111111111111101111011111111110111111111111101111110111100111111111111111110111110111111111
11111101111111111111111111111101111111110111111111110110111111101101011010101111111010111111011011111111111110101101101111111111111111111111011110111111
11111110111101111111101111111111111111110101111111111111111111011111111101111111111011111111101011111111111111111101111111101111111111011111111011111111
11101101111101111111111111111111111111111111111101111101111111111011101111101111111111101111110111111111010111001111111111111011110011111111011010111111
11111111011011111101111101111111111111111011110111011101111111111111111111101100011111011111001001111111011111100111111011111111111111111111111111111111
11111011101111111011001101111011011110111111111111110111111101111011111111111101110111011111111001111111111101111110111111111111111111111111111111111110
11111111111101011111111111111111111101111111111101111001111111111101110011101101111111111111111110111110011111111111111111111110111101111111111111110110
11111111011111111111111111111011111111111111111111111111111111111111011111110111111111111111111111011011100110111110111011101111111111111111111111111001
11111110101110111111001111101101111111111010111111111101011111111111111011111111110111111111111111101011101111100111110111011111111101111011101111011110
11110111111111111011011110110111111111111111111111111111111111111111110111111111100111111111111111110111111101111011011111111111101111110111010101110111
00111110111111110111111110111111111010011111111111110111111111111101111101111111111101111111111111001011111011110111111110011111111111111101111111111111
11111101111111111111111110111111111110111011111110111101111110111111101101011110111111111111111111111101110110111111111101011111111101111111011111111111
11111111111111101111111111111111111110101111110111111111111101111111111111111101011111111111111110111110111111111110111111110111111101011011011111011110
10111111111111111111111101001011111111111111111111111111111111111111001011111110111111110111110010111111011111111111111111111111111101011110111111111111
11111111011111111111111110111111111001111111111111111111010100101111101011111111111111011010111111001111101111110111111111111111111111111101110111111111
11010111111111111111111111111111111111101111101111010111011111111111111111111111110110110011110111011101110111110111111111111001111111111111110111110111
10111111111111111111110111110111111111111111011111111110111111111111011111111111011111101111111111111011111011111111111111111111111111111111111111111111
01111111111110101111111111110111110110110111101101110111111111111111111111111110111111110111111101110111111101011111011111110111111011111111111011111111
01111111111110111111111111011111111111111111001111111111111111111111111111111111111111111011011111011101111110111111111111111111111101011101111111111111
10111111111111111111111011110111111111111110101111111111111111111111111111111111111111111111110111111111111101011101110111011111111111111011101111111111
11111011111101011111111111111111111111111111111111111111111111111111111111111101011110111111010011101111111111100011111111111110111111111111110111111111
11111111111110111111111111011111111111111111111111000111110111110111111111111111111111101110111011101011100111100111111111111111111111111111111011111011
11111111111101011101110111111111111110101111111111111110111110111011101111111111111011111111111111110111111111101001111011110111111111110111111111011111
11110111010111111111111111101111110110111011111110111111011111111111111111111111111111011111001111111111111111011001111011111101110011110111111111111111
10111111111111111111111111111111111111111110111101111110110111111111101111111111111111101111111101011110111111111110111111111111111111111111011111101110
11111111111111111111111111111101011111111110111111111111111101111101110111011111110111111111111111110111111101111111011011111111111111111111111011111100
11111110110011111011101111111011111011111101111110111001011011111111111110101011111011011110011111111111111111111111101111101111111111111011101011110111
10111111111111101111101111111111111111111111111111111111101101111111111111111111111110011110111111101111111111011111110110111111101111111011110011111111
11011111111111111111111111110111111111111111111111111111111111111111111111111111011111110111111011011111111111111001011011111111110111111111111111110111
10111111111110111111111111101111011011011111111111111011111111110111111111100111111101111011111111111101111111111111111101110111110111111011111011111110
01111111111111111111111111111110101111111111111111010100111101111110111111110111110111011111111111111011111111111111110110010111111111101111011110111111
11011111111111111111111111111101111111111111111011111111111011011101111011111111110111111111111111101001111111011111111110011111011111110111111111111111
11110111110011111111111111111111101111111111101111111111111111111111111111101111111111110111101111011111111111111111101111101111101111111111101111111111
11111111111111111111010111110110111111110111011111111101101111011111111111110111111111111111111111111110111101111011111100110111111111111111111111110110
10111111111110111110011111111111111111111111101111111111111111111110110111011111111111111111110111111111110111111111111111111010111111111111111110111101
01111111011110111111111111111111101101111111111111111111011011111111111110111101111111111111111111111111110111111101111111111101110111101111111111111011
11111111111111111111111111011111111111110111011111011111111111111111111111111111111111101111111110111111111111101111111111111010111111111111111111111111
11111101111111111111111111110011111110111111111111111111110011111110111111111110111101111111111111111111111111111111111111011111011011111111111111110011
11111111111111111111111101111010011111011111111111111111111110111111110111111111111110111111111111110111111111111111110111101111101011111111111111111111
11111111101111101111110110011111111111111101111110111111111110111110011111111111111111111101110111111111111111111101111001111101110011101001111110111111
11111110111111111111111011110110110111111111111101101101111110111111111111111111011111111111110111111111111101111101111111111111000011111110101111110111
11111111111110101110111111111111111111111111111111111111110111111111111111111111011111110111111110101100011110111111111111111111111100011011111101111110
11011110011111111111111111111111111111111111101111111110110111111101111111111111111111111111111111111111111111111111111111111111111100110111111111111111
01111110101110111111101111111001111111111111111111011111100111111101111111111111011111101111101111111110011110111111111111111111111101011111101111111111
11111111011111111111111111101111111101111101011101111101111111011111111111111111001111111111111111111111111111111111111110111101110111101111111111101011
01111001111010011100111111110111111111111111111111111111111111111111011100111111101110110110111111110111111111111001111111011111111110110111110111101111
11111001001111011111111111110111111111011111110111111111101111111011111111111110110011111111111111101110111111011111100101111111110101111010111111111111
11111111111111111111111111111111110111111111110111111110111111111001111111111111111111111111111111111011101110111111111111111111110111111101111111001111
01111111111011111111110111110011111111010111011011111111111111111111111111111111111111001111111111111111011111111111111111111111111011111010110111111111
11111111110111011111011110111111111111111101111111111110111101101111111111111001111110101111010111110100111111111110111110111111111111111111011111011111
10111111011111111111111111111110111111011110110111111111011110111111111111111111111111111111111111101111111111011111101111101111111011011111101111110111
01011111111111111011101110111111111110111111111111111111111111011111101110111111011111011010111111110111100111101111110111111111111111110110110111111111
11111111011111111111110111001111111111111111111111111111111111110110111111111111111011111111100111111111111101110111000101111111111111111111111011011111
11111111111111111101111111011111111111111011111111101111101111110111111111111111111101101111111111110111111111111111111111111111111101111111111101111111
11011111011111111011011110111111100111111111111101111111110011111110111110110111111111111111010111111111111111111111111110111011110111111111111110111111
11111111111111111011110111111111011101011111111101011111111011111111011111111110111011111101111111101110111111111011111111111111111111111101011011011111
11110111011111111111011101111111111111111111011110111111111111111111101111111110110111011111111111111111111111111110111111111111111111100101111111101111
11111111111111110101111111111111110111011111111111101011011111111110111111011111101011111111111110110111110111111111101011110111011011111111101111110001
00111111111111011101111111101011101111111111010111111001111101111111111111001111011111111111111111011111111111110111111111111101011111101111111111110011
11111101111011101100111111111110011111001111011101111111111111111111111111111111111111111111111111011111111111111111011111111011111111111111111111110101
11111110111101111110111111101111111011111111111111111111111001111110111110111111101111110011111100101110111111111110011101110111111101111111111111111110
