001111110111111001110111111011011101111001110011111100111111101101001101111010010011100000100100011111110101
001100100111001000111100010001101111111111011111101001110100111101110110010111110101100101001001011101110001
110100101101010101111110010011000001010011011011001101101011101111010111000010001101101111110011101001001101
111000010011111010011001000101101001100110100010111110110110111010111011100111010110110001001111111011001010
100000101100111111101101110011110001110100100101101011111111001111011001111110011101111010111011011001001110
100000111011111010011111101111011101100011001001101011111100011011011111011100001101001110111111011011011111
111011010100100011010001011000111011111001011111111101101111111010111111100000001111011111101001111111100000
100101100010101101010010001010011010111101001101101001001101000101101000101010110011111111111010011001011111
001011000110000001110101111001000100111000111011100101000100111110010100101100111111110111110010011110111000
111010101011001101011101011110011000111101000111111111111111111101111110010001111110101010011011100011110110
110101011101111110111011110010111000111111001110100111111001111111100111001101010110111010001111011001011011
111101000110001110001110011010010110001111000010101011111110111100011101010111010000001110101010011111111011
100111110010001100010111110111001010011111010101000010000110000100100000100111011111110111001110110101111000
101111000010001011111101110110101000111001101110010010111101011101100100111100000111111011101111011100001100
110111010111110010000110011001101111101111111111100111011100010010111110111101101100111001101010110110011110
001010010111100010111000011001110010010101110111110100010101011111111111110001101111101110101110101010111011
000111100011011100111110100101110101011001101010101111011110001111000111111101110011101101111011011011111001
101010111100010000101111110000101100101101110000111110010101011100100111100010100011101101111101011100100111
111010001010010111011000110111111110011001111110001101100011110111111010000111110101110010011110011110011001
111101111110110110101101111011001111010011011101000101011111110000001011100101111111010111111011110001101011
011111000111010111110010110100100100111001000100001110011011111101110101011110101010001011101000101101011111
111011001101111011010011111110110101011110101011111011111011011101111111111111110111011101111111101110101001
101001010011101011001101010010101110111100000101111111111010101110000010010110101100110011010001011001110000
100111101110110001010110010010110110001011010111101110010111110011011001101100111101111011100011111011011011
100011001010110011111100000100101001101011111101101110001110111101010111001001100101101111011111100101101010
111010101111111101111111001100000001101000111110111110111101011011010110010011011011111110100001101101111001
100001111101001100010100010010011000001100111101101110110100101100110101111111011111001110001010100011011011
000101000100110010101100110010101001000101010111111110100100000100101110011011110011010001000001111101101101
101011010111110000110111001101110111110000111100011111101100010110110011101101101110011010000010101101001111
111111001000101110110000000010011000011111001000110011000100111100100000000111110111000100111101111100010010
010110100010011111101111100110010011111111000011111110001111101011111101101000100110111111010000110101010100
100011110111000110100101001011101101101010111110011001100010010111100111101001101001100000011011011111110111
110101110110111001110010101101010111101010111110001001010001001001111111111010111011011111011111110110110111
110001001001001011111111000010011010010111110111101110110101010100011100110111110001100011010100001001111101
010000110001101100110011000010101100101000111100010011111111110011100111001011111011111111100011111011100001
111111100000001010010100110110111000111110011101011000110011111001111100110111011111101010101100001011001010
110111111110011001001010110010111011000111110011101100010011010100001011110011100100111001011111111000101001
111010111110110110111110000011100101000100111101111001011011000101111000001000011110111100100111011111111111
110000111111111011101111111001111011000100011011010010011101101000110011110010111010011111100001100001011111
010110010111101101000110001101100101111001101111110111100010111101101111001001100111101111010100001000110011
011101000011101000010101100001111101100000101110110100110001100111110111101011001101111101011001100101100101
111001110111111111111001100101100100100100101001100011111111111000000110100001101101001111000011110011010011
100110001000011111100100111010011110110111011010011111000011000010100001011110111100010101110011101011011000
111000101000101101110001111110011111111000101100111110001011011011110110001101010110111111100110111001000101
011001111010011010110100111011011011011111110010001100111000110011111100001100000011100100000001011010001010
010010110110111100111011111110011111010110010001001000110011111010111001011010111010110110100100100111110011
111100101111011110100101010100111100101110101001101111101111110111000101011111101001111110101000010110110110
111011111100101100010111101100100101111101000110111011100100110001111101101000000010111000111100110111110101
110111111111001111000111111101100100110111010011011100111001101011001100010111011000011010100011111000110111
100100100100010101000110010111110011011110110001101101011011100010100110111101011111101001111111001010010101
111111110101000011101111111110111101110000111111110001110101111110100000001010111001011000101111010111110001
101100101110001111111011111110100100100110111010110011010111101100011001111110111011101110011101111000010001
000111000111111011001111111111100110001101110011000101101101101100010111101111000101111111010100010101111011
011011111111001010110110000011011010010101100011011110110011110101000011111000100100010110010101001010011111
111111100111010000100110011110010111000111001111101011011001100010101111100001011001011011110111110011111111
110111000111011111011111011000001111111011001100111101100010011101111010101001010100001100111100001001101110
101011110111011010011110110010100010011001011010110010100100100000011110101001010101101101111010101010110010
110111111101111111010001111111100110001001000011001110001000001110011101010011010011110111011001100010111000
101110100101100010111111100000110011110101110110010101010001100011010111111101111001101110110001111001110111
101010110110010101111101010000101111111011110110111111100010000111000001110111110110111110001100101101001111
111100101111000000111011101001100011001111001111111111101010010101101111001110001110011010100010001011011010
010101101111011101111101110011010111100101011111001001010000100111100011101011011000111111011100001101001110
111111101111010111001110111001101001001101010100101110010100000001100001100100011111100000111011101001111110
111010011111110111101110101111010100110110000010001111010101110010011101011101011011011000010110110111001100
001111101010001110100011010010110010000010111110111000100111010101011111110101110100101111101101110111110101
111011010110010110101101110000111011010110011011100001010011111010010001110101100100001010001001110110100110
010100110110111101101100001111111011011110111101011000110000111000001011111110001001010001000100111100011010
011111101101001100101101111010101101011010011101000110011110000111001001110100101110011011111111101110100001
100111110101001100110101000100101101110100001101100100111100100110110010101111001101111001111011110101001111
111001101111011111001100111100111111000111011011110010101110100110000000010111001111010111111001111100001101
011101100110001111110110110110011010101111010000010011111010110010101000011110111010010100111111100000110101
101111100011000111011101101010111010101110100111000111100111111111110000111100110010110111100101101110101100
100110111000111111010101001010111101101011000001010111111011011011111001000111011011110101101111101111001111
110011000101011110001110011100001101101000100110110101000111000111110111000110010101011100111101011101111011
100011011010011010001101101110111010010110111111011111011010110100101011000101001111010010101011110001101010
010111001011111010111111001011000101000000111010110110000011101111111111111011011010010100111110111001011001
111110010001100001101110011101001111101010100110101110000101110000101110110100011111100100001110111110011010
010100000111101110110100111111010111100111010010110010111111010111001100101100110001010110101010000100100011
010000011100001111111111100111111110101101100110001101000011000011010011000001001101001101110100001111100011
110110011111100010110101011101001111011000110100111100111111011110000011110111000011000100110000011110111111
001011101100101100011011011010011011011011100110111100100010111100111110101110100000101100110011000111001111
011111101110111100110111101011100001110111110000010011011001101011011100011010100011100111110100101100101101
100100111110110111011100011111101011011100011101010100000101101100010111101110010101011011111101111100111110
111011111000110111110101111101011111000111001010011110101110001100101100111011110110110011101110101011101111
111110011110111111100011110000110111110110011111010110001111011010001001100010001101000111011111010001110101
000110111010111000110111010110101010111010110111101011100101110100111111111101000011001111111111001111111110
001011110111011111001101111010101011111111010011111110111011110111011000010000101010010010011001010011110001
011001111001100111010100111001101010011111111110000111011111010010000111110111111100110000110001011101111111
001011111111110100111011111010101111001101010110100111100111110011010101001001000111111000101001110001010100
011100111000111011011111100100101110101111110000010010101100010010111101100000100111110000101001110100100011
101011111001011111011101010001000011011000110111111000111010101010011111111101111111010111000111110111111111
001011011100000011110110100001111100100110100001010111111110011100011110010100111110111100001011101010100111
010111110111111111111100101001011001100010000011011100011101011011011110111111000011111011010111011111011100
100101000010110101100100100001001101110100010101011111110001010110110011110110100111110000101011000110011111
001111011111111110110101101010011010110001110000111000101000101100011010101111001001110000111101001001111100
011111100110010011010111110101011010111011101000111101100110001011011111111000001010111111111110110000111010
001100100100101100011101111111101010101011110101100100101111001111111111101110000111000011110001011110110111
110111111011111011110011000101111010110001011011101110100010000111101100011110010010101111101001101000101111
111111111011010111101111010111010111110100111000110101011011111000110101110110110111010100011010110111110111
110000101001111001101100110111111000010010000111001010000001010111111101110011111110010101101100101001010101
100101101101001110100101001000011011010001101111011001101100100111010001100010111001011000111100101001111110
111111110111100010011011111110110111011011110101001010110011111110001000111100101001111110101010001110101011
110000101101100111010110110100011110110110000111101010111110001011010011011001110111111101110011111011011111
110001011111101110101011011001111100011101100111111111101110101010100010010110010010111110101111101110101111
001111011011111110111101111110000101111000101000000011110101111100101101111110011111010100101111010011110011
101011010100011001001000000110111100011010010011110001110011011111001111100000011111110110111110111110110000
000111010111001101011001101011011001011101001110100011111011111001101000111011111011010101110101111011111001
111001010011000111111101011110011110111111010101111111100011000010011110110101111101101101110100111101111010
