010001000101111001000010110001010111100101000010110100000000000000100000111
101011100000111111111111101000110111100100100111001000111101101000100100010
010011110101110011001011010000011101100111111100101100111111110111101110001
000001111000100000111010001101011110000110110011111010001000010011011100100
011001000000111001000000000110111001100010101111001101100010110010111110100
111110100000001101111110010100000010111001001110001001110101000110110111001
011101001001110101101010001011100101100011100010011001011000001111110010110
001100000010001110111101001100001010100100110011110101011111101101001101101
000100100001011101101010001011111011100100110000100011011101000101100000000
101000000010000101111001111110100000110101011011111011111010000010010000000
000000010100101110111111111011001100110001001011111001110011001111001101100
101000101000001000101111111010110111000111110011010000000111011100010110011
111110100010010011010011101010001110001111001111000011111101011101110101011
111010101000100110011010011100100110001000100101101101110100100100011101111
110011011011000000111000010000110001100111011110100101001100110110010101011
010001111110010011101100011010001101010000001001100100101011101110110101011
011000010010110100111011100001010110110101100010101100011101011001010111110
111011101100100100010010101000101011011110000100101110010000110111101000000
010101111111001110000000000011011100101001111111111110110110001011111001101
010101010110111011000100011110100110100000110101000001100101111010010011010
011101111111011110000010001101101011000111100110011100111110111110110011101
010001010011000100010010111011100110000101110101110010001011011010111010000
111101101011110011001100010100001010110111101111000000011000010000111101111
011000010111100010000000101000011100001100010101111010010001111101100001101
110000000111100011000101000111011001110011011110111100000001011111100001010
101001000111011100010110001011111111100101101110010100011110000111001010000
010100111111110101011101010000100111110010010010111100101101010001100010111
000111010100010000011010100010101101111010100101100111000110101001100000010
000010101111100100110100110101101011111010001011111110010001010111000101100
100100101010000010101100110010101000101110110111100011111111001100111101101
010010101101011001011100011111011000111011011000101000111110011111111010010
111110001001001010100001110000100100001100110000011110011001000001110101101
001110011010100101101011110111100001101000001110110111100100000010100111101
111100100011110110110101011100010010011110111001101100011011100011011001011
110101011001110011011110011010000101010101101101011001101100001001000101010
111010101001001101001000111110001010101100111001110110010010010010000111111
111011111110001010110010111111101001011001011100101011011001110110000111010
000001000110000111000010101110100110100110011101111000101000100001110000011
000001000000110001100001000111111101100010110110011111101010101000011111000
111100011101101011001111010001010111010001010001000011000100010110010010011
001110100001101001001010101111100100011000100101000110100001000100011111001
101001100111101010101110110000100010100100101110010110111100000010111100011
011110111001010010111110010101010111001011000111010111001010100101001011101
001100011101001000110101101001110101111100000000001100111000010111010101011
001011000110101100100010110010101111110001000011111101100110110100110110101
011011000000111001111111110101001010111011100000111110010101101110001110101
110111110111101010101010111011001000001001101001110101010110101011010010001
010110010111110100110111000111000111010110101010001001111001010101110010011
101100011110011111100101101111101101110000001110010111011110111110111110101
100100110111000000101101111010011011011001101110101100101101110111000001110
011111100110010011101001101010110110111000011101010001000010111010111010001
101010010000011111101000111110011101001011111110110000110000111100000001011
000100001100100001100101000111011001101111100100100000011011111001111111011
000011111110111000010000000101001010101100101011101000010011001100011000001
011011000110110100111000001001101010011011011001010100010000111011010111000
011001111110110011101011010011110101100001010111100111101111110001100010111
011100111100101110001110011001110110111001110001110010010111100101110011001
011001011001111010111000011101101010000101001110110000011001011110000010011
001010010111000100101100010101100101001000101010101011011000110101001110011
011001011011100110010101101011010100100010000101010011011100110111000011111
011010010000011101011001000100000100111000101110111110111011000110011100001
001110000001101011011111101010100001100100011001111110110111001100101101110
010000110011100110111101100101100010001000000110101111100100010011000101000
001001111011111101001001110011100000100110111101110101001111110011100101110
001111100110001101111100110010101101100101010110111000100101101100001101111
001100111010100011100001111110110110010000110011010010111011001100100000100
111011101000100101101111101101111000010001001001101010011000010101010000110
000111100101111110111110000001110100011111011011101011101000100000100100001
001110010010010001100110010001100100001011100100101011000010110010000010001
011111010011111110000010000011011011101011011100100010100010111110010000010
001011100001000010011100011000101001101110101111101010111111000000001000111
000001010010111110111011100011011111101010110000010110101001011110000000010
100110110010010010101011001011011001000000101100110000010001010111100010000
110000100001111110010010101100100111110101010001010110010111010110100111001
101001010001111100101011001001011101010111111111101111011111100010011010010
