010110011101110101110110110101110101110000011110000100100111101001001111110011100010101111001110010100001101011011000110111011101101
101011101101010110010001100101111101000100110110010010111101111100110110001010010010100111100110000110000101000010110111000110110111
010110010111101110011011111110111100100101000001110100111000011111101101011101100011101110000100011001010110101001111110010101100001
101011100101011010110100000111000000100011001001111110101110111000110101111111110101001101100011011111110110111100011001001100110111
111101001011111111010110011101100101110110111010101110011011111000011011110011100101111110100110111001100110011001110000001110001001
010110001101101010001110111011101010111111110011110101011111100101001011001001110101010011110001100001100101110010000111110111111000
010100010001111111011101110000010001000101110001110001000101011010111111011101001101010001001001000100010111010110111111110100101110
101000101100111000011000000100111011010011011111111110011011111101111111101100001011000011110110011011000001011111110001111100000011
110011010001110010111010011100010000110100110010110110010111001000011000010111100010011110000000110000101111111010111110010100101011
111101010010100111000110110001101011111100101001101011011000000010001001110001011001001011000010101010110110001011000111001011100110
001010000100010110110000001100010110000011010101011001011100001000111101100011011111001111101110010111101110010100101100100101000110
111111101000011101111101000111011111010100100100000000110101110111101010110011111011001001000001110000110010100110011111010000000101
101011111100011110111011111110000010000110111101011111001100111111101000001111111110011100101011101110101010101110100101101010101001
110110111011101111110110001101001010101011011000001100011010010100000001111011001001100000110111111000110110001000111000100110111100
001111110001110100110100101110000111010011100010100101110100111000111101101110000010110111001001101101110011100100011101101110100010
111010100111111011011001110111011101111000101001111001100011100110010001011111011101100101110011011100011100000010100000010110000101
011111101110110100001010000111011111110010001111110000110110001111010001100111001010010101110110000010010101111111010010001000010110
100010100101010100110010011000100110110101000000001001011001110110100000000000000000110010000111001011000000011101000110101101011011
100100001011111001010001100100011000011001111000011010010110001010101011111101010111100011011111000101011110100010110111100100100101
111110111011111101100010110110010001111010011001111000111111111100010110000101101001101110111100010000010110000010111110110111101000
001001111001100110000001100110111110111111000011011011111110110111111010110001110100010110001011011000100110000110100000111010010111
100111100101011000000011011101110111110101101111000100001110101010001001110011011110110000010110001101101011000101000010000000001010
101011001100110011010101001001000001011110101100011000011011111000110011111011100001011100010111111101111010101111111001011000100111
011000100001100100101110111000000110110111001101011000111111110111100001011011011011011010001010101010000101101100010100111001101001
111001100100101100111001000111000110101010100110110101111001011000001000011111101111011111011101111101110000100000010100101101110010
101011101100100101010101000111111110000010111000010101111011100011111011100011100101011000110111001110010011001110101011111010011010
001011001010111001000111000010111111110100001011010111101010010010011100000111000101001010101111001111001100000111101110101100100010
111110011011111110111100110010101100110111110001010111011011110011100110101111111001111010101000100100000100011100110111111101111111
001101000001101110011000111101111100100111000111011000001010001111000010101111101001000101110010100111011000111000101110110100001011
110111000101010110000110110010110011001001001011001000001101111100110000111000101000010111101001100100010000110101011111001010000011
111011010100000001001100011111001101100110110111010101011000011100111101010011100100000011001010110100100111010111101010011000111111
111000111011000110111100011011000011111101001111111000110110000110010111001010011110001110100110111011001011111110001101110001111000
011001010101010110101000011110100101111010111100011111100100111101111010001011000111110000110110010001111110011101100010100011011111
111010000011001111001101111110101001111101111100011100101001111111001001001101001101011010011110100000001101101111010011101110011010
000001010111111011001101111001010000011000010100111000110101111010000001001010110001000011010010010001101110100011001011101101100100
110010110101001110010110001001111100010010110001000011101100110100010001111010001101111000111000110110111111110101010101110010000010
101111001100010111011101101110111100011111011010101100110111100101011100110100111010111010011010011101101101001100111001000101110001
100011011101001111111111001100011111101001111011101110111110101000110011100110101011111000001010000100011111101111001101011101010101
000001000100010100111010100001011110110010001011111111011010100010101111000010000010001001011111100011100100110010111101101110001010
011011101101100001001111001110110100100011010000100100100010111000100000100101010110100100110110111011010000010101110000110101101000
000111010010111010011011110110101001101101010110001111000010100110100101001111010010100100100111011101010110101010101011011111111111
001101110010011001101101000111010100110110010000110010110110111100111111100011001011110011000101111101101000011001000101100110110001
010011101101101100100110110100101101010000001001101010111101111100100110100111010101000010011000111111111011101010000010000111000001
110011111010110000110000010100101111110111001101000010111011100101110000010010111111000101111100101000001001100101000100010111000011
100110010100110110110111011001011100111000110010111110101101110011001100010100101001100000111010000001111100101011101000110011001110
110000010011100010000111100010111110000010010000111010001100100011111111001001000010000101101110100111011010111110001110100110101001
110011011000001010001100101011110000111010001001010001110011000110101100001000010110011010011111010011101110010011011111100001111011
001101110110100110011101001111110001011000110010101011010010101100010010100010011101100100100010110001001100100100010111100110001011
001111111100001110010000100000010010111101101101010111101010011100111110111110110111110000101111101111110101111111111111111101000101
011101111010100110111011111110111110001001001110100101111101110101110111000110001101110110011011010010000011000110010100011010111001
000110010110110101111011000011011110111010101101000011111010010101000011100010110111010110111111100111010101111001001010100100010010
101111011000111000000100111100101100111110001000110000111101110000011011110110101111101010100000100100110110001000001110000001110010
010110011100100000101000001100001001011011111101101001110010001111000111011011011000010000001111101100101000000001100111010011010101
000001100110101101001000111100101001001010000011111010011101011111000101011100101101100111110110100101110010101101011001100011100101
111100000001001110011001111000011111110101111010111110010101000110110000101101011101100011101110100101100111011101001000101001111010
011011011111011011111011110100110010111001110011011111100101001010110101110011001001001101011110101101011000001110000010111111001000
011111010110110001011111111111100101011000111100111101000010011110100111000010010000101110001011011001101010010101110011111001111111
110101101011101010111101000001011011110001101100010101110000111010011111010001101110111101011011110011110100111111100111010100111010
100111011000010110111111011110010000111111010011101010001000100001010000110111101011101100111011111111100110111111111110010000001001
110011111001000101010011110101000110100000111010010101110000110011111010101101000000111111101101111111011111110110001011000111010110
110111010001101101011111010101001111111111111101010100000111010101111111100111010001101101010011011000111000000101010111011100000111
011110110001111001011011101101101111000101101000111101001101101011000101111110010011001001110101010101100000000000101011000111111001
111110111010101010110110100011101110010101100001100011011100010101010100010011110100111001110100000010011111010111100100110110100100
011001010001110111011001000011111101100011110011111011101000101000000001110111111010010001010000111100110010010100000110010000010011
001000100101100111101101011110010110001010001110000011111101010000100001001000111111010111001101101001111011111110101010101111011100
101001010001100010001001010110001100100000011100011011000011111000101011110100000111111110100000101100111011111110110111100110110011
011100110011101001101011010101101000011111110110110000111001100011000101111101010011010100101001000010001101000001010001101001101000
010110111010001110011010011001111001110001010101110100110111101000001000010101010101101010100001101001000101011000111000111110111000
101011111111101000101100111000101100101001001110100100000101100001010110001111010110000101001010111110011011111110000011100100100000
111100110010001000010000001100110000101011101110110011011100111000101010011001000111111110101000110100100001100111100100110100100110
110011110001000000111010010110011000011001100101111110001101100001001101100011110111010001011111011101001100010010110111110111110101
101111110110011110100111010000110111011011000100011111011100110111100010101000110101110000100000010111110010100000011100111111011010
100110010111011010101110010111000001110101100001101100110011110101100011000111110110101110001011110001001001110011101110000111101011
101110101101010100101111100001100001100000011000100111010110011101110100001010111111100001010111111101110111100001011001011010110000
011101110000111100100011100111011111000010000110100011100001010010101101010011111010001101101010010010110000010100001100011101001100
001100111000101110110000101110000100110110101000110101100011110101111000100000001101100110110011000100011010111111101011101001111010
110110001011111110000111111110111011011011110001111110011010111100001010111001100011011011000101110010000100011111001011011100101010
101111101111110110111111111110101100000111100100000010110111101100111110101010011110111100101001011011001011011001001110011100101111
101111001001100000011010110111100010110000011000101101000110001110000011111010011011011100011110111011111100111100101010001101100101
010101000111100100101101000100010010100110110011101010101000111110111011111001101101111101001010111101001011111010101010010110110010
000000110111110110010101100111010101110001011001010111110110000110000000011101110101001100110110100000011111001100101011110100110111
000111100010100100101100111000111101000100110011111101100100001011011111110101011001001100000101110110001001100111110000010011100100
111000011011101010100101100000011000111111010110101100000110010111101110111011100001001011100101010100110011001011011001001010010100
001111110111010100110011111110001111010001111001111101110010110011110111010110111110010111010111111011101101101011000111111011100101
111010000000011101110100000100001001110111001001110101101111101001010101110101010000001101100010001001000101010111011110011110001101
000011101000101011001111110101001101110001000010111010000101001111100111000011110001000001011001000110101011100111111000110000100011
101110001111100000010011111100010101111000000010000100011111111001010100101011111110100011100101001011110001101111001100011001001010
111110001010101110011010100011010000000110010101011001011111100011101100101101111101100010010101101000101101011010010100110101011000
111011011110001001111001101101110110100001100010011101101001000011010100100110000011001100011010011110011101110001001001000101000101
110101110111001110100000100011100010001001010100000001110101111110001010011010010011111000100001111010011011111010100101101111100100
010111010010110110010000011111011001000110011101101101100011011001110101001101001010101001010010011001001100001010010100000101100110
000001010000010110110110110010001111101100111010011001010110111100000010010100101001010110101111110011010101000000011110001001001011
100000100010101000111001101101100101111000111110111010111111000010101110101001110000010010010101110100101000001011100111111110111001
111010010010010011110110111000011100001111010110101011110001011010000010010010101111001100011010101011010111110111111010110000110110
110110010110110111101111011010111110111110001111111011111110100000001010111100111001100010110101110111111111100111101011001011001111
000101100001111101101010111001000000001011000010111010001111110010110010110111000111011101011010010100010111011011100110100011110000
000011001101111000000011100111110101001101110101101111110111000111011100110010111101000101011110000101100011100101100011001000000100
101110011011010100011010100000111011100111100011010000001111110100001111111011110111000011111011000101001011010111011010111011110001
001110010100111101001111111000010000100111110000100010011011100111011010010001110001101111100100000100111011111111101001010111100010
110100100010101100100110111111100001110011100100101111110011010101001111010100010110010010001011111010110101101010011011100001010110
010100010110100011000001011010010001001100100110111000000111001000101001001011100101011011010110000100001011111100110101011000110111
001111010010001001100110101010011010101111101111101001111111010010010011110001110001101000110110110000110110100100110010111111011110
000111001111111000001110100000101011101001101010100111101110110111000101011000100011011100001010101101010111001011000010011010100111
001100100101011110110010110011001001010110101100101101010101101111001001011100101010001011010111001101100100000010101001111110101011
100000001010100100100110001010011111110001111111000010011001101011101010100101111101010111101010011010000100001110101010100101000101
111111101110010110111001001100101111111010001011101100100111001000110010010010101001100110110111000101111011001101110111000001010001
001110101111111000111110010000111011010010100110010101101011001111001001010101011010010001000111111011100100010011100110100011010101
110001111000001010000101010000110101110000110000111000100001001011111100110001011111111111010111111110100100011110111010011111110100
001101001001101010100011100011010111011010111101101001000111000011001101110100110101011011000110101111000000010110011111111111110111
100111111010000011000000000111111001001101000110101000101111001111011010101111110000100111000101011010000011101000011101001010111011
101110011100110011000011010110011100110011101100101101110110000011011000000111111011001101101001001110101101010111001111011011011001
000100110011101011001111011101111101110100010101110001111111101111001100001110101100111000000110111011001101101011001110010011100000
110001111101100110111010011000110110011010101110110000010111001011001110100110010111111101101111011100111011101100010111110110011101
101010010100000011000110001001101111010101011010101011101110101000100100110111000111111010001111111000100110001100111101000111010110
011010111010110100111010011110101000101110001000100010001110011011010110100100111100010001001111101011011111000001010101111011011011
011110111001011010110011100101000101101100000011110001001010100001110011010000000110110100110100010111000101110011101101111101000010
001100101011011000010010011011110010111010001110101101100011010010010001111111111010111010010110011100011001111101010010111011010101
111001101111101001110001101111010001011001010111110110000110101101000111101001000001101101111001000010000110111111110011011010100110
111001101101000011110100011111101110000010100111101110011111110111001010100111111001100000011111110101101111101110001101111100110100
010101110101101000100010010101010111111011000011100011001101110001101010010110001011000011001010101110010100111011110110001011101101
100001110010111001111001111110011111001101001111101001111000001011111111000100001001010101001101010101011010100010111010010011001111
101001111001000100011011010110110001010110011000110010011110101100010111011011011101111100001100011011110001101110111110101100101110
100110010100101011001011111101100110011010000000110000111000100010110001011111100011101001011010110011110001111000111111010001011111
011111111010011101110000101110000110111111110101101000010101111011011111101011111000100111101000001001011001100011010010010011001011
110011000100111100011000010001001101001011111101010011010001011011010011110000010111100001001011011001110011111111101101100100100110
101001000110000001010001100100011010110110111010100111111001010010100011101100100101001111110011011101001111101101111001101100101101
111101101100111000110011101100110010100111000110010101101100011001111110110111111101010001101101011010110001110100000111010011011110
010101000000010011001000110100111100110011000010011110101101010111010011010100011010000100001101010111000111111011101010001000101100
100011101000110001010101010110111100001110001111010000111110010010110001101111000000101100011010000001010000011010100001111101110000
110100100111010110101010000100101010010010001000100011001001101010000110001001101111100011100110100111101011100011001111111011110000
010100111110001011001110111111101101001010011011001100101101100101000101100111011000011000110110001111110000110001110100111110100000
111110011001100101101011000111101000110011110111110011001010110101000010100001101001110010011010010010111110111010101001101101000000
