00111100011111100110110111111010101010101100111101000000010111110010000111110111010001010
00101101011001101011110000001001110001110010101111010111011010111111100011111110111110110
11001011111111010111100101000000101101111111110100110101001011101110000011110101111111011
10001100010000001100110001101011011000000011110111111111110001110011111100001111111101111
11110001111110000011011000010101110010010001001011000001011010010110011111101101111001001
11010000110101110010000110010110111111001100001110101101000110010010001000000111011000101
00100001010111011100011111011011111111110011000111011011110001000100101110001001110001110
01101010010101011110111110010101010010100101100010111011001110100101001000111111000110000
00101100010111010000001011010101100001111010110100011010011100111110110110100101110010110
11111111101010110000010001100110111100111010110010001101010000111111010000011110111110010
11101000010010000110010010011111000111001011010011111110111010101100010100011010000010111
10101111100001100100011101011101001011000101111110000100111010011100010111000010111111110
10101010111000011000011100110110101010010111101010111001001010100011100000101010111000101
11100111100100010011001101101000101101000000101101010001011101001000110110111000101000111
11000100010100001001111101010100100111010110101001111101110010011100011010111111111110110
00100111110011000110001100001011100110001000110011101111001010000110110101101100111010010
01010011000010100011101011100001000011111101011110110101010100111100100101110010111011111
10110011001100010001101100011110001000000100101001011010101001010111110101110110011011101
11101101001001011001101110100011000111101011001101011100110111111010101011110100111101100
01101000000001101110010010110111000110010100010100011010111001111011110101010110010111100
11110001000000101110010111011000111100111011100011010010110011111011100111110101100111110
11011011011110100001100001001000000111011101011110010001011011000110110100010001000010111
00001011100111111110000101111111010110011101100011001101010101010101101001100111000111111
10100111000111110110101010111000000011001000011100111110101010111100111100010111110001001
10000111101000001011100101001100110111010001110111101110110010010110111001110101000111101
10110010110101101000111010101000010011001001010111000101101101101000000101010011010110100
10010000010011001011001101001111100101101101011000001110001001110110111000001111010001111
10001111101110100101101100001111100011111110010100100011011111101011001111110101011111001
11010010001101010100111111110010010111110000001110100000111001010101111111100101001010100
00001101111110100101001010110011011010000111100100011000001001010101011010101000011000011
10010110011010010111001000111100010101110110111101111000100111111101111010001111110011101
01011011101100011011001000110100111011100001011110111101001000101011101111110100110111110
11101110110011110000100010110001000111100101101010011101011010011111001100110011000000101
01011111010000000000101011001111001011011111100000100100001110111001000111101111000110011
10110110010111000100100000000101010111101011011110000111010010011000001000111110100100011
00100110011001110011111010101010101001100101001110010101001100111100101001110110111010101
10001111001110111011011111011101111001001000011100111001111011011010000000010101011011000
01100110101101101010010111111011111110111010110111100111110011100101110010001110011001101
11100011110000001010100000111011101101001100011011110010101100100010000101001011111000110
01101010110010101001111010011010010001000000101111010110010111010001011110001010110101110
10100100111000011010111101110000011011100000101100111111000101100010001000010101101011111
10100101000110101101011000110110110100100000101111011010111001001101101000110111111001110
01110010111010100010100000010110011001000000110001101111000101101110111100001110111001100
00111011001110001010111011100101111100000000110011110010001000110000100111111001110110101
11110001110111110100101010000110110001011111010111010001010011101001110101100010010101111
10110000111100011001010111110011001011100011100000001011111011001010001101100111101101011
11001100000111101110010100101011101110111100000110001011101110100111101110110010010001001
11110110100101001011010111011111001111011100101011110111000000000100000010010111111000010
01011111011110011000111011001001101101110101101101001000000110111110001001001000111101100
11011010001001110110101011000010000001110111100110101110100111111000100110000011111010000
00110101001010111000000110011011010011101011000101001001100111101110101101011100010111101
01110011101011101111110100000111100110111101100100001110101111111111111100011101111001001
00010111111010110111001110100111100010001110011011110110101010000001101100101101110001101
01110100011100111010001111100001111101011010000101011000101111000101110000010101110010100
01010011101000010101100110110000001001111111011101011001011101100110111011010110100010000
01111111010011111000011001010001101111001010111100100010111100111011110011100110010001101
00010010001100100111100111001010000011100100011001111101001000110111111111011001011110010
11011010111101101011111010011000101011010100110000000011001011011011010110110111101001111
01101001101111010101010101111101110110100101011000011111110001111011111110101011011100000
10000101100001001010001001010010010100111010001011110111000010010011010001110110100000101
11101101001110110010110110010010111011010000111011111100010101100111001011111010110011001
10110010000001000111111001111110000011011110110001110110011010101111110100100111001111111
11110001111010001011100101110011010101101011101011110011101011011110111100000010110000100
11011100110100101111101110101110111110010001000011010001111100101101111011001110111111100
01100000111101101011100101010011111110000110110011110001011001110100011111001101011111101
01101011111100111100011110101110100101000110001110110110100011111011000001110111110100111
11111100110010010111110010110001100010101010011010110011111111100100000000001010110100100
01010001010010000101101000011111110001010100101000011101111111010100111101000010101100011
01010010100011011111111110101011000101000111101001111111101001110001010111101010101111111
00011000111101110101010110101110000001010010100000010111111101111001100001010101100101001
00011111000000100010001110111111101100011110011010111010101010111001000101011111011011001
10011010101101011101110101011001110000110011111001111000111001101001101010000000001100101
11101010100101100010100000011111010001010001001101000011111010011000100101101101100111101
11101000000100011111101011011001010100100001110010100011100110011101111010001000001101111
11101001100011111110101010011101111100000101111000001001011111000100100010010111000001001
11100001011001101111110111010001101110001101001100110110110110000100011000101111010001000
01011011011011110000000000100110011001110011000010111000101010011010101011010001111001010
11111101110000110111101110111011011111001110010100111111010101011100011010110010100011010
11010101011110101101001101100010111101110110111101000011011111110111101000110100111001000
10111111100000100000111111111010110010101101010101011100111001001100011010111000111011110
01111010110111111010100100000011001100111111010111011110010110110111110010001111000111001
11111110110110111111000101110111000111110111101111111101101010111110001000011011001111111
01111100010111111110000000011100000111101110010111010000111001011001101101001011010101101
01110001010100100011101011010001011000010001110010100000101001011111110111000000111010100
01100001111100111101111011011011010110001001000001100110100011011000101010000101110101101
10111010000100001111101110110011000011011110111010111001010011011000111011111111111010101
01010110101111101111111011101011100101111111100010101101010101111110100111000001011111011
11110010111101111000111000100101011000111100110100000000110001000101100001001101010000100
00111100001011001100011110110110111101001001111000111001010111001101111111100000111011100
