00111101000111011101011010100000000010110010010100101110001101111110010000110100001000110111011011110100011100110000
00101110010010110000111110001000011100111110011111111011011110100110001000111100111111101000011010001101011100011100
11010000101001010110111001100000010000110000110011001111000010111011101010111111110000010001001000111111110010010010
10101100101110111011011101000010010110100101110100100100111110000110100111000101000001100010001010100110111111010100
11010001011011001100000111011110010001110100110011110011010100010010110000110000111101111100110010111101000011101010
11010000001111011101001111101100100101110010100110110010110001001000001010011001001111011011110100011010110010101100
01000000001110011101000100110001011110010110000101001110000101111111011011111111011011111001111011100011000111011011
10001000011110101010010101011001110101001010101110011010010111010110011010110111001000011011010101010011110101111111
00110000000101001101101111101111111100010010111110011100111000101011101010110100100101110100111010000000101001101011
01001001001011110110010111101100011010011010101011000110010010111101010011111000111111101110001010000101101100101110
00111111010011001101101101101001110011100011110111001001001110000110011010011110110001011101101101101110011001110110
10010111100011111100101100101111111000000100011000000010011010110111111011100010100011000101111111110001000101011110
11011111011101010101101010011000101110110001000111111110101011011101010101001110101000101001100111011101011010111101
10101100111110010111111000010010000000100101000100010111011111001110110100001001100000011010011011011011010111101110
01010001010100000111001001010011010110110011111110001011001111111101111000111001100100010000001011111010011111000010
11110110010111001110101110011000110000000111101101000101110111001001000110011101111111111111100100000001010110111010
10011111101100010000101011000011010001111010001011111100101101110111101001010001101110011100110101000111101111101110
10101110111111110010110111100010110110001110010101100011101110111110010011011100000101001000000100000000111101101000
00110001010001110101001010101100110010000110110011100111110100011111100011110111101101011011100011011010000101010011
10010110101011100010011101011111001111000101100001110110001000000101111111101010010001010100100001000110010010100110
01100000101111011100000110100001111111010111011011111101010000011101101101011000110111000100000010001100000011001010
11110001010001000101000110110111100101000010110111110001101110010010011000111110110110111100010010010110011110000111
11110100101111111011000011011110110011111111101001011110111110100110000100010111101111110110111000011110011000101111
01011111111100010101110011110001001100010101011111001111010001101101100110111000111010111111011010011110000001110110
11001100110010011110111101110000100110010100010001000111001101001111100001101100101011110111101101111011011111111011
00111101111000101101001110111010001011011001000011000111000010010101111111001000010011000000000100010010000001001110
10100110111100000110110111010011010010010110101010110110000001011101010111110110100010110111100110110111100000101101
00001011000011110001011111101101011010011011010111010010111101001100101000011100001100001011111011001101000010001110
01001101111110010011001001010000001001101100111100100111011000000100010010111101111011101110011111100000100100110100
00001100110100000011011000010011011111011101011111011001010000011010001001010010100101111001000011011100100010001001
00011000100101101101011001100101001001101111010001001100011001111010100110101100010110111011111001011110010001001100
00000011101100101001110100110110110010101011100001101001011011001111100010111110101101001011000101110011100010011111
00000101101110010110111010000001001100001110110101010101001111111001111101011010100101000111111010101101010010100001
01111011111100111110101000110101001001011111100011100101010011000001010111100011010010110001101001010011100110100011
01000010110110000001100101011110110010000000100010101101110101000000101011001100011110011010111001110100000101111101
01010111100010100101110110000100100010110101010001111010010001111000001110011101100101111000101100100010101010111100
10010010011010100111101011110101001100110110100101110111110100011110110011110011101111011100100000110001110100000001
00001101001000001001111001001110010000100100011001010110000011101010111010101010101110101110111000001011101001011101
11111100001011101000001000001011000111000010001100101100111001000010111001010100010110010000111100001110000100110101
11101110110010101000101111110100010110001110110001100010001100011101001110110001111000101110011001000101101000000111
01000001010000001100001001011111110000010101011000000101011011000111011111010011001001100101001001111010010111011011
01011010000101010111101110101110110111011010101100100010001000100001100101111110010000010101000000011100111101101111
11000111111000111110111000110011110010110101000001110001011001011001101111111111000110111001101011000010000111011100
00010000001011110001101101010111010100001010101010110110111000110000011000101000100010111101001010000000111000000000
00111101111000110011011000101001111010010101000010100001010011000010110011011100010000011000000001101011000000001101
11111000101100100110110110011110100101011000001011110100100001001111001001011101010110001101110001001010110111001101
01000001110100111000101100101100000001101101010001100010000110111001110011111010110001010001010010100111110000001011
11010111101011110100010100011100100010100100000000010110111100011011101111101000101011010101110111111101101000010101
01101101111010101010110101110100011000000001110001111001000111100111100001010100100111000000110011101101000001101001
01101010011010011111111111010111110111010010011010110000101001111000011010110100010011111010100101011011100101110011
11011100000010001111110000101001011110110111111011011011011111010010011001001011111011011000010110010110100010110110
01001101100011001001111000110100100111000011010111100101011110010110111010000000000011101111101100110101010101001011
11100011101010101000101100000111001100100000000010100011110111110011011010111111011000100010000100000001010111011001
10110010110011011011101111101010111011101001010100010010011001110010110110111101110010011110110001000111111101011001
11101111010111100111001111111000000111010101001100101100011011001111010001111010001001011001101001010100000100111100
01101000001001110110110111001101111010001010100010111000011110001101011001100000111111101111100101000010000011001110
00010100100010011110011000010000001010100001010101001000000110110010110101011111111010000011110010000100011110001110
01011101110101010010101100011111011110101011100100111111001111001111100011111001101100000001000011001000110110011010
11010000101111101101011010011011100000111111000101110111010110011101100011110010000011100011000101101101001101101011
11011011001001111110011010010000101010010000001110111001111001100010000000111001001110000111111000011111011000010001
01110001011111110100011001000001110001001000101010111011111001100001011000000000000111101001101100011000001001011111
10000111000011111000000110110011111101101010110011101110010110100000001101010101101001011111100001001011110100111101
11100010110100101100001100000010100101000101001011001100100111011110010100110010101010010011010010001111010010011101
10101011010110101110110001100110100110010011001101111100101000101001100001110111010111110101101110001110100110110111
10100110110011110110100110110111100111010010011101000011011000110110101110110001011011011100000111110001100111011011
11010011011111101111101111111001000010011000010010010011011000101011111010101110110110111010111101101001110100011000
11111011101101001110011010000111000011101000110110111110110100101101011111010100100001010101001110101011101100000110
00100010110110111011100111100001110000011110011110001011011010010110001011011110011000010101011111000110001110000111
00111000100101101011100111010011101011100110101110010100111000011100011111000000110101001101111101110000110010101111
10001011011111100101010001101000110011101001101001111111100010100110100011001000101110100101000111111010000001010001
01100111101100101001110001010100101101111011010101111001000011001111100011100111111101110011001101100111110111011111
00010000000011010001101101100010110100011110000100000100100001101010100001101111101111100000101000111011110001000011
00110111111100010111000101101011011111011010101101011100011000001111111001011110101110101011110111000011101010111111
00010010010110001111100011100100111010101110111110100011111001010011111110000001011100111001010111011001111010110010
11101011110100100011010110101011010011010111001101001111011100111100001100000010100100001000001100010010111000011010
11101111111000111110111100111101100110111110111011001110111101111011000010001000101010100000100100101011001001011110
01100110011011110101110111011011101101000111111100101110110100000101010110010110010110011110000110010101010110111110
11110011101010010110011010111011001100100110110011001100100001010111001110001011101000101110001010101001000110001001
00100011001110000011011000100101110011001110001000101010101000110101001110101101101100101011110000111100010100111000
00110111000001111010001000001000010110011010010000101100110101011000001101000110111111110010011010110001110010001000
01101000111111111010111110101101100111010001001110100101110001100110111110110111010110011011101100111000101101111001
01101010011000010001110101001010011000110100111001101101100000011101101001001001101000010101100111111001010101101010
11001111010010011010001110011001001011011000000100101011110101101001011111010111010010111110010001111110010000010100
01001100110000111110111000010111101111100010010010000001010110010100111111101011100000110100111001111011001011100100
01000110010100011000111111101010011011100011010111110101101110111100010110011001101001011011110100001110011101010101
01011110111100010111101011001101100110001000001111110011001011011010101100000001000010011000010110011110110000100011
11011010110010010000011110101110010101011011000001011001001010010100011111010111001100011111001110101110111010010101
10101111101001111011011110100110011110100111101101100110000001111111001001001001111111101111001000011011010011000110
01001111011011011110010100011111001111010011110001110111000011001100100011101110101011110100111011110101100011000110
10001000111100011001111110101000100011011101010100010101000101011011110000001100011100111001110111001100100111101011
10010101010001010010001110111011101001010000000001011101101101100100001010001111101010110000100001100011101100011101
10100111001110010010000110110111110000001111011100010011111111110011111011000010110010110100111101110011111100011010
00001110101110011011001010110010111111100010010111010111100111010100100110010010110110001111001110010101010111110000
11001111100101001000011100011010101001110000011110100100100100100101100011000011001111001101000101111111001000110011
11110010111101100000001110011010111101111011000000010010000110010111101100100101100100111001100010101001101100111010
00000101001110011100000011101001000100100000000101111001001010011111111011111000110011100101110000000100111011011101
11011010110111100010110100111100100000000011001110100000110000111011010011001101010001101100101001000101000000110011
10000011001111101011000010011111011000011010110111000111011001001101111011000000011100001111010010011101010110100011
10111010001100100000000010101001101110001000101110010000001000001110111100010111111100101011011000010111101000000111
10101101000111100010011111100111011010001100000101110010000110001000110101101011111101011001110001100010111010101001
01101100001011100010101110010110100001101100110111000000011111110110010101010110111111110100011001000101101011110000
11111000011010001001111100110110101000110100001110110110101100110001001000001010001011101100110111101000000000101001
00110111001001101011011111100011010101101010111001100101000101110011011110110000001111110011010000110000100111000111
01101011010111011000000010110001110011010000101111011100001101101110001111011101010100011011111011101000110101111010
00110101110000001100000000101101010111010101011101100100010001011110101111100001100001101111001100111011010111011111
11110101001011110101011010000010100010001101011000011100110101100100101101101011011011110001100101010001101010101010
11010000111010101100011010000000000101010101000100000100101110000011000011110000100110100011011100111000010110101000
11010011010101111110010010001000011010101110010001011110111001011111001000001110110010000111101001000011101000100100
00111110000011111001110010010101110100001010010000101001110000111001101011001101000100111100100101011010111001100111
00011011101101101110100111000010001001001110010011011101001010001000011100010000110110011100100100001011100010110010
10001101111011011101001110101000111100100100000011100010001001010000100011001010110101000100111011011101011111001001
11110011001110010010000110001001001101101010000101101110010111111100011011111010101010100011111110001001100001001101
01001111110111011100101011110111001101001110111010011111111011101100101010111111110000000111001100010101111000110010
01010101011111001001011101111011001101110110110100100011100011110011101010011000001110111010000100100010100110010010
00101011111101111011111111010001010000011100001001110001111010011011101111111000010001011101011011100011110011001100
00000011100010000010011010100101111011111100111111011100001111111001111110000100100011100110010111110110100010110000
