011111110101111110111111101101111001111011101111011110111111111111111011111101100111011011111111111110000111111111011111111111111010101111101111111
101110011111111111011111101111011111011111111110111111111101101111111111111111011011111111011111111111111011101111001111111111111111111111100001111
110111111111111010111111011101011111101101111111111111101111111111110101011111111101111111111101110111111111110111111111111110111111111111111110111
111011001101111111111111111111111111101101111111111111110111100111111111111111110111111111010011111111101111111111111011101111111011111101101101011
111101101110110100101111111101111001111001111111111111111111111111111110111111110111111001011111111011111111111111111111010111101011111111100111111
101110111111011110011111110111111110111111110111111101111111111111110001111111111111111101111111111110111111111111111001110111011111110101111011111
101011001111111001101011111111111111110111011011111001011111110111111111111001101111100000101111111111110100110111111111111111101111111110111101011
111001001111111111111111111011111111110110101111001110111101111101100111010111110111111011011111111111111011111111011111101111111111111101111111101
011111110110111111111101101110111011111111100111100111011111101111011111111110111110111111111111111110111111111111101111111011111110101111111110011
111111111011111111111001110111111111011001111111111101111111110111111011101111110111101111011110111111110101110111111011011011111111111111111111111
011011111101111111111111101111111111111101100111011111011110111101111111111101110111111111011111111111111011111111111110111011101111011111111111111
111101110110101111111111111011111110111011001111101111111110111111111111110110111111111111111111101111110111101111111111010101111111111011011111011
111110111111011111011111111011111111111111111111111111111111101111111111111111111111111011111110010101110111111110110111111111011111010111111111110
111111111110101111111111101011100110111110101101110111111011111111110101111111111011111111111111011111111111101111100111111111101111111111101111111
111101111111110011111111111111111111111111111110111101111111101111001011111111011101110111111111111101111111111111111111111111101111111111110111111
110111011111110011011111111110111111111111111011111110100111110111011111111111111111111001111010100111001111011111101111111111111111111110110001111
111101011111111101111110111111111111111111111110011111011101111111111110011101111111111110111111101111111111111111111111111111111111111111111111110
010100111111111110111010101101111101111111111111111111011111101111111110111101111101101111011111111111111011110111111111111111111111111100011111110
101110111111011011010111011111111111111111111011101111111111111111110111111101111111111110110111111011111011111111011111110111010111011110111111011
111101011111111111101111111111101111111111111110101111110101101111111011011011111111111111101111111100111111111111111111101111111110101101110110101
111111111111111111010111111111101100101111011111111111111111110111111111111001011111111111111111111111111110111011111111011011111111111011111111111
111111011011111110111011111011011011111111101110101001111111111011110111010111001111001111111111111111111101100111111111111111111111011011110111110
111111110011111111111101101111111111110111111111111111101111011111110111110110111101111111111111110111010110111111101110111111111111111111111111000
111111111111111100111110111111111011111001111111111111010101111111111111111011111101111111101111110111011111111111111111111111101111111111101111110
110111111111111111011111011001010111111111011010111111111110111111111100101011111111011110011101111110010111111011111011101111101011111111111111111
001111110101101110111101101111111111111101111111111111111110111101110111110110111101111110111111110111111101101110101111111111111111110111100111111
111110111011111111111111110101111111101111110011111111011111111111111111111111111011111011111110111110111111101111110110011111100111111111111111111
111111101110001111111011011011011111111111111111110111111111111111110111110101111111110110111111001101111111111111110111111111011110101110111101111
010101111111111110111111010100111111111111111111111110101111101101111011010111111110101111101111110111000111111111111111111111111111111110110111111
111111110111111011111111111100011101011111011111111101010111111111011101011111101101111111011011011101011111110111111101111111101110111110111111111
100111111111111111111011011010011111111111110111111111111101111111111111110011111111111110111101111111110101001111111101111111111111011111111110111
111111111111101111100111111111101011111111111111011111111111111111011111110111111011110110111111111111111111111111111111111111111110111101111111111
111111111111101111111111011111110111011111011011111111111111111111111110101111111011111001111111111110001011111011111111110111111111110111111110011
011101110111111111111010111111101011111101111111111111111111001011111111011111111001110001111111101011111101111100111111111111110110011111111111111
011101111111111110110111111110111101111111011110111111111111111100111101111111111111111111101111110111111111111111111110111111111111111111111110111
111110111110101111110111111111111110111111111101011111111110111101111101110111111111111111110110110110111110111111111111111101101110011111111111111
101111111011111111111111111110110111011110111011011111111110011111111111011111110111111111111111011110111111111111011001011111011111101111110011101
110011111111111111110111110111111111101111111111111111101101111101111111111111110011111111111111111111111111111111101111110111110011111111010111111
111111001111111111111101111111111111110111111111110111110101101111101111110111111111111111111111111101111111101111111111111011111011111111111111111
011101111010111111111110111111111111111011111110111101111111111101111111111011111111101011111000111111111110110011110111111111110111111011010111101
110001111001111111111110101111111011111101111111001011111011111111111011111111011111011111111111101011001111110111111101111111111110101101010111111
111111101111101111111111111111111111011110101111011111111111110111011101111111111110110101111111111011111110110101110111010111110111111111111111111
111111011110111111110111011110110101111111011111111111110111001100011101111111111101111111111111111111101111011111100110111111011101111101111111111
011111100100101111111011111111111111111110101101110111111111111111110011111100110111111100111111001110111110110111111111111010111101111011111111111
111110110101111111111111110111011111111111110110111111111010000111111111111110111111111110101111111111110111111111111011111111111110111011111100111
111111011111111011011111010111110111011111111011111111111111111111111111110111111110101111111110111111000111111111111111111111111110111111111111110
111111111111101111111111111111111110111111101101111110111010111111110111101011111111111111101111111111111111111111111110111111010111111110011101101
101111111111110101101011011111111101111011110110111111111011111111111111111111111111111000011111111111111011110111011111111000111111111110111011111
011111101101111101111111111111101110011100111111011111100101111111101111011110011111011011011111111111111101101111111111011101101111111111110111100
111111100110111111001011111111111111111101111111101111111111111111110111111111111111111101111011111111111111011111101111101111111111111110011101111
111111110111101111111111111011111111110111101111110111111101111111000111111011111111111111011111011111110101111101111101111111010110001111111111111
111111011111111111111011111111111111111101111111111011011111111111111111111111101101111101111111101111111101111001011111111111110101111111101111111
111110011011110111111011111110111111111011111111111101111110011101111101111011111110011011111111111010111111111110101111110111111101101111111111011
011111101111111011111111111101111111111111111101111110110110100110111110111111111111111111101101110111011111111111010101111111111111110110111101111
111111010101111100111110110110111111111111111111111011010111111111111011111111111111111111111111111111111101111110011111101111111111101111111111111
110111111111111011111101111101111111101111111111011111101111111111010101111111111111110001111111111111111110111111111111111111110111111101111111111
111011111111111011101110111110111111110111011111011110010111011110111100110001110110111001011110111111111111111111110111111111111111001111111111101
111111111111101111111111111111111111111101110100111111111010011111111110010001111111111111111111111111111111111111101111111110110011111001111111111
101111101111111101101110111111011111100111111111010111111101111110011111111011111101111111111111111110111111111111111111111111111111111011111111110
111111111100111111111111001111111110011111110101111100111010110111111010011111000111011110111101111111111101111011011111110111011111111111101111011
111111111111111111111101111111111011011111010111111101110011011111111011111111001111111111011111001111110111111100111111111101111111111011110111111
101011110111010110101111111101111011110111010111111110111111101111100111011111011111110111011111010111101111111111110101111111111111101111111111101
111011011011111011110111111111111111111110110111111110111110110111111111101111111111111111110111111111110111011111111111111111111011011111111111011
111111111111111111111011111111111011111111111111111111111111111011111111111111110111111110111111111111110101101111111111111111111111111111111101101
111111101101111111111111101101111100101011011111111101111111111101111011111111111101011110111111111111000111111111111110111111110111111111100111110
111111111111111111111111111111111101111111011111111110110101111110111111111111011111001111111111111111011111111111111100111011111101100111011111011
111111110111110011111111111110101111111110011111110111101101111111011101111111111111111111111111011111111111110111111000100010101111111101111011110
111111101111110111111111111111111111110111111111010111111111101111101100011111111111111111110111111111101001111111111111111010111111110011111111000
110110101111101111011001101011111111111111101101100111101111101111110111111111111111111111111111111111011111111010111111111111111111111111101111111
011110111011110111101111111101111111111101101111111111011110011101111011111111111001111111111111111111010111111110101111111111111101010111111101111
110110111111101111111111011110111100111110011111111101100111111111001101111110110110110110110111111111101111101111111101101111111111111111100111111
111101111111111100111111011111110111111111111111111110110010111111101110111111011111111111111011111111110111111111111011101111111111111111101111111
110111101111111101101011111100111011011111111111011111111010101111101111011111101111100111011111111111111101111111111101111111111111111111111111111
111111111011111111111111011111110111111111111101111111111111110111111111100111111110111110111101111111011111111011111111110111110111111111100111111
111111101110111111111001101001001110110111111011111111110011111111111111100110110011110110111111111111111111111111110111110101111101111100111101000
111111011111111111100110011111011111111011111101110101110001111111111111111011011111111101111111111001111111001111111111111110101111111111110111111
011111011101111100010111111011111111111111101111111111110011111111111111111101111110011111011010010110111100111111111100111111111111111101111111011
111111110110111111111101101111111111111111100111011111111111111111111101110110111111111110111111101111111111111111111011100011101111111110111111111
101111111111110111110011111111111111111101111111011111111110001110111110111011011001011101111011111011111011111111011111011011101111110011111111111
011111011111111111111011111110111111111111111111111011111110011111111111011111101111111101111111111111011011111110011011111001110011101101111111011
011001101001111111111111111111111111001111101111111111110110111011111101110111110111111111110111111111011111111111111101111111111111111010101101111
101111111111101111111111110111100011101111111111111111111111111111111011110111011011111111011110101111101111001110111111101111111110101111101001111
110111111111110110111100101110111011111111011111111011111101111101111011111111011101101111111110111011111111110111111111111111111111111111111111101
111111110111111111111111111101111111111110111011111101110111111111111101101101111110111101111011111110111111001111111111110111111111011111111111110
011111111111111111111011011111111111111101111111011101111110111100111111111101011111010111111110111111111110110111111111111111111011110101111110111
111111011011111110111011111101111111111011111011111111111111111110111111011111111101101111110111111101111011111111111111111110111101111111011110101
111111011111110111111111111011101011111110111111111111101111101111111101010111111111010111111010111101001111110111111111111110111100111111001101100
011101001111011011111111110111110011111011111110011101100111111111111111111111111111111011011111111111110111111001111010111010111000111111101111111
111100011111111011111111111111110011111110101110101011100111111111111111111011001110111101101111111011111101111110111111111101111111111111100100111
111111011111111101011111001011001111111111100110111111111110111001111101100110111111111110111111111111111111101101111110011011111111001111010111111
101001101001111110111111011110111111111111111110010111110111001111111111011101111011111011011011111111111101111111111111111101110111111011111111111
111111011111111111101110111101111101111111110101111110111111111111111111111111111111111101100111111111111111101111111111111111111010011101111111101
111011111111111111011111111111111110111111111111111111111111110111101101111111110111101111100011111111101110001111111110111100011101111111111111111
111011111111111011111111111110111111111011111111101111111111111111111110111101011110110111010011111101111111111111111111111111111111111111110111011
110111111111111111111111011111011111111011111111111110111110111111111111101111111111111111111101111110111011110101111111111111111011111111110011111
111111111011011011111111110111111110111011111011111111110111111111111111111101111001010111111110111111111101101111111111111111111111111101101110101
111111111111001111111111111010111111011111101111110111111111001111011111111101111111111111111111011110111100111111111111111111101111111011111011111
111111111110111001111111111011111011111101101111111011111111011111111111111110111011111111111111100111111110100111101111111111111011111011110111111
110111111111011011111100101101111100111111111111111110111111101111111111111101111111111111111111100111011111011110110111111111111110111011101111011
111101111111111111011111111111111011111100111111111101111111111111111111111011011101111101111111111011111111010111111111110011111111011111111111111
111111111111010111101111111010111111110111111111111111111111111111111111111011111111100111111011111101011111111101110001110111111111111111110101011
011110110111111111101111010111110110011111101111111101111101111111111111111101111110111111111101011110110111111101111111110101111111111101101111111
011111111111111011111100011100110111111101111011111110111111111100110011101111100111110111111111110101011110111101011111111101111001111101111111111
011011111111111011111111111101110111111101011011111111111111101101101101111111111011110111110111111111101111111111100001111101111101111111111111111
011111011010011111111101011101011111111111110011110111111111010001111010111111111111111011111111111110110100111111111011111011111111111111111111111
101111101101111110011111111111110111111111111110111111111111111111101111111111001111101111111101111111111011111111001111101111111110011111111111011
111111011011111111111011101111011011111111111111010011011110111011101111011101111111111101011110011111110101111111111111111111110111111101111111110
111111011111111111110101111111111110111010101111111111101111111111111111111101111111011111110111001111010110111101111101111011111111111011101110111
111111111111111011111111111111011111111111011111101111111111110111111111111011111010111111110111110011111111011011111111101111111111111110111111111
101111111110101111111011100111011111110111111111011111111111111011111101111011111010111110100110101111111111101110111011110111111111111111111101110
110111011011111110111011111110111111111000101110111111111111111111011111111111111101010111111101101011111111110111111111111111100111111111111111111
111111111111111111110111011111110111111011111111111011111110111111110111101111111111111011111111111111111111011011111101111111111111111010111010111
111111111111111111111111111111111011111110111111110011111111011111111111111111111111111010111101111100011110111101111110111111011110110111011111111
111111111111011111111111101111111011111111111111111101011111011111110011111111101011111101111111110111111111101110111011011111011111111101011011111
001111101111111111011111111111111111011111111110111010011110111111111111111111001111111111111111111111011011111111001101111101111110111101011111110
101111110111101011111101101111111111101111011111101101111011111111111011111111111111111111111111101111101011111111001011111111111111111011111111111
111111111111001111111111110011111111111010011111111110110111101111111111110111111111111111111111110101101111111111110111111111111111111111111111110
111010111011111111111111011111111111011111110111111111111111111111011110111110101111111011111111111101100111101110101011101111111111111111110111111
111110111111111111111111111110011111011101111111110110111111101110011101011101110111111111111111111101101110111011011100111111111111011111111111011
111111111101111111111101110111111101111111011101111111111111111100011111111101111111111010110111111111111111111101111100111110100111101001100111111
111101111010111111110111110111111111011110111111011111111111111111111111111111011111111110111111111111111111111110111111011101110111111111111111011
111011101111111111101111011111111111111111111111101111011111111111011100111110111011111111111111111111111011011111111011101100111111111111111111111
111100111110111111011111111111110111101110111111111101111110111111011111100110111110111111111111111000111111101111111111110111011011111111111111011
111111110001111111110111111111111111110111101110111111111111111110001111111110001111111010111111111011110110111111111111111011110111111011110110001
111111111110111111111111111111111110111111111110011111111111011111111111110111101111111101010111111110001111111111011111001101111111111111111101011
110111111111111111111111111111111111111111101110111111111011111111001111111011111111100011110111111111111111111111111110101110111111111111001011101
111110111111011111011111111011111111011111011101110111111110111111111111111111111111111111110111111111111111111100111111110111011111111011111111111
111101011101100111111110010110111110111111111111011111111111111111011111111010011111111111111111011111111111110111111110111111101011111111011110111
111111111111111111011111110111111011101010111101110011101011111101111111101111101111111111011111111111111101110111111110011011110111011110111010111
011001111111111111111111011111111111100111111111111111111011110111111111111111101111011011101101101111011111111111111111110111101010111110111111111
111111111111111111111111111111111111111111001111111001111111111110111011110111111111100011110111111111001111111111111111111111111101111111111101111
011111110111111111101111111010101010111101110011110111111111111111111111111111111011110011101111110111111011111101011111111111111010111111111111111
111111111101011111011011111111011010111111111111110111110111110111111011111111111110111110101111111011111011111111111101111111110111011001111111111
011111110111111111101111111011111111011101111111110101010111101110111111111111101011111110111111111111111111111111111110111111111111101111111111111
111110111111011111111111101111110111111111111111111110111111111110101011111111011111011111111111111111111111111101111111111111111111110111111111111
111111111110111111110011111111111111111011100111111111111001011111101111111111010111111111011111000111111110111011101110111011011111011011111111111
111010101111111110101111111111101111111101011111111111101011111111011111110101101111011111101110111110011101111110011110111111111111011101101101101
111111011111111010011111111000111111111111111100101110111111111111111111110110110111111111111111111111111111011011111111111111110011111110111111101
111111111110111110111111111111111111101001111101101111111111111110111111111111111111100110111111111111111111111100011111111110101111111111011111111
001001111111101111111110101111111111111111111111111011111110111101110100101111110011110001111110110110111110111111111110111110111111111101101111101
101101111111110011101011101101111111001001111111011111111111011101111101101011111111111100111001101101111111111111111010111011111111111111110111110
101110111111111011111111111111111111011111111110111111111111111111011111111111111011111111111101011111111111111010111111111110110111111111111011111
101011011111111011111111111011111111111111110101101110111111111011111011110111110011110101111111111101111111101111111111111101111101111101111101111
110111110111111111101111111111010101111111110111111111111111111111111111111111111111001101111110111111111110111011111111111011100111111111111110111
111011010110111111011101111111110111111111111111111101111110110110101111110101101111111111111011110101111011111111111101010001111111111111111111000
111111101111111111101101111111111111011011111101011111110111101011101111110111111101100111101110111111111111111111111111111010111111111100101111001
111111111111011100111000111111111111111111111011011111111101111101001111110111111110110111111111111111111101101111010111111111111111111111110111010
