00100110110101111010111110010000101111100001011110101111010100110100011110010100010111011110010111011011110001010110000111111111000100011101010101000010
00100101011111010001010111010010110110001101000010011101000001101001000000001111110110110100101101010001010111110010111100011001111110010111111001110111
11000111101110111101111010111111001000001100100101101101110100110011001010110000010100110110000111010001011100110100111111101011111000001110111111111101
00000001010010111101111111111100110111001000111001100010110001100111101101110001100011100111101001101010101101011100010111111101001110001111111111100011
00000000111010010100110100110000010110110101100111110000100111000010001101010010100101110101111101000110111010111101011111111011011100010100100001010100
11100011001111110011101110011010000010011000110110110110010001001000010010111100111110101110101101010001001001100001000001100011011001111001111010010111
10100100111011000001010111111011010110010001011111100011110101011111010010011000011011010100001111001101011000011111010110010100101101110100101111101010
01110100001011100010110101000110101011100110101100010111110110001110111010010000100100011000111010110101000011010100011110101011111001110111111011101110
10101010011110100011101110110100001000111110111011111100001011101101100001100011000000111100111111010011010011010000001101000011010001011000101100110011
11011010100010100001000110100001010110110101111010001110100000001101110011110111000111111001001010000101111111000010010111100010010111111010000110101100
01101111100000111010100100111101001010001110100110111010100011000101001111001010011000111111101101101111011000000111101101111001111011010000101101001010
11100100100001100000100101111101111011011011101000011100101001100001111100111111100101011101110111011000000111011111101001010000010111100001000110101111
01111111110001001000100001000111000000001111101111101011101101010001000011001101001011001011111101000111000001011001110001000011111010100010100010010101
11000111000110110110110001001101011100011101100010001011010011110110100000010010110111101001100111111010011011101001111100001101100111011111000100111111
10110101111101000100001111011000101011000001000101000000100111001101101010101101011010011110101100000010110010001010110001101101100000100110010001001011
11111100001001001111101101101011010101110100101100100101000100101101010100110010111110011010101100110110001101110010000100011111010000010101100000110001
10110000001010010001001011011000111011011101110000011001010100001010011000101001111010000101001001011101111001000110011000100111000001100101011110100010
00111000000001110010101111010111111011001010100000100111001100110010111000101110001110111110011100111101100010101110001110111000111011100010100001110110
10000101101001010101011001001111000010111000100101110100000111101000000110100000011011110001000111101101110100001101100111010101001110101111011011010111
01110110110000011010011001010000100110000110101100111001111011110001100100001101000111010100001100111111000100111110110101101100010100101100111011010110
10111101101111010100000011001010110010101001000111100010010001100111001000101101110111010100110110001000011000000011010011110011000011111110011100111000
11111011000001000011001001101110001100100110110110011001100111001111111011101001101011000000110000111110101011101110110111000011001111110101101101010101
10110100100000111111010111110100110001101111110000111100011011010100001110100001101000011110001101000110011111011100011010111110001011000100111011011110
11011111111100110100001001001110111101111110001111110010100101110100001001010010010010101101110001111011101111000011110101000111101001001011110100101110
11110110110000101100101001000111111111011110111110000001111000001011011110011001001001110111010111000111110110011001000011111010010001011000000011101111
01010011000111111111111110110101110001110110011011111001011101110011011011101100100100000001110010011001111000110111100101010111000000101001100011001010
00111010111100010000011001000111000111100110110011011100111101100001110110110101000001110000001110011001001111111001101111010111110001111101111110110110
11111110101100101101001001000111101101100101111111010110100001001000011001101100100010101001110101100000111011000000111011001100000101100001010111111101
00110110001101111010110100000100001110111011011001011111101011010011101111110100111011011111101100100001100010011110010000111101000001110011011111111000
00110001101111000110011111111010001100100110011111100111110100001001011011001001010100100000110011010110101110001000101111001101010001101100110110000111
01100111000010010110110110110101110001111011001010001000111000101000010000101001100011101011110001010110100101001101010100111001111001111101111110111100
00100010011111010110000011110010110111110110110001011001111111000001000110100110110111001010011011001011110001011100100111101101110010010100011111110101
11010001000100101101101111010011011010101111101100110100100000101111100110110000111111011010001111100010000011010110000100111011100110001001111110010111
01011010010101011100101111000011100100101010100100110101101011001011101001011010111110101101001111001111011000011011110000010110100111011000101111100101
10100001101101101100010110011100100110011001010000101111110000111110110010111111000111110000010110011110001001101010101100101010010110011101011101110010
11011010010001010001010110111101011000000001011101010011101011011100111010100111000001000010110100101000010010001111101100010000101011110010000001111011
11011111011100101111100010101001101000000011100101110101101101001001011011101010111111001101111000011111101001001011101111100110011000110011100000011010
10010001000100111100001111110011000000011011111110000110101111110100101101100000001011010001110010000111001100110010110010111111100110111001110011110011
10001001110000010010111101111111110000011110101001111010001010100010010000110100110010100111100001011101110011101011101011101111001100110101100000100010
00001110110101011010000111001011001001101000001001011011010100000110001001111011100001100101110111110111011101010010001111111100011100101100011000000010
01110100101111001110101110001010111001110011110110011111010101011101111111100010010111010111110011010111001000110011010111001010011011111011100111001010
01101001111011011001011111110101100000100010010011010100010101110001001110100010101101111110100111110110110111001110001001011001111000111000111010000111
00000001101110000101011111101111110011101101100110010111100101100011011011110011111101111010011111000101110110001110011101111101000101111101110110010010
11001010010111101000101000011010101111001010101100111011000011101001101111011010010010001011011100011111110101011111101111001111011101100111000101011110
00111101111111011111011010110001110011101011001011100011010110111010110000111000100010000111010010100010110101011011111000101000100011110010100010110111
10010110110000001000011011111101001101001100001110101111111011111111001011100101110001111111011011110110011001010111000011001001111111010011011110001001
10010011110110010001000111011110100101110001110000011101111000010111011111101011100010011111100010111101101010011111001111001100011111101001101111100010
10101111001010110011110110010100110111001011010001111111011101100101100010110100111110011111101011010111010000001010101110000110001010001011111110001111
11001110111011000000110111110110000001001110110001100010101111111101011001101110011110011100111011110000101011001101001111111010111010100100011000101011
00111010100010100010100101111101000110110100100110100011111101111101011000111111001011111111110111000111111111110000110111010001011101111110110100010011
10111110101010010111101101000100111010100001110111010011000011011101111111111010100011000001110111001011101001110011001110110011010010001001100010101011
01001101101100001011011101111001110110111111001100100000011011100000011001111111000111001000000110011010110101101001011111100111101011001110110111110011
11100000111111001001011001101011001000111001011100000000011001101101101100000001101000000111100110001000011011100100111101011000000000111111100110010111
11100101110100010110001000111100111011001110011100000011010010101000011101010010101011011001101110011001111110010101100010000001011100110000000001011010
10010111011011000100100100011100001101111011110111100100101101100010111100011001110100110100110111100111110101000001000001100100000001011000010010000110
11100011000011011101010011001101011110011011111101100100101100100010111101010100001101011100110110111000111100011011011111010111101111101101011000001111
00111011011110100001010110111111111111000010011011000011001010001101101011000111101111110010011110001010001110011001010110000101001010011101111101111001
10110111000001001001101011100111001000011100111101011100000110000101101011110011110010011011111100110010001110111001111110111111101000111100011011011100
00000000100110000101001011101011010111100000011111011011100100111111000101010001011011110000100111101001110101000000001010110110001010101010100110111010
10101011000010111110010101100101000011011110100111000011011011101100011011110100010110011001101000111110010110101010101101011010101100100010001110100111
00001001101001100011011000001001010101100001110010110100110100000011110101110001001011000011110110111011001110101101100100011100011011101001101111111110
01011110101111100011111101111001010111001111010111111010000100101100101101101111101001110001100010001101011101111111111110111100100010110100111000111011
11110000100101010111100101100010101001100111110111011111001101001000100000100010101011110110010000111110011110011011000111011100111111110011110100101001
10100010000011000101001101001000001101001100111011100000001000000110110101111110000111000001110011111111000011000100010100110101000111011100000001110101
01000111110000111010010010010110111110001001110011101100101101100100011111010010101000111000000001101111011110101101110000000011110110001011011101110111
10010011111001110000111100000000101101011000011111101000111101011010010110001000001100001100101010110100110111111110110001001100011001110000111011000000
00111011000001001100110011001000111000110010111000000011001010010101000111100001111110110111010101111001100111011101001111110011100001000001100011110111
01110010111110110001110011101101110010001111011111101000111010000010110011011101000110100001100000101111111000001000011001111000101001111101100000010101
00010001110101100101010000101000111101001001100100101011110011110001010011101101011110000100101010100110100000101101001111011011111110000111100001011010
10000111010100011100010011110110001110101010101011110111000110011101101100011011111101000100000111000001011100011001101011110110101101101000011111111010
10111001001100101100111111011100010111011111011011111111110101001000010101111111111111011010100111011101101000101011111001111010011000110011111010010101
10011000001100010011001010101001100001001101001000101111001011011110011011100101110111011011101011001111111101101101010100100100011001011011101001111010
10100111011010100010011011101101101110001111011100100000110100001111100100000111110100001011001111101011111101011011000100000101110111110010010110010011
00011000111010000000010101011100010011011011011010110101111111011011101100001011101100010010110111101011011100110100110001110011100001010111110111001000
00110100110100111110111001111011101111111110111111110000010111110010101100011001011011110010111011111011011111101110011111111010011100000111101110011111
10111111010101010000000110101000111000110011100101110111011110011001011000101110110111101100100111001101111011101000001001001101000101101101101001100011
01000110001110101101110011010110011010010001101011110010000001010101111001110111000010111101101111100111110111101011110001111101010100101010111011000100
11000100010110100101100001111001001100100000010111010001100101010001101110011000010000111010100010110111001000011100110010100101110001011100100100000101
01001000111101010100000100000001011110011111001011110100110001111000011011011000111101111011001100011111000110110111000111110111110010110001111000011111
01010000110110101001111010100110001100010010011001011010111011000011111111101000111101000011111100011111111101110010100010110011110010011011101101011101
01011101000101011000111001011011110010110110111100101110110001101010011111010011001100100011010011011111110110100101110111110010011010001110011100101111
11100110001001111010100100001101110010101011010110000010011100000010111110110111001100110111101001110100110011011010101011011101100010101101011100100100
00000110001010111110011010001000110011000110000111001101101011101110111001100011110010100111100101111111101110001000101001100000000011100111101100101011
11101101010101010101100001000101111010001110000110010011100100010111111111010011110000000011011110111000000011110111100010100011000101101110011000101111
11010110010011111111110100011011111011101001101111110100111110110011101100111000001001100100101000100111101011110010001111000011000000111101010000101011
10011010010111000011110010101011101111011110010001110101101011110000011100110011000010011111110101111001011100111100000001001000100011001001010011101011
01111100111001000110000110110110011000110110010001000010101001101011000000111110111010001100001011101001101100111011011001110010011101010000101110101001
11101011111100110111101010101000101001001110011111000111111101101010001101101110010001001000111100100111100011100010000101011110110100010101111111010101
10000101111111110100001100011011110010000111011111010101010100001100001110011110000001110100100000101010001110010100010101000001011111101010011110111110
11111110101100101101101110001000010010111100111111001011000000100110110000011000011011101010011010101101011111101101100011100100000001011111111100000011
10110100001010110100001010001011100100101111111101001000110010100010001111100111111101000101011010001111010111010011010001001001000101101110101101001111
00011000011111001010000111011010010011111001111101101100010111010011000110001011111101000010111111000000010101100110010110011010101110101000100001010000
01011101101111110000110101011110000111111100001111101111011111010101101101111101011011011001000010111000101010111110101011110111010111001111110101010001
10001001100110000100110111010111001111011011110011100011110010110010000001100001100101010111001001101010011111100101101111100111111101001010101001111000
01011111111010111101001000101001110010000011010110000100110100000100100110101011010110110111010000101001111100010101010000101101001010010001101101100110
11101110101111110111101010111000111100010111000001111111111010000010011011011011001101010001000000011100010010100101111011100100000000010111010110001011
10100011110101000010100011100101111001011110111111111111101011010100111111111100100100100111100000001000101100001100100001110100000001010110011100000110
11111110101111001010001110010111110000111110010111100010001000011010011111111000111001100001010000000100110101111111001110100000000111100110001000001111
00010001001001010111010100011000100100010100111010000011011110111111100011101100011111111100111000010110110001010111011111110101101101010010100111111100
11100101100101011101010101100110001010111101011110010101010110110110001000100111111101000000100100100011011110101011100010000111010101111111100110000010
10010010001101001111110101100001011110100001001000111101101111111011001111110011101101101110111110000101110000111011001011010011001100111110010010101000
00001011011010011111011010000110011011111111011101000010000101111101101100011111111010010110000101101010010101010001001100000110011000101011101111100010
10011000101011110001011110000111111011011101110101110010110110111001100111101111101010011010010000110100111100111100011110001111000110000000100000010110
11100111111010001111000111101001010011111011001101100110001011011011011111111111101011110110001000011000100001101101100001110100011100011001110111101110
10011000010000101110010111011111000010100111101011110111001000000111101110011001111010110000101011101011011010001111010011011000011010111101101111010000
11101010111001101010101011010001010100110111110101011111001101101101010111111001110001000111011101111110101011100010000111110101111110101010001110011011
00111110011001011000111101110100011011011000011011101101110011101001011111110101001011101100111010010010110101100011011100000011101010010011110111110001
01110000010100010011001110100110000001010111100001010111111111101110010111101011101001101111011011010110001011110011110110101101011100111100010111000010
01001001110101100100011110111100100100100110001011001100110110111110000000111010111110011110110100010000110101000110000000001101001110110110111100011111
11010101110111011000011100110011101010110101110011111010001001010110000110111001010110010111010001100101011110101111011101001011101011011101010010101100
01101100000001010101010001100000001001101000000001111000010111001100101101111011100111110101110101011011011101011011010111100111001010111011011011001101
11111011100110010001001011101001110001011001111001100101110001100110010011000111010111101010101001101110000100100111110010111001101001010101100000011010
00011010000111100111011010101111011110100111101110010001110111101111111110111100011001100100100011011011100001100111011000011001001011101011011101101011
10111011001100001111011001001011100100000111011010001100000011011110100101100110100101001101111111100011100011011000001101100110011011111101111011001000
11000010011100111101110101001000111111111111111100100001000101100100001010101011010110110011100001111000111111111001110111111100110011101001011011001101
00001110001111000010100111100010010110101001111010110111110011101010111110001010100100100110011101111101101101111010100101100010010111010101101100100010
01100000001111100011010101110101011111100001100101001100010111001100011001001101111100000100110110010001000100010011011110010011011011101011011000111010
01111011010011101001111100011010010001001010100001011001110001011101001101101100100000101011001100100010101101111010101100100110101010101001001101001100
01101001101101001100001000110100001110110111101110111001011101000011111000110000011010100000110101101110001001001100110111101111001110011010100111110101
11111011111001010111010101100111101110011011001111111001110111110010100110100010100010011001010001100110011101100111111010100000101001010011100101111000
10111011010000000110111010110101000011111001011111110101111001100010110000100111110110000101110101111010110100110010101101111101111101110101110000101110
10111100111110100011110111110101000010111111011011011011000100100111111001111010111011111110110110101001110001100111001010111011000011001100111111111111
10111101011000101101101010001011101011110010100010110010011001010011011101101111101100100100111111100001010100110111011111010101000101001110101001010101
11011010001100010110101011101010110101010110000011101001011111110011111001101011110000110001100010101001110000011010100011101101111100010111100010011110
11111001001001110101001010011111101001111111111010001000010111100101101000111000010001010011001000000010100111011010001011010001010100110100110100101101
10010010000001111011001101111101010011110011001100010011111011110100010110011110010000010100111110110111010110100110011010110011101111010001111000010001
10101101110010011000111111100000111011101001000110110001011100001010111001100011100110110001110000011110001001100101111001000101111001111000010011101110
11111101101011111010110101101111100001100111010001110101110000011010100011011111010110001010111000111010011111111000101011111110010110001010100011110110
01100011001011100100000100100011110101000100110010010001010101101011110011000111010001010001010000100000011001010010010110010110000101010001110110010000
01101101111110010101000010100111001010011101011011100100000010101100101110101111100000111000110000010101110100000111100010011011000110010011010111000101
01111111001010000110011100000010000110111101011111010101111110100101111100100000100000101001011000101101111111111100111110010110000100011000011101101101
11011010010101000011010000010000111001110011011001000101000100111000110010111000000100111011110001111011010110000001001010111101111011111010100100110111
01010000011111000110111000000001111101001000111110110001101011111000100010000011111001001001101001000010111011101111111001000101010100011001101011011100
00000111111101001100111110111110010100001011111001010011000010110111010111010100001101101110110011110000000001011111100111100110100100111101111110000010
00000111010110101111110001111110000111111111101011001101011111100101011010011010011110001011000001011100110110101110110010001010000101010101111010110111
11001111111001010000110010101011011111101110110001001110110001110101001111000111000010110100001110111001101111110101001110011110111111100100100110100010
10110100110001000011100111100110111001011110001101111011111010011001010100011101110111001111110000011101110101101110111001100011001111000110100100011011
11111011000001111011111000100111001000110011000011011001110001010001100001110100111110010110100111011000100111010101000011111000000001111011101001111010
01110001010011100110100100001000000110001001110101011000001100101000101111101001101100001110110111111100011010101000101100110001010100001101110101010110
11010101000101011010010101111010101011101011011100101001100010101011101101110011011011010100101100010101101001111111110110010100110011100110100110110011
01111111101010010101011101100110110011101110101101111000101011100111101101111111001000110111111000110111101010010101001111111101100111111111001111100010
11110101000000101011101100111111101001010110010111010011110001101100011011001010110111011100100110001001001111101110100011001110111001100010000101011101
01110111101000001011111000101011111000010100011110000001110111001100011100111011111100111110011011000100110010101111110001100100001011100100100101100010
10110010111101001000110100111111111000001011011101011000101110101000010011100101111000111110101110110101111110001001011101001000111101011011111010101010
00110111010110001011001011111111110001001110111100111010011110000110011011101000000001111000000100111101111101100110001001010011110011110001100100111101
11111011001000100111011011011001011101001001001000010100110010011110110101011001000001010011111000100101101100101110011101100011011010000110111000011001
01110011110101011100100110111011011101100000101010110000101111111010010100010000111111101000011000101101001001001001101111001011001100110101101110011100
01101100100011010111111000111011101111000011100001011100111011011011111110100011000000011001110000100010111010010000101101110101100110101111010011101011
00100011011101100000101111011010000110001001010110100101111011100000110101100011101111101010010101101001010011111110110111011010001010001100010111110111
01101101010111000111011110110111110000000101100100001011010110011011001000101111110100011010001011100011000011100010011011111011011110100010010010101010
11010111101101101111001111100100101111111111101111111111001111001010110110110010101111001110001111010111010110011001100011010011000101111111101100011100
01110100100111110010010010010101110101000100110111111001100101111011001010110111101111110110100101000000011010101010001001101100011100101001010011011000
