01101110111111111110111111110011111101110100111111111111011111011011111111111110101100011111001101010001010101001101001011111011111100110
10111111111000011010101001111111011010110011111111011100001111001111111111010011111111101111111111000011011011111101010011101011110111110
11010101111110110111111100111010111100011101110111110001111101110101111101110111110011110100111111011111110111010101110111011111010100001
01101111111111101101110001111111111110111111001011111110100111011001101100110001111011010111111110011101110011111111101111111011011111111
11010101111111100110110110111111001101111110110011111001110111111110111011111111111101011011100101111111111011111101101111111011111011110
11111011011111110111111011010111011111011011111111101000100110111111011111010110010001110111111010100111101001111010011111011001101100011
11010100111111111101111110111110111110111111111111100111011111011111101101110011111111100011000110110001010011011011101111101011101101001
01111100111110111111111010011011100111011101011011100110111110101010011011111111111110110100111100111011011100011101100010111101100100111
11111011011011111101101011111100010101111100001111111100111101111110100111111011001011011011101110011111011111111100100010111101011011101
11111111101001011101001111110001000111101111111101111111101101000111111010111100011111111111110010110111011010011111101101011010111111111
11111111110111111110110110111011111101101110101101101100101111110110111111011111101101001111101111111001010110111111001110111111111100111
10111111001011011111111101111111111110001011100011111110110110111100010110111001110111111110111101011111111110101011000111111110111111111
10111111101100110101110110101111110111111101001011010111001011111101010111111100011111111111011101101111111101111111010011111110111011110
10011110111100110100111111101111111111010100111011111011000111111101111111101111111101111111100100101100101011111111111110101101100111111
10111111101011011011111111111110111001111101111111011111011010101011100111111111110111101101110011100111010101001110111011111111101111111
11100111111111101110011110111101111101110111010111111111110111011110111111001001011011111111110011000101101000110111111010110100100011111
11010011111100110111001110011101011110011111111011011111001001011101111101110111101101111111101111101111111111101111111110100111110111101
10111111111111011011011100001011011000110111111011001111111011111101100111110010011111011101111110110110110101010001111101010101110110111
11101101001100111101111001100011010101111011100110011111111011110110011101011011100011111100101011111101111111011011100111111111111111011
00110111110110101110111111111111100100101101011100111111101000110111101111110111111101111111110101011111010011111101111111110111011000110
11111111101111100011000111011111011111111111110111100111011111000001110011111011111001001100111101111101110010001111111111011001111111101
10111111001111110111001001111111111010011110111011101101110111101101111111011011101111111001011110111101101101111111101011011011010011001
11100111110101111111010111110111011011111110110100011011111001111001111100001111011101111110110111111100010111111110111111011011111011101
10101010011111111101101011111111011011110111011111011111111111010111011111111111101111011111111010101110111111100111011111111110110111011
10001111111011111001101101110000011011011101110011001001110000110111100111111110100100100011110011110110101111101111110111111110100011111
11010100110101100011111110011111111111110111111110011111111111101111111110110110110110100011011011111111110111101011111110110111111100111
11111010111111110011011110010111101101100011100110001110010001011111111111110010001111111110110111011000111100011110111011111011011111111
11111111111100111001111111101011110110111100111110011101111011011110000101101011000110101111101111101011111100110011000101011111111101101
01111011101111111101110101010111110100110111111111111110110111011100111100111011101111010101111110111101111111111111011010111111101010100
01011110100111111001111101101010110100101101010011110100001111111011111110111011001111010100011111111111111111001111111111011010111101110
11111111001111100111111101111100101101110100001100101001010010111111111111111110011110111111001111111011111011110101111110111111011111001
11011101011111011111111101111000011111110101011100111011111110100101101111000011101111111111110110111110011111101011010100100111010101100
10110011001111110001010001111110001111001110101110111011101101110111010111001101111111111100111111110101111111101111111101111010010110011
11110110101111111110111111011101000110010010110110001110001111110110101111110111111111110111100111111111111100111111111110011100111111101
11111110001101111100111111100011100111111111111011111111101111011111110111111101011111111110111111111111111111111100110101101011001111100
10111111111111011011100001111111111011101101111111111100111011111111111100101110101111110111010111111110011110011001110111111100101101011
01010111010111001000111111010001111101111011011111101101011101101111110010111110111110010111011010111111101011001111100011111110110111111
10001101111011110010101111100011101110110110000111011111101111001111110011010110111111010101100111010011111111110101100111011100111100111
11011010111010110111101101111111001111010101101011000011000001111110111011000111111110111111110111011011111111100011100001111111111110001
11111111100011111110111111011011011011100011011110111010100110111100111101011101010101111110011011110101101010110110111101011011011111011
00111111111110101011111010010100101110000100111100110000100101100101110111111101111111110111111100111111110010111101111111110111110111111
10111011111011111101111111011111101101101011001110111110111010111111110110010101111111100111010101101011111111101001011111011010011111111
01011110011100011110111101101000111011010101111111111010101111101110010111101010001101111001011011100110111110001111111111001011111101000
01110111010110111111100111101101001110110110111111111001101111110111011110011110111111111011111001111101111111111110010001101111001011011
11101110011101101110111011111000111100101011010111011110010110111110011100011101110110001111101110101010101110101111110111111011111010111
11101111010001111101111111011101011110011011101111111100111001011101011011001010111110100001111101111101111111111111011001100111101111111
11010111111011101101010101011011101110111111010100011111011010100111111100011101110101111100001011000001110011011111110010000111111001110
11100110111000110011101101111011110111011111111011011111101111111000011111010101111111111101101110110110111111011000111010101101011001101
11111111100111111110110111111100111111110111110101010110101001111111101100111001111001011111011110100111111111111111001111111111011111101
11111111111111111100110110001100001111100011110110111011000111111111001111110111111110101110111111111011001111010101111011001010110011111
10111111111101010001110000001111101110011111010001011110110101110011111111011101111111000110101111101101111011110101010111101100111101111
11111000110111111011001101011101101101011111111111101111101110011110011010110010101111110101110111111111111111111011010010101001010010111
11011100111101111111011111111011111111010111111101110011111001111110111010101010111011111001011111111111111100101110111110101011000001110
11010011111110111111110101111100011111000100111110110011111110100101101111110111111110111111111101001110101101111011110011111010111101111
10010011010111111111101101101001111001110110101111111101010111111101111001110111111111111101111100110011001101111110111110011111110111011
10101010010011111111111111010011101011100001001101011110101010101111011111101011001011101111111111101111111000100001011101110111111001110
00111101111100010111011111011001101101011111010110111101011110011101111011101101110111111101111010110101111111111111110111111111010111111
10101011100100110110111111111011000110000100111000101110101111110111110111010111011011101111111111111100001110100111111101110111011111011
11100011111010101111101101010101111111000111011110011101110101010100101111110111111111111110101011011111111110001110101111011111011111101
11111111111101010000110101001101111011011011100101110110111001111110101111111101110101111111000110101111011101011011110110000111111101100
11011111001111110110110101011111011101010111101101010111110000111011111111010101011101010010111111111111101100111101111001110101101111001
11111010111011011110111101111100111111101011010111101010011100011111111111111100111110111011011111101111111110101100110111011111001011111
00101101101111100111011011000111110110111111101111101111010110010001111011011011101111111010110101110111111110110101111100111011101111111
10111110101111011111001110111110111100110101110111111010111111101101010011001110100111000111011001110111101111111101011010111011111111101
11011111100111111100011001111110001111110110110111011011100111010111101101111111010011101110101111111111001010011001101001101111110011101
01101110111111011111010111111011111111111111111011011111111101011010010101011110111111110001110101111111100011011110111111100111011011101
11001111111000110011000111110110111111100111101011111001010111001101111010101101111110101111100110101011111111111110010111111111101111111
11110110010011101101111111100111101111001101011011100111110011111010101100110011001010110110101110101011111110111111111111110111111110111
11111010111001111101111011101111011111111100001010101110111111101011010000110001010101111101111110011111111110010000110111111111011111111
11101101011111011010111101101110101111111111111100111011110011110110101101110111100111101011011110111111100011101011111001101101100110101
11111111011001011011011101101111010100110001111111111111101111101011010101111001111111110111011111111001111110101111110010111011010111011
11110110101111111111011111111111111100011111101111100101011111001101011011111111111111001111101110101011100101011111111101110110101111001
11001101111111110101110111100111111011101111010101111101111111110010000101011000111001111011111111101011111111110101011111010101101011011
11101111101011111111110110110011111001111010010101100111111111111100011110011111011101111011111111111111111110110111011111111111111111111
10111011110111101101100111111110011110001010000011011111101101001011111100001100101111111111110111111001111011101111100101010110011111010
11111111111110101111110111101110011011011101101111110110011111101101111111001011111111011111111011010111000111011101111111110111011111111
10001001111111110010111110011110101110011011111010101001100101111110001111110011101111010111111110110110110110100111111111100001011011110
10101101011011101001001111000010111111111101101101100110111111011110010101100001111101001101011010111111001001111011101111110111011101111
11101111101001101111111111111111010111100011010001011111011000111101010101011001111011111100011101011111011001010101000001000111011010111
01111011101101111011111100011101111000111100101111100111111110101011111101011110111110111101010111111111110111111111110110110111111101101
11111011001101101011110111001001110111101101111111111110101101110110011110111111010111110011110101111110111001011111110011011100101000001
01111111010111110101101001000010111011111101111111101110111111001110101111010111101111011111101011110011111110111110101100101111001111011
11011011111011011101111100101111111111101111010111111111011011100111001111111111010110101111110011101101110110111111111011100110111011111
11001011011111101101011111111111111111111111111101110110101111110110111101111101111001111111100011101011000101011101111110101000110011101
01110011110110110110010101111111111111101101110101111111111001111111011100111011111001111110011111011111101111101111011010001101111101111
01111110111111111111111100101101111101011111001110111011111110111100111111111110110110101111111011110010111111101111001101010111011100111
01100111010111111011011011110011111100111111011101011111111101101111111011100011101111001111100111111101111111111010111000111010011001110
10111101110111011111011100101111111111111011001110011110101111100101101011111011110110001111110101111001111111111101111110101110111111100
11001000111111111111111100110011101000110011101111001111111101101010110111110111011111110111111001111101111101111100110110101101111111111
11110101011111111111101100111111111111111100101111110111111100011011101100111111011111111001100100110101111101101111111111111011011110111
11011110111111011001001111110011011110111101100011100101011111111011011111111000111111111000010110001111111010111111111011110111111110111
11011110111011111101010111011011010111101111110110011111110101010110111111111101111101111100011011110111111111111111101010000110101111011
01111101111101111111101110111001111001101001110101110111111010101111100111111000111101111100011111111110101101111101101111101011111101011
01110101010110110101111111101101101110111111010011011111110011110100111011111111101011011011100111111010101101111101111100111101011110111
11110101101110001110110101011110101010011011111111101111111011011001111111011110010011001001100011101110111111111111111111110111111001111
11111011101111001101111000111111111101101100110111111111010111101111111111101011100010110110110011111100111110110011011010011111101111111
01110110111000111110011111111111111111110010101111111001111111001011111111111101011111100011111101001111000111011001101111001111111111111
11101000001110111011101011110110111101110111011001111101011011111100001011110011111111111001111110111101001111111001011111111111000011110
00001111011011101110111111011111111110011111110111111011110111111111011111101101111101111101111101010111111110111111111110111110100011011
10111011111100000111111011101111111111111001010101011010111010111100111001111111110011111101110101100010110111000001110111110010101001101
00111001101111001011111101111111011110101101110001111101011111001111111111100111101110111010111111000111000101010101111111111001111011011
00111100110111111111111111001101111110011011010110111101111111111100110001011111101010101111101111101010101000111111001111111111111100101
01101101110110101101000111010111011111101110100111011111001111111111110111011111110111000011111010111100111101111110010111101011001111101
11111111111110111011110001011110111011111101011011111011101111111111111111110111011110111111000011101000110101010111111010111101101110110
00111100000111011110110111111110111011111111111110111101101011110111111111101001111011111111111100110111011011111100011101101111100011111
11111011111110101111101101111111111101101111011110111001101101100011101011101011111001111111001100110011101111111100111101101101011110111
01001101110111011010010110111111111111110111110111111111111111111011101011100110110011111111111101100110110101111101100101101110111011100
10100001101110101110011111111101111101100111110111011110111111110011101111011001011111111101111111111011011010110011011111011110011111110
01111010111101001011101111001111101111111111111111110000111001111111111011111001011011110011001111110000110101001101110111111101101111010
11111110100011101111011111001111101011100101011111110110100100010110010110110111100111111101111011011011111010111110111111110110011100001
01011100101111011001011111011011111001111101110010111111110011110011011011101101011011111111111101100110111101011101111001111100101101111
01111111111011010111011000111010011101011001011111110110100110111111100111010111111100111011111111101111111101100100001101111110111110011
11011111111111101011111011101101111110001111111110011110101111011111011100110101111111111111111011100110111011100111000111110110010111011
11111001111011111001111110101110111011011011111011101010111011110111001111111011111111011111111000101111111011111011011011110111011011111
00010110011111111010111111111101110010110011111010011110111100000111011101101101111011100111001100100111000101001100111001111111101111111
11111011011111011111110111011111110111101110111011110101110110111001011111111111101111010111111111111101001110101100101110111111111100111
00111011110001111111111011100110111111111010101101001110111111101101111100111101111100111111111010111001011011100011011010111111101011111
01100100000011111101101111101111111100011111111101111111110111110111111111011001101110111110011101111011110111100110101111000010001111100
10011110011001111101111101101110110000011110010111001011011010111101010111011100011111110111111111101101110101110111110001111111101111010
00111110011101001111101111010111111101011110100010101011111101100111100111111101010101011100111011111110111111011001010011111111100111010
11111111101111111011111111101110010111001110101111111110101101010111101011011101101110011111101111111111000111001101110101010111111111111
11111110010110100111111110110100101111111111110011100101111011001111110111111110101001000110101011011110111111111110011110110111111011011
11011011101111111011000111101011101110101001110110111101110010111111111101011101011100111110111001111111111011111111101101010111001110111
10111101111110110111111111111110110111111100100010000111111011110011101111110101100001100110011101111101000111111111101111101111101001011
11111111111111100010111110111110111111110111100111111110101001111010111001000000110110111100110111101111111110110011101100010001100101001
00100001101111111111000111011011010111101001011110100011111111001111110111110111111011011011011111100101111111111111101111110011001110111
11111010011110101011011111111111101010111111111011001111111101111111101101110111011001110111101111110110101101011111111111110100101100111
11111111101001101111111001111011001000111011111110011011111111111111111011011111010011001110111111001111110010000111101111111100110101111
11001111011111111110101111011100010111101010111001100111000110111011010111000001101110011011101110111101101010110011101111011011011111011
11111000111110001111111101110111110011111110101111110111111100011101101001111111001111111110111010001100011101011101000011000001101111111
10011110111110100011101001111110011101110111111110100101011111110111100111111111111011111111111110011111011111110111111011110110110010101
11110111011101101110100101110111111111111110010010100110111110110011111101110101010011011111110110000111010111111011011110101111110011001
01011000110111111110111110101010111010111101110011010010111011111111111111111010011100011111010111101011111110011110111111100100111100111
01011010110111111010111110110111011110011111011111101111111111111110101111111101011110111001101111111010101110101110111111011001110100111
11011001111111111101101011111101011011001100111111111101101101111111110001011111001111111110011111010111111100100111110010100111011011001
11011101011111110111000111100100100111011101111001111111110001100011101011111110011011101111111111101001110110111111101111110111110011001
00110111111101111110111111110010110111111101110111110110111011111111111111010111111111001111111110111110110001111111100011111111111111110
