0111011111101111110111111100101111110111101110110001011011101011111011110111011010010110111001000111111011111111011111111001111111110101111111010110111001101010111111
1011100011011011011110011110101111111110111101101101000101000011111101101110111111111001110101110111111111111111011011111111101111010111111010101011011111011110010111
1101010111111101100101000001111111111011110110101101111111011011111101110011111110111011111110011011100111111111111011101101111011011011111110100111101011111000101011
1110011110101111111111101110110111101110111111111110111111111111010101110011110110011111111111111111110011100111011110101011111111110111010100011111111101100101110111
0100011000011111101001011010111111111111101001111111110111111101011110111101111111111110110110101110111111111111111111101111110111101100011111111111111011110000000011
1011101111101111111110011111010010110001110110111110010101111011110011110111101111111110010111111111111011011111100111100101110011000111101111111110111110111111111000
1001110111111101111101010011101111011111111111001100011110111110101101111111111111111011111101011100110111111111100100011111111011111111111100111011011111111011110011
1011011011111011100111111101111010111011010011111110010111111101010011111001101111110101111001001110111010011101110111011101111111011110110011000010011111111100111111
1111011101110111011111111111111001111111011111111011100101111111111010100110011111111010111111110111111101101100111010111100111111101011111101111101111111110111111111
1110011110111111111101101111011011001011111110101011111110110111111010110011101111111111111010110101010111111010110111110111111111110011111111101011111101111111101111
1011011111000111001010110111110101111111101111111111110111110110000111111101100111111111111011000111011011001011111000101110001000011101101101101110111011100111111111
0110101111000111111111101101100110010110111011110111011011101110010011011011011001100100001111101101111100001011011101011011011110011001111001001111001111101111011001
1111111101000111100111111101000001111111011111101100011100111101111110011110111111001111001111101000011001110011110111110111111111010110101111011111111011111100111111
1011111011111011111111011011001111111111010010111110111111110011111111111101111110110110111101111101001111001110011111110100111001101101101111111101101100001111101110
1101110111111101101111000111111111111111011101111111101110111110111111101111110110111101111100101110101111101100111011101011110110101111111011111101101111011111110011
1111111111111110100111111111100010100111111100111111001111111000001101111111111101101111110111110011111110101111111001110101111101111111010011101111111110111110110111
1011111101011111011111111111111011100111111111111110011111111111110101110110101110111000111101111101011001011110011100111101001101111010010110110001110000110110110111
1101011011010100100111110011111001010000000010011111101111111111011111111000001111111001100111010111010111000111110111111011010111111111111111111111111110001111111111
0101111011110110100101111000111000111101111111011110110000111111110111101110110111000110110100110101111111111101101101010000110101111111111011111111110111110110110100
1111011111011111111001110111011110011111110101000101111010111101001011110101111111011101011101011111011011110101100011110101101101011111101111111100111111111111111111
1101010110111111110001111010101011101101011011111101101111111100111111101111101000100000111101111101111110011101111101000101101110111111110111111111111110111111111001
1011101111011111111110001000111100101111100111111010111000101111110111111110111100011100111110111110111011010111011111010101111011111111100100101111111110100011110110
1001000111111001111110001110111011101101000100111110111111111111101111010010111011111111111111101101101111011111111001111101111111101111011111101111100111011111111100
1100111110101101111110001111011110011110011111110111011111111111011111100110111001101011111111011110011111100101000010110111011110011111111111111011001111110110101111
1101110111011101101011110010100111010001011011101101010111101011111011111011111111111111111111110100110101001111010011010011111011011101101111100111110101111101011111
1101010111111011100100110010001101011110110011111010011111001101001111111110010101111111001111000110111001101111110111111100011111111111001111111011001111111100011011
0101111011100111110110111101110010110000111101111111111000100100111111111111110001111111000010110001011111110111001111010111111101110111111111001011101111011111110111
0010011111111111110100010010110110111101011101000111100111111101110001011111101101110111111100101110101101110011111101111010110101111011011111101111111101111001011001
1111101110110011111011101011010111111100101110101111111010111011111101011111010111011011001011011001100100110110110101010101111111111111000011110111111011011011111011
0011110111100010111101110011101100100000010111111100011011101101111111100111111111111010000111011010010111101101010000010101011111111111111111110101100101110111111101
1110101111000110111111110100010111111111111111101110010101111011110100111110110111011111100111111001101110111001010101101001111111101111101001110111111001100111111111
1111101000110110000101011101111001010111100011111101111101111101011111011111011110111101111101111010011111111011111111110111111100000111110110100101011101111101111011
1111111101010111100110111011101001111100111101101010111111111101111011000011110001111111110110111111101001101111111100111010100111111111111111111010111101011111111111
1111101011101110110010101100101110110111001111111101011110110110011101101110111110111110101101111111110110111111011111101110111111111111110111111101110111110110101111
1111110110101111101011100011111011011111011101110111010111011111111111111011011111011111010111101111101011111010110101110111111111111111011110111110110111110111111111
1110111110111110011100011111101111101111111011111111010010011110001111111111111011001111110010101111011111101110111100011101101110110110011111111100110111111111110111
0111101111101110001111110101101010110111111100010111110111111111111111110111111111111110100100111010111110110011110011101111111101101011111011111110110001111110111111
1101101010111111101111110101101111111011010111011100101111010111010010001001101010111011011011110001110001101111111110111101111001111011111100110111001011000111110111
1111101111111111100101010100001101111101111111110111111110011111110111010111011011101100101101101001111010010100101111111111011111111011010111110000101111111011101110
1010111111101111101111101001001101111110110101110110110111111111010111111001111111101111111110001101100110011011101111111011111100111111010111111101100110111110100111
1111111001110001101101000110101110011011001100110100111101110111111110001111001111011101111010111110101100011111011111111101101001110010110011010011111101001111011111
0111011111011111101110011111011010111111001111111011111010011011100111111111110111110001010111100001111011110111111100001111111111110110011111011111111110101101111110
1101101011111011101010011011101011111010110111110111011000111001111111101101111001011111111011111001011001111111111111111011000111101111011011100110111001111111111111
1111011011101011101101110011111011101111111001111111011001110111011111100111101001010001011110101101111011010101011110101101001010101110110110111111111111010101111001
1011011111111100111011011100111101010110011000101011111011011111110111000111111011110111111011010100101110111110001011100111011111111101100111111110110110011011111111
0101101110111010101111011111011111110111011100111110011111111011111011100111111111110101111010011000010111111111111110100101111111111111011111110001111101011111011011
1111110111111111100011111110111111110011111111001111111111100100011111111101001111110110111011111111001111111111101011011011101111011111111011110111101110111011100011
1001110110110111111011110110010101111111111101000011011111111010111111001111111111110001101110101111101111100111101011110010111011011111010000111101111101011111111111
0111111111101111111011101110111111010100010111100011101010111111001100110111011101101111011111011111111011111111110001111111111101011101001111111100011111110101111101
0111111100111111111110111011111101111111101101100011111111100111101111010001111110111111011111011000000111101001001011101111101011010111100111010010111011101001100111
0001110111110111111001110111101010111011011111111101111001011110111111011101011011110111011111111111111101011101001011101011010001011111001100111101111101011111110101
1110100011110011010110011011100101111010011110111110111001111101111111110101011000111111111111101111100111111011111111111111011110111111111110111111111101110111111111
0011100011100110011111100011100110001111110010101111001110111100101110110011111111111100110101101111111111110001111111101101111011111011111110011111111110101111100011
1011111101111100101101111110111111111011111111110111001011010101110110111011111001011111011111111110010011011011110011111101111011111111101010101110011110111001100101
1011001001011111110111110110110111000110111111111111110101111111101101111100111101011011110111111111001101101101111011111110111111000111001101101000111100101101101101
0111111111101111110010111101001111101111100001110100101010101101111110011100100001011111111100111100111111111110110111110111011111111111000111111001011011011001100001
1011101101110111110110111101110011111111010011111100110101011111010011001011111011111011111101001011111111011101110001011110001101110110011111111110111101100111111110
1111110110110101110010111101011110101101100111110111011010010111110111001001001110111111010111110110111110111011001111111110101011110110111111111000011011100011111110
1001111111111111111111111011111111001001101101111101101100001111111111010101011110111011101110110111111111111011111100011111111111111110011011111111110111110111110110
0011111111101111111110110001101111111111111111011011111011001011111011100011111011011111111111101111011111101110100110100011111101111100100111100110110010011101101111
1011111110011011111111111101111110111011011011011011101110110110101101111111111101111110110111101011011111011111110010101111011111111000110011101111011111111001111011
0001101111111010111111110111010111111111100110101111111111101011111011100110010111010110110111111111100111101111101011111011111010101011001111111111111101111111000111
1111011011110110111001111000101001111111110111011110001011111101101010001111100001110011011100101110100111111011111101110111011011011100111101011110111110001001110111
1111110111001100111101111101111110101111111111001101011111110110010001111101110111111010011110111011011101111110111111101011010111111101111011111111101001110111001111
1110011011001110101011101011111010101010111011010111111101111110001011111111011111111110011110111110111011101001110101011110001111111111011100011111100111111011111000
1111110111011110111011011011111111101111101111110011010111110101001011111111111101010101111111010100111110111001100111111110110111011100111011011111010000111011011011
1110101011001111010110111110110111111000101101111111101100111110110111111110111101100101101101111100111111111101110110011110110110111010111111111111111101011011110110
0111101000101111111011110110111101111011111110111111111101101000001011011111110111111001111101101001100111111111110111101111110110011111111001111111111010010111101100
1000110111111110011111111110010110111111111111110111110111110110111101101001110011000100001111101111011101111001100111000111011111101111011111110110111001101111101010
1111011100110111111111111111110111111011011111110111001011111101111110101011011100111101111110101110110010011111111111011111110101011010111100011011011111011111111111
1111111111100111111111011110011001111001011101101001111000011101111011000111101101110001101011111001100101111111111111110101111111011100111001111101111111010101001011
1011111101111101110101101111101100111011010000101111111100101001111100001110111110111111111111100011111111111110011101111111111001100111111111111011010110111111111110
0100101100111111011011001111101101110101111000110010011111001011111111010001111111111000111011101111010110111111011111010111011011111111101010010110101101111111111111
1100111010101111101111010111111101011010111111111011001100101111111100110001111011001110010010001101101011111111101111111101110001011011001101111111111100110011111011
1111011011011011101011111111111111111010110111011000110010011110111101110001110110111000110111101110010111001111111011011101011011011111011110101111111110101111100101
1011111101110111000110001011110110111111111111111111110011111011110111101110111111011011011100001111011110011110110001111111110111110110010011011111110111101110011001
0111111101101111101111111011011011011101011111010100111110011011011110111111000111111111111111111011011111011011110001111111111111101110110010111111011101011111111100
1111101010011111001101111110111111111011011011011111111010111101111111011111001011110011111110101111111111110101011110011100101111100011111101100101100100010010001101
1110111111011101110111111001010101111111101111111111111011111000111001111101010111110111101111111101111101111100111111111111111101011011101101101111101101111111011000
0111111111101111111101001101111101101001110001111100101001101101111101111011101011001100110111111111110111100111111010100011001111111110101110011111111011010111100110
1111111111101110111100101000111101111111110011110110100011110101100110011111111101010011111101100110111111101011110101111001011011111111111111111101111111100011101101
0100111111111001011100111111111010111011111111111010111110011111111110101101111110111111111111111111111111101111111011101110011111111001011101111111110000111100011111
0110111111110111110010111111010111001111010011111111100011101011101101111010111001010110011111100111111011111000111111011011100101111111101100111110111111110111111000
1111111111100110110101101111111111101100111111110111111111111111110101111011111011101111111101111110101111111101111011101111101101011111111111101000011111011101101110
0111111011101011110101111110111111111111101000001101111111111001100101011111100101010111111000011010111100111111111011111110110110111111110111110111100101111011111110
1001110101111111001101101111001111111011101011101111110101011100111011010100101101111011111110111110100111111111111011111111011101110000111011011011111100110111111110
1011111011101101001000111111111011111101001010101111011111111111100000010101111011111101110111100100011111010001101001111111110111011111101111010111111111100000111101
0111001101101011010100111111101110110101111111011111011111110010011101110001111011011110011111111101011111111111111111101111111101110011111111111101111111111101110111
1111101111100111111011111001001111011011101011110001101110111100011101111010111111011110011101110110111111010011011100100111110010101011110110110111101011011100001101
1111111111100111101111111001000110110101111111101111111111011111110101011111110111111111101011111001111011001110111101111110110111111100111101110110101101111111011011
1011001111111110100111111101100101000111101111111111010110110011111111111001111011111101110111110101111011111110111111110010111110011111101111101100111110111111111100
0111111010011111111111111101011111101011010100011111111111111111111111010011111111110111101011110111111111111111111111011111111100111111111101011101100111111111001101
0011110011111001010001111110111010110101111111111111011001111101110011111110111101100111011101011011111101001101111011100111110111111011111111111111011011111011011011
1101011110111101110110111100111101100110011010101111111011011100011110111010101111110011111110111011111010011111101000010101010111011110111110101101111111111101011111
0101110011011111101011101011001111111110111100110011111101111111101111111010111111110111111101011111110111101011111111111100111101010111100011000101111111111011111010
0111011011000101111111011010111111001100101011101110011101100101111000100000101101011101111111101001011101001010010101110000101111010101111011111100011110111111110111
0011111100011110100111110001111111111011101101111111111110011111101111101111111101011101010011110101111111101111001101111100001111011111110111111111111110011111110010
1101111111110110111111111101000011110001100110111011111101110110111011001111011111110111101100101011111111000110100010011111111111101101101111111101111100111001111111
1111110110100011010101010101010111111000100000111011111011111111100011011011110111111100100111100101001111110010111110111011011101111111110111110000111000001010011110
1111010011110101111110100010101011110111011100111011101010111101000110111101111101100001011111111110111101101110110101101110001011101011101101101101111001110111110110
1111111110010011001011101101101011101111110110011011100111100110111101110100011111111100111111101101011111111011111111101110100111011111110111111110011011001101111111
1101111111111001111111011110010101011110011101001010110111111001111011011011111111101011111111111101101111010111111110111111110111110111111110111111000110110010111010
1100110110111111101111110111001110111010111110111010101111111001111010010101111011111011111111011111110110100111011110011111111101111110100111001101111100110111101111
0110101011010111011010111011111101011001100011110111101111111111011110111011111111011111100110111111111001111110111111111101111110111111101111110101111111111111001001
1111111101100111011111110010011101111011010111111101110111111110111101011111110111110111111101101110111001001111011101001101111111111101110101110010011101011101111111
1111111011101110111101111111010110110100011101111111111110111111101110110110111111110111111110111111110110111110101111110110111010010010001111010111101010101110101011
1111101011001011001100010111111111111100011011111101101101110111111110111100011111111101001100101011101101011001111110111111111101001111111110111010110111001111011111
1110111101001000101111100011101101101011111111101011110111101011011111111101111000111111101101000010110101100011100011100111001111000111101111111001000111011111001110
1110111111110111101010101100011111110101101011101111011111111111111111111111101011111101011111111001100111100010011111110010111111110111111111111111110011111101100111
1111111110000111111111111110110011010110111111111010001110011101001101111111011101011101011111001101011111000011111010111111111101101011101011101111111001110101011101
1111111001111101110001101111100111111101111011111001010101111111000101111111100111001101111101111111111111011100001110010011110111111111111111111101111101111111101101
1111111100111001011111111111011111001101111101111111111011101110111111101110110111011111100111101000111010110100101111101001011111110111100011111110101111101100111111
0010111111101011011110100101100110111111011001111001111110111111111111100111101111111111011111100111110101110101001101111111111111101101110100111101110011110011111111
1111100111111111110011101101111111111100111101001001111110101011101101111011111111111101111110110011111110101100000101110001011101111110101111010011110011111010110001
1111100010110111101011100011000111010111111111110111101001100111000001111110011101111111111111101010111111101111100101111110111101010101011111111101010011111101111110
1001111101011100111011000111101111110111111101000001100101110011111111111100011010100001111100111011111111101011111011111011111110110111101111100110111101000111111011
1111110111001110010101011110000101001111101111110111111101011101011111101110011101111101001110100110111101111111000101111100011101101011111111111111111110011011010110
1110110101011111011111101111101101101011101010111111111111000111110111111111101011111111011110111001100111011001111110111111111111111111111111110100111001111111111101
1111110011101111110100110101001111101111101111011111111101011111010100110101101111011111111010111011110101111101111111010101111110110011011111111001101111111111111100
1100001111011101111101111111110110110111101000111001011111100110111001111111111010101110011101111110011101101110111111101111111111101111111110011111111111110111101111
1111101110110010110000100101001011011111111100101111111011101101111101010111111011111111010100101111111110100101101111010000111111111101111111110101011111110110101110
0110111111101101100111110110110101111110110111001101111111101010111111111111111001011111110111101101111111110100101011110010010001111111000101101101100011111111110011
0101101001111010010000011011000111101011011010111111001111111111111111011001101101111111111110000111111001111110101101010100110101001011011111110101001111111011101110
1111111101011011110111111010111100111111111111101111110100111111000111111111101110110111100111000110011110110111110101110000111110111101011001111111111111111111111111
1111111111001111001111101011101111111101110001111100111001110100011101110101111000111011111110110100111111101110101101111011001111101110011110101101111010011110111011
1011111111011111011001111111111101101111010011011011111100111111011111111111101011001111111111100110011111101111111111111111001101111111111100011100111101010111110111
1111001111111101100111111110111101111111110111111101111111111110100010111010111111010101001100111111001111111101111111111001110011010110111111011011111111101011011110
1101100111011011111110110111111111111011011011101001001110111001111111100001111101111111011111111110111110111111111111111011110011111011111111001011011001101011101011
1111111111011010010011111100111011110010011111110101111101101111111110101011110111001010111011011101110111011011100101111001101101101111111111111111111111111101001110
1111111111001101111101101111111011101110111011111110111111111011110011111111111111110111010011111111111010111111111011011110111110101110010110100101111100011111111111
1001101011000111111011100111111011111111111111000001110111111101101010011001110111101101110110000111011110001111110111111101110111001110011111111101011111111111111011
1111001101111001111111011111110011110111110011111111110111111011111101101111001111111111011111111010111111001011011101101101011100001110010110111101110011101100101111
0010101110110111111111111101111011101111001111111011110100111111111111101110101111111010111111001111101110100110110011011111110111110101110111011011111111001111110111
1101111100101111011111111110111111110001011111111111011111110011110110111011100110111010011101111110111110111011111101011101111011111011110111110011100111111011111111
0111011111001011111111110111111111111111111101110111111111100100101111011111111110111011101111101011111101111111010111110110111111110101111001001101111101110111111111
1111011011110111011111111111111111101111001011111111111100000101100110011110011011111011101110111111110110111111101111111111010110001110101111001010011010111111101111
1110011111111110011111011010011111001100100110100101110001011011011101111000111110111111111111111111111110111111110111011000011110001111011111111101111111111111001110
1111101111010011111010110011010111111111111101110001100011101011111111110011110011011101110111011010110010101010101011111011111111111110101111111100110111011111111111
1110111011111110011100111111011010111100011001101011111011100111111111111110011111110111011111010101010101111110011111111011111110100011110010011100100101101111110110
1011111011101100110111111111010111110111010111001111101111010110101011010110011111111011111111001111111111111010111111111110111111111101110011001111011011100111110011
1110110101001111111110111111110111111011111111101101110111111101011010011011100110011111101011111110111101111111011111111010101111111101111101111010111111011101101001
1000110111111111011110111111111011011011111011101100001111111111011110110101011011011111011110111111101111011111011111101111001110101111110110101110111111111110001010
0110111011100111111111111101111111111111001111111011011111111101001110110110111011111001111011011111110110111111101111101111100011110100110011011111010110111001111111
1001111010001110111110010100111011111111110111111111100111100111111111111101100111101111110110011110110111111011111011111011011010111100111010101111111100101111101101
0101111011111111011111110111000011111001010110011011111111101111111101110111101111110101001111011101111000111111101010110101111110111011111111110011111101001111101101
1011110010111111011111101001111101111101011110111011110010111111111110101111111111101011111111111101111101001111101111011111110011110010111101110011111010011111111101
1111111101111001011011111111101010101100111110100101110010111111111111011111101101101110110010001000110011101101010110010001001110001101000111111101011011011111111111
0111101011011111111011111111111101000101110101110011100100101101111101110111111111001111100111101101011101011110111010111111101111111110100100111110000011011111100001
1011110011101111111111101011111011111011111111110111101010110111101110101111011111101111111101101111001101101111110111110101111011011110111011011100011111111011110111
1101111111101001111111001001101111111000111111011111111111111110011111110111100111110111001011111111101110101110111111011001111111111011110111111110101101101110111011
1111111111111111010111010111101110000110111101111111111111001111001111101110101110110111111011111111101111000111000111111011111111101011100111011110110111100010011111
0101011111010111011111111111010111110011110111111011111010101110101001111111111010111111011101111100011110110011000110111011011011101110111011111000111010111101001001
0110111110111011011111110110100001110111010110101100110101111010100101110011000110110011101111111000110101111001111010111111101010111101110111100111101101010011111100
1111101111111010001100111111111111111110101101011111000111101101101011101001101110111011110111100001100110111111111101111111011110111110111111001011111010011011111011
1011111111111001101111011101011101111011011000101101111011101101110010011111001011101111011111110101011101001111111001111111001110110111101101110000111100000011100110
0110111111001011101110111111110111111011001111111011010100111101111101111100111101111101111111111101011110011110111011111111110011100111110011100111100111001110101110
1110011101011111010110101111100110011011111011110110111100011110111011011011101001011001111111111110100111111011011011100111101111111101111011111111110101010111011100
0101010111111111111110111110011111111101111101011011101010110101000111111011101101110101111101011001101111111111001101111101110011111011111111011111010100011011101111
1100011011110111111111110010111011111111101011110011100011100101111111011111111110101100011110111011011101110010110111111111111101101111111101011111111011111100111101
0001011011110110010111101011111110110110111111111111111111111111111111111110101110111101011111111101101110111110101111110111011111101111111110111111100111101100100101
1011011111101111111111110010111111111111011110111111111111111010101111011110100110111111001000111101111011001011111101111111110101111111011110111111110011110111011111
1101011110111011111111101111111110111100111111011011000011101010111001011101101001101111011011111111110010100101111111100101111001101110011100100110111011001010100000
1010010111111100010110111101111111101010111111011001001011011001110111111101111011111110111111100110111111110111101101111011101111110111110011111110011111011110100111
1101000111101101111101111010011011111111111010011111011011110111001101011010110111011111101101010111101010111111101011111011011011011111111000111110101010111111101011
1111101111101111110101011110101111111111111011110101100011111111011011111100000101011101010011111111111011111001101110011111111111111111111101100010111001110100101101
1111101111111011110110011111111111111101101111111111111100011111010001101111010011000011110111010100101111101111110101010101110101111111010110111111111101000111101110
