0110011011010101110111111111100101101111111001101001111010111101011111111101111111101111001100111111110110101111001101111111
1010011011111111101101101111011101010111111110110101111111111001110111011101100001000001101111101111001011001011110011010010
1101000010111011111111001101101111111001111100111110010000000010111111101111111110111111111001010111111101111110001111101111
0010110111101111011101111111111111000011011011111101110011110011101110001011111111110010101100000111011011011110110101110001
0001010111110111111001111110011110100111011011110101111011001111011111101111111100111010010101101111111011110011011111010111
1101101111111100011010101111001111101100111111111111111011111000011111111101001111010111101111001011001110010111101110101111
1100010001111110110111000111111110001111111011111111111111100111101100110110011101100101110110101011101010101111011011111111
0001110001011111101111011111111111010110111101110010110011111101111111101011011010101011111001110110111110111111111111111110
1111110001101010000011101110100111110001101100111111111101011101111011101111110111101111111111111100110110011110011011011000
1101111110111111110011111110110111101101111111111101101111101111111101101111110111111000101111111100111101111110111110011001
0111111011011111101111110110110011111111011110111111010110111011110110101111110111101011111011001011111011111111101111100110
1110111101101111111011111101010100101111100111111110110100101110010111011110011101101000101010101101111111011001111111110111
0111011111110111111101110111111110111101110111011010111111111111011111111011101111110001010111111110011111111100111111101111
1101111101111001110011111010110011111010111111111110111010111101001101111111010111110111111011111110100011111010100100111111
0111101111111001110110001111011011101101011111101101101101101011111011001110111111001011111001011110101101111011111110011011
1111100101111110011011111011010010010110111111111101111011011001011111011101101111110110101111110111011010111111111111111111
1110101101111110010110111111101111111010101101100010111101001110100110101111101110111001110101111011100011001111111011010100
1011111001011111100110011111111101101100111101110011101111110101011100101111001100011111111010111011010101111111100110100111
0111110100111001000001111111111100110101110111100011110110100111111101110001101110111101110011111100111111111101101111111011
1111001100101010110011111011110011001110010111111011101110111111010001001111011111111111011110101010001001010111011001110110
1010011111110111110101111111111111111111110001111011111111101111111001101011111110111111010111011011111101101010100111100111
1111101111111101001110010111111011111111100011011111011110110111011011101000111011111101111010111111101001001111101101111111
1101110011111101101110011110110111110011111101101111111111111110110001001111010101101111010111101010011101011011110111111011
1001100101111101111111101010101110111010101110111011011010010111101101111111111111111101111011110100011101001101011010011101
1111110111010111111110110111110101101101001011111101011100100111111111111101110111111010111011100101111111110111010011110111
1111111111111010111011101011101100011010011011101101000011110101111011110111110010111111101111110110001011011111111011101111
1101111111101111111111111101110010111111111111010001111101010111101101100110111100011101011011111101110101110101100011111011
1111011100011011111111001110110101100011000111111111111110101101010001101100111001111110111110111101111111011010111010111111
1011001111101100111111111111011100011000111110100000111111111001010011101001111110100111101111110111100010101011110011111111
0101101101111111011111101011101101000111111111101101111011111111101111111111111001111111110110001101001000011011011111110010
0111111100001010111011010100110101011111001111110011011001100111111101010111010110101110111110111010010111110111111100011001
1111111111011000111010111101111001101110010111011011011110110111111111111111111011110111111111111111111111111011011101110111
0011111111101111100111110010000001111101110110110111011110101101010101101111111001110101011111101001111101111011111111110101
1111010111100110110111101001011110011111111010011101101111111101111111111110101100110001001111111110011111011111011111011111
1010110011111110111011111011000110011101111110111111110100111111110110110011100001111111110011011111110111111110011101011111
0110000110101101101011110110101011101111101110010111110010100011001100110101010111010011010110110110110111111011111110011101
1010011001111110110111011110101111110001111111101111111101111100110111111100111100111111101101001111111010111111111111111111
1100111101111011011111001010011111110010101110011111101010100011111111110111110110111101010110011101110001101010111010110101
1101101100110101100111110111011101010101111110010111110111111111101111101111111111111110111110101110011011111110101100001111
1111101011111010001011101011011011111010111101111111111011100110011111011111010111110111101111111110111110111110111111010011
1110011111011101111011110010110011111111001110101110001111011110101101100110111011110111111110111111011111010111111111000011
1111111101101111011110100110110111101011001111011111010011010111110110011111011010110011111111011100111111101111101111101111
1111111111100111110000111110111001111111110001110011111100011011110011001101111010111010011100111011101111111011111011011011
0110010111111111111100110011111110111111110001111110110010010110110100000111111111101111111101000110111111111111011111111001
0101111001111111001101011111111111111110110001010111111010111111111101111011101100011101111000001011111011111111001010001111
1001111101011111111111101111011100001001011110111110111111111101010011100011110111110111110110111011111111111111111101101110
1111111111110111111110111101111010101001101101011011101110001010111111011101110111110110111111110111000111010111111001011011
0111111111111101010111011011001111110111011111101110111101111111111010111011110101101111000101111110111110111100111010101010
1011011011111111000111111101010101101101110101110011010110100101001111010100111101011010100011011111011000111111111011101111
0111111011110111000001101101010011111111110111010010111010101111111101111011110111111111110110100011101011111011111011101111
0010011110111100111111110001001110111111111111111101111011010111111101111111110011110111111101111110110111111111110111000100
1101111011100011011111111111011111111111011010101010111111111101010111110110110101110001101110111111110111101111101110101111
1101111111011111111110100011110001111111001111110111011001010010011101100101100011111110001111011101100100011110000111111111
1111111110111101101011111011111110111011011111011111101111110000111011101011111101111111110111111111111100100011011111110010
1100111011001111110111111011111111001101101011110111110011010111100101110111111011011111111111111110111100101111101001000100
0100001011111010111111101011100111101010101001111001010000011111011111110001110110110111001111110101011111110111101110110101
1101111101101101011111110101110111010111110111101111011001010111101111111111111100010110110101111111101111001111110110011111
0101111111001011110010100110111001001011110001010011111010001101111101010101111110011110110111000111111011100011011011101110
1101011101111110011111101101111111111111000011011101010000011111111010010111111111111101011100001101101111110011101001001111
1101010110101101010101110110110101101010111111010011111110101111111000011010001111001111111110011111011111110101001111110111
1100110111111111100110100001110011101010101011110101000101110111100110001110111111111111111101111101111110011101111101110101
1000101111011100111111111111011111101011110111011111001111111010011111111111101111111111011010111010110010011110111111111000
0011101001111010101111111010011100110111111110110110101110111101001100111101111110100101011111111111011111110111110110111111
1101101111101111011111011111111111110110011011011111001111111010101111110111111111110111101111111101001000110110000111101101
0111001111100010101010111110011101101110111110110110011011111001011100101111111111110010111010101111110011001101111110110011
1110110111111011011111101101101111101101011111110111110101110100101011101111111001001011101001111111111001101111111101101101
1011111111001111011011011110011101010111100010111110110111110111110101001110111001111011100111111101110111011110101110111111
1111111101111101111000011010011111111111110110101111101111001111101010101110010111111101101101101011110111101101011101111110
1111110110111011100001001100110101101111011001111001010110101101010101111111111111110110101111111110111111101011111111011011
1110110111011111001111111111111111001111101011101111111111000101011010111101111100110011111111101110110111110111111110101110
1010111111101100111011011111110111111110100011010111111110000111110111010110101001111100010111100101001110000111110100110011
1100011000011101001000011100011101111101010010111111001111110111000011101111111111110110101111111011111011011011110101100111
1111110111111111110111111001110111001011011010110110010010011110111111010101001110011111011110011111101101110111101011101100
1110111011110111110100111111011111011111111100101011101011101111111111111011101011110001111111111011011111001111100111111110
0011101111111110110110110110011111100111110111010111011010111101111110110101100100110111111110110001001010011011111100111100
1111110111101101111110111100111110110111011111110110111111100111110011011110111010001111110111010010101111101011111111111111
1111100011101011101011011111110111101110101111111111111111101111111011110111010001111000111100110111101100101111110001010011
1011101111110110000111111111111110011111111101111111011111101011111111010001101101111110111111111110000110111111111101111000
1011111100011011111111010011110111001010111110001000011011111111111011111101010111101001111101011011111110101111100110111111
1011111011111111111110111010101001011111000111111101010111111111100111011010011000011110011111011111000110010111111111100111
1011010111101111101111011100101100010111111101100110101101111111100110011101001001110101001110100111111111110001111101101111
1101011011111111000101111001010110110011100101111111111000111101111110110100111010011111111110111111111111101101011110111010
1011101111111101101111111101111111101111111101110111110100101111101111110110111010001111010110110110111001101001111011111001
0011110001001101111111011111010111111111111011101111111111101101101111111110110111001111000111011111111100111100110011011011
1010100111110010111111111111011000101110001110011100111001111100011100101001111101110101110111100011100110000110001101111011
1010011010000101011111110111111110101111100111110110111111111111000110111011010111111000011101111011101000111011111111110101
1011110110100111010110101101111100111011111101111110111111011101111011011011010101110001101101001101011111111011111111010101
1110011110101110111111110110110111111101110111010111011100111111011101001111001011111010111100111111110011111110110011101101
0111011111110111111001011101111100101011110111101111011011011001111111010111111001001011000111010101011111100011001111111101
0010101110101110111111111011011110110110111111100110011011111110100001101111111101101101001101011011111011111011101010110101
1111010111110111010101011111101111001011111110100011101100111111110111011110111111000111010010111111111010101101111101011111
1101111011001001100110100101111111011111111101110111111111111011001111111111111111111111110011101011110000101110111101101111
0100011011111101011111111111111111110111110001101101111101010111101011111111010111111000101101100111101010111111010011111111
0110110111101111101010111110100111101001010100111010111111001011011111110101011100011110110110000111110111111110111010111101
1100101111011101111101111111101111010011101001110111011110001111111111110110110011101101001110011101111111101101111111111010
1010000111001111111011010111101101110101111001111011111110011111011010011111111101110101111000101101110101111101101011001111
1100111011111110111111100011011111101111111011011011111010111111111111011100011101010111011100110000001100110010111111111111
1111100111011111001001011111110101111111110100111011111111111011111011101000110111110011101011110001101111101110010101111001
1111111100101111110111100100101101111011101111111111011011010110110111011101111111111101011111000000101110000101011011111111
1111111000110001110011001011110110101100101011101101110111111011111100111110101111011111111111110100110111110111111100111111
1010101111110110101011001011100110111101011111010111111011101100111111011001101011111101011111110111011110011011110111111110
1011100111111001011010111011001111111111110111011011011101011110111111010100001011110011111101110001100110100001110100111111
0111111101111011001111111101010111001011111111011100011111111011010010111111101011110110111010101110100001011111011111101101
1010010111011010011010111011001111110001111101110011111110111010001111101101111111011010100001111111110011111111101111001101
1101111110111101101000001101101101111011111111110111000111111110101111110111011111001011111011100111110100101000100011111100
0111100001111110111111111111001111110110111111100111000111110010111111011101000011100011110001110101001100101111101111111011
1010101101101111011010001010101110111111011111011111011101110011010111001001111011110111111111111101010111010100111111111010
0011110111111111011100101111011111111011101111111110100100111111001001011010010110010111010011011001101100101101111111111111
1111001111111111111011110101110111111111011111011111101010001100111110010111111001110111011111110100101111010000000011110111
1011011111101001111101011110001001101011110111111011101110011111111101101100111101011001001111110111001101110011001110111011
1111111111100111110111101101111111111111111111101111111111100111011011111111111100001111110111001101101101000101011100011011
1100111100110011111101111110111111011000111111101111011111111010110111111111111111100110111010110011111101010110111111011101
0101010101111111111011100111101010011111111001111111001110101110111011111111111110110111011101111001110111110001001101110111
0101101111011011100100111101111111111101101101111110010011001110110111110011110111110111001111101111111000110011001111010111
1010111111111011101101010101011111111111111111111101011101111100111111001011010111101110111101111011001101110111110111100111
1011110101111111011011100000011111111011110101000011110110011111111111110111011111001110101100101101111101110111111000110011
0110111111111011111010111111110011011101111110011111110111010111101011001101001101110111110011111010101111111101011001110111
1111101110111001101111101110110111101001111101101110111001111101010110011101110110111111101110111110101111111001111010111111
1011011100111101011111101111110110001100010101011101110101011111111101111111011111101101110111101111111011111100101111011111
1101101111010111101101111011111111111101001100100000110110011110101110100111111001111110111011101111110011111111110111101111
1010011111001111001001110111101001111010011111111101100011100111011111001111011011111001101111111111111111110111000001110101
1010111100111101110111011101100111111110010011001111101111111011011101011111001110000111111111011011111110011001111011111001
1110111100111111011111101111110101101011111011111101110011110010101111110101101111011000001110111011110001111110111111110001
1011111001011111011011111111101111111111111110101101100110111011111010110001101110111111111111011111011101011111111111111110
