001111111110010011000100101010001011010110101000100001010011001001100110110101000110111100100010
000000100011010011100000100010110110001100011101011011001000101000100101001000110100101000110010
100001011000110111010111100001101000100000101011011100110000010111010100110000010110101011111111
100000111100110111001101110001110111010011111011000110111111110110101000011101011111011000011000
100000110100111010111100110111000001101000110111001101111010110001010000110000001100100010011000
101000000101100000100011101011010100001001111011000111010111100101101010110100100101001000010110
110110001010011110010000111100101001101000010011010000111000111010011011111011001101111100111111
101110001010010101001011111001111110100000001111000010111111110101100111110100101100001010011111
101100110001001100111110010110111111011010000111011010010011100011000101111011101010001011100011
100111000010101000001000100011011111000000010001001001110110001110111101101011001001111110001010
110000110101000100111101011101001010100010010010001101001101111000110001100001101000010011101101
010001001010000010000101010111001010111101011000000011001001101000100100101111010011100000001010
001111000100001011110011101100111110001100011010010001001110111110010010100110111111000010110001
111110110000001000111001010001001001011010111010100001111101110101010000110100001000011111011011
000010101100110000110101010111100001100111101100100000001100100001100001011101001001101011100110
001100111010000010010001101101010111011000011100111001011011100011111100011101010110000010100110
111110100001100100000101010101000000001110110001011011100011110010101000011000011100001110111011
111100010000100000011010000000010110100011001100010011000000110001000011010001100001111101101101
010011001010111000010101000110011110010010000110010011011100000111100110011100100001110101000001
001010101010111101100001101001100101010111111100101111000011111000001100010111101101011001000010
000110011110010001000101011000111111010100110011010101101000010101011001000001000100000101000111
101110001011001010101010001100001000000111100111001000101100110010011010111100101110001110101000
001001011000100001000101100011011000001010101110111001010100101010000000000001011001011101110011
001101010011111110111010000101001010001111101011000000100100111001110011101111100011010100110100
111111110100100100010010011110010000110101110110101011101111001011100000011001111010000111010000
000110111011011010001000100010100101001000100110111101110111100101111010101101000010100010000000
100001110010100100011100100001100001000111000111010010001101001100100111010101100101111100110110
000010101011101110100101100000111101110100100101011010000001000000110100101011011111100011100011
110011001101001000100010110001000100111111101011001001001110100011011001000011001000001101001001
001111010111011110010011001010100111000000101101100110110101100001000110001001011011000100110011
011100111000101000011000011101000010001110010001110011011000111110001101111010100010010101011111
010101011100100101101010100100001001110011101000111001100000110001011110110011000001010111111001
101000111111110000101111000100010101010110000110100100101011110011011110101100001110000110001001
010101011100100101111000010111001001101111111011011111000100111001001110111110101100010101000111
110100011111100101101001000001100001011011101001010010000011110011111100100011000100001101011110
100110101100011100011000011101011110000001100011111100011000101110001101110100100101100010000001
001010110011001001000000100110010100001011010001101110111010110001011110010110111000010111100110
100100001001010100111000100110011010001101101000101111111110001100010011010011101111001011000101
010011101001110110000011010010100110110011111010010101010001000000111000011110101110101111101111
110000000001101010011101101110101100010001110110001100111001100010011110101001011100010110101110
100100001010011011110111001010111110101000011001000011110110001011011111000101000000110101001110
000101000001001001010101101010010111111100001001110100000111001100101111001111000100010000010100
101111000000011010011111110111010111011100001110100110101101000010110011001100001000001011100101
010111100111110110011000100000100100101110000011110001111000111010011101110011001001001001111111
111101010001111101010011000011010110011011100001011100101011111010010111011111011010000100101010
010010011000001101110110111101001000000100100010001000011011100000100011001101010100101110101000
001111111010110000101111111010001101001100110100000010001010011110000100001011100000010100000001
011111111100000010001101001111100111100011011000001010100101100000100100001001111010100100110011
100000000000011100010010110001111001110001110000001000010000001011001111011010001010101010110101
011000101000100111101010011100110111001001011000000100110011100100100010011111111100100010010011
011010001110000110010110110110010101110100001101100001010101111001001111011111110001000110101110
001111000010000000011000010001001101111101101000010001000101000111011000100100010010011010010111
010101011001000011110000101101100110110010100011000001001001100101111000100110101110010000111100
110011000111110111111010110010110100011010010000001110101011100101110111111011111101010010110011
001110110100010010001101110001011000110110111001010001001101010001100000000001101011110011001110
101111111100010100100010010001100001111110010100111000000111101111001110100001100000110001001111
010110110011111100101100101010101001110100111110000011100000010110011001001100110110100000001100
000101010110111000100111111011000100010011100001001100110010110011111101101111010000000110011001
100111011100100110010000110010001010110011001110010001010101111000010110001100111010011000101001
100101011011010110010000111101001010001101101101011111110010101001110111101001000111001100110111
010111111011111111010111010011111111100100011101011011010111011011011001010111110010111101010000
001110110010110011011101000000111110100000011010001000101110100100111001001000100111010110111001
110000100111100000010011101000100101010011011010101000010011100101010001111101110100111010000011
001101010100110000101000011000100001010001000010010111011000011000010101111101100111101100001001
001100101100100110100110100010101011000110111010100100011100100001000010000010101000110101011110
101011011000011101101001110011011110100010000000101111110101101010010010110111100011000000110101
110101010111001110100001111100000010001001100101010011100101010000000000000110100001110111100011
001010100110110100001101010110011010111110111000000111001111111101000000110101101000011100001010
000101100100000110011100010010111111101111010000101110011100110000000101000010011100011111110010
111000011101000100110000001101111111100111011011101001010111000100001001010100001011110101100111
100001110000100001100101011001011100110111101100111001010011000011000001000111000111100001011000
010000111110001001001001001010100001010011111100101001001101111100001110011101100101100111001000
101011111111110000000101010100111111000100010000000111010101001101010000001101010001110101101110
101111111000011111110100101000110101111000011000111001000000101101010101000111111011001001011101
010100101101001110100101110101101100001101101111111001001111011100000001100100010111001110011101
100101010001111100110101011000001101101011101100011110001110101101110111111001001110101001011100
000000101101100000010001000110110110111001011010111011000100100011101010010000101100111100101011
100100101111001101011011111111010010010111011111011001110101101101010011110100111110001010111111
010001011010100001110101101000100101111000000011011011111010111111110001010011010001111011111010
011100000001100110000010100101000000100100001101011101001110101000001000111001100000101110101111
000110111110111010010110100111001100111100111001110011100010000010011100010111000000110000000010
111111110000100110011100001100001111011101000100010011001001011100001011001111000001011100100101
101100001001100100000101110101101000011000001001100110101011110101000110011101000001111101000110
000101100101101001110011001101010001010000010000001001100001010101100111111000100110001111010110
111010100101001001100000011100000001001010000101110000111000101110100111100110111010011001111011
100100100110010001110011001000110100100111000010000111110010111010111100100010101110100111111001
111101111100011011010110001010000010011000110100100100000011101100011000011111110111100100110001
100000100100010011101111101011111110101110001111001000000101110110111101101010010111011000101010
001010011110111110000100110100011001111100100100111101100100011000101001001001110001010000100010
001000001010011001111010100110110110111010110000000000110000100010101111110100100011110000010000
111000101010101111000111001101010000101100111101101011000011010001101100100011110100111110000111
011111110000110010000011101001110010000001010001110111000101110011001010011101100001111001001000
001110110111010011000100000010111010001110011100001010111110010110010011111111110000110100010101
001001110010001101001001001000100110111111110000101110111001000011000100111101010111000000101011
111001111101011110011010001101100110101110011001011101110001001010111100100011111011100110100101
001000111010110011101010000111111101011000110011110101010111011101100100011011010100111000101110
