0111111110010011111111111100110110111111111100111111111110110111111111111111011011110011111111111
1010001110111101111111101100111111111010011111001110111111011111111011110110011111010111111111111
1101111111111111001011111111101011110111010111110111010111101111110011111111111111111101110110110
1010110100111111110111011111111011011010111111111011011111011101101111110101110111011111111111100
1011011110110111011111111111011010001111101001110111111011011110111111111111010011111111010111011
1011101111101011111111001101111111110111111001111111111111110111111111110110111011111111010011100
1110110011010101011111111110111111111100111001110011111111111111111001111111101110001011101110111
1111110011111110010010101001110111001111100010101111110111111111111111011101110111111111111111111
1110111101111111111111111101111111111111111111111101111111110111011111010111110110111111111100111
0010011110111111111011110111111111111111111111111111111111101111111110011101111111110101010011011
0111110111011100111111010101101110110111110111011111110111111111111101010001011101111111101111101
1111101111101111110011011111101111101111111110111111111111011110001011101110110101111111111101111
0111010111110111001111011110110111101111100110111111111100111101110111110111111111111011001101111
0111101111111001111111111111111111111111111100111111100111111111111011111111111101111111111111111
1011110111011000100111111111110111111111111111111110011011011111111111111011111011111111111111110
1111111011011100111111001111111111101111111011110111111111111011101101001111011111111011111111111
1101010011110111011001111110110111111111110110011001011111111011111111011111111111101111111111011
1101111111110101101111111111011111111111111011101110101110111111110111111111110101101111100111110
1110111011101101110110011111110111111111111011111110111111111110110001111111111111111110111101111
1101111010101111011011101110111111010110111111111111011111111111111111111011111111101111011111110
1111111111111111011100111111111111011111101101101111111101101111111111111111111110110111111111101
1111111011111111110100101101111111111111111001111101111111111111111010111111011101111011111110101
1110101111000110110111011111111111111111111110111010111110011111111110111011111111111011111111101
1011101011111110111010101111111111111111110111111110111011011010111110011111111101110110111111001
1111111110011111111111110111101111011101111011010111110111101111011111111111110100001011001110000
1111111011111111111111111010101011111111111111111110111111111011111011111111011111011111111111111
0011101001011111111110111101111111111111111111101111111111101101111111101011110011111111111111111
0011110111110111011011111010011111101111111110111110101111101111111111111110111111110001111011110
1111011111111111101111111110001101111101111111011111011010111111110001111011011111101111011111111
1101111111001111111111110011001110111011111111111111111101111011011111000111111111111111011101111
0111111011110101010111111111110111110101111010011111010110111111111111101111111101111111110111111
1100011111111111111111111011111011110111111111011110111111111011011111110011111111111101111101101
1111111111111111111111111111011101001110111110110111110111111110111011011011111111011111111111010
0111011111011111111111111111101110110111111111101101111101110111111111111110111100111111111101111
1110011011111111111001110111111101001110111111111110111111111111100111111111111011111111111011101
1111011011100110111111111110111101001000111001111111110111110011111111111111111111110011111101101
1101101111011111111011111111110010110111111111110110111011111011001111111111001111111111101111001
1010111111111111111111111111101111101011111110110101111111001110111100111111100110111111101011111
1111110111111111111111110111010111101101111111111011111111111001111011110111111111111010111111111
1010110111111111111011111111111101001110111111111011111111110101111111110111111111101011111101111
1001111111111111111111111111111111111111011011111111101111111111111101011111101000111110111110111
1111011011110111111101111111111111111111101111111111011111111011011011111011101111001010100110101
1101111011010111011111101111111111111111110111110111110111011111110111111010101111111101101101101
1111000011111110100110110111110111101111011011111111101101111110111111111011101110101101111111011
0111000111111011111100111111111111101111111100111101011100111111110111101110011111111111111111101
0111111011100011011111011110110101111011111100101111011111111011111111111111111111110110111001111
1011111111011111011111110111010011111111111111011011101111111101111101110101111010111111101011111
1011111011111111101101111101111110111111111110101010111111111011100111011001111110010101110111111
1101010111111110111111110111111101110011110111110111111111001111111110011101101101011010011111111
1110110111111111011111011111111111111100111111001001111111111111010011111111010111101111101111101
1111111101111111011110111111111110111011111101111000101101011101111011101111111110111111101101011
1011111111111101100111001010111011010111111111101100011111101111111111111111111111011100111111111
1100111111111101011011111111010111111111101100111110000111110111101101111111111011011111111111111
1111111111111011101111111110111111111111011011011101001110101111111111001111111000011111111111111
1101111011011011111111110111110101101111110111111111010110111011111111111101111110111111111111011
1111011111111101111111101111011111110111111111111111111010111100111111111111011111111111111011111
1111111111110111111101111111101110111111111001111101111101111111111111111111011110111110111011101
0111111111110111101111011111010111111111111101111111100010111111111111111110111101111111101111111
1010011111101101111111001111111111111011110111110101111111011011101111110111111111111111111101111
1101111110111111111101110100111111111011111111110110101111100011111011010001011011111101111110110
0111101101111111111111111111111110101110111111111111011111100101111111101110111111111111010101111
1111111111111110011111101011101011100101101110101111110111001001111111111101111111111101111111001
1110111111110111111111111101111111111100111111011101111011110001101011110001110111111111110110101
1111011111101111110111101111111101111011111011111111111011111110110111100111110111111111111111111
1111111101101111111111110111101011110111101111111011111111111111011011111101111111110111110011111
1110111111101110111111111111111111010111111111101111011111011101101101110111111101101111110101111
1101111111110111100111111111011111011111110101101011111111111110110111011010111111111110111101011
1001110111101011110110111011011101111101101111111001111111101101011010100011101111110111111111111
1111110111011110110111111111011111111011011111011111011111111111101101101001111111111011100101111
1111111110111111111110001111111111111011111111110111111111111111111010111111111001101101011111111
1111111000011110011111101111101101111111011111100111101111101111110111001101111111010111101111111
1111111111101110111111111101100111111111111101111101101111110110111001001111011111101111011110111
1010101101010111111111111111101011111100111111011111111111001100101011110111111101111111101111111
1111111111011101111011011101011001111111100011101111111111101101110001111010111110111101111110111
1110111010011111111111111111111111111111111111000111110111101001011101011101111111111111111101011
1011101111101111111111111110111110111111110101111111111110110111110111111010110101111001011100111
0011011111011110111110111011011111110111111101111011111001101111111111101111011101111111011111011
1111110111111111111111111111111111110011000011110111111111111111111011111111100111111101011101011
1110011001101111101111110101111111111011111111111011111111111100111111111110100111111110011111111
0111001111111101111111111101111111011111011111011111001111101111111110111111111011111110011011110
1111111111001011101110100111110110111111011111110111101110111111101110110110011101111111111111111
1111110101111111111101110111111110111011011011001101100101111111111111111011111110111111001111011
1010110111111111111111110011111101111111101111100110001111111111111111011111111111011011111111111
1111110111111111001011110111011111111110101011111011111111111111101110101111111111101101111010111
0011111110111111111101101110111111101111111110101111111111111111011011011111111111110110111111111
0111110111110110111110010110111111101100101111110111111111111111111101111110111111011000111100111
1101111110111111111111111110111011111111110011101110111111101011111110111010101111101001001110101
1111111111111111110111101111111111111101001110110110111101111111110111111111110011110010110111101
1111001110110111111011110111001111111111111111110111111111110111111110101110000010111101001101111
1111110111010111101111110111111111110011100111011001111110111111111101010111111110111101001101111
1101001110111111101111111111110111111111101111101111111111110101001101111111111111111110110111011
1111101110111111111111111110111111011011111110011111111001111111011111111111111011101111111011011
1111111101100111110111111111101010101110110110111101111111010111100101111100101111111011001101111
1101110101111111111110110111111111111111001111111111111111101101111111101010111111101001111110001
1111011110111111011111100111111101110111111011111101110111111011110111111101001110111111110010001
1110101111011111111100000111111011000111100101111011111101111001111111111111111111111100111110001
1100101111111101101011110110111101111111111111111111111111101111111111111111111011111111111111110
