010110010111011111110111010110110010111111111011110111001
101110111110001011100010111001100001111001011011111101101
010111111111111111111111100001011110101101010000111111010
111011111111101011111101000110111111010111000111100111011
111101111010110011010101111110111100111100011110111010011
001110101111110001111111010100101111101101001111101110111
011111011011011101111001111011011100111111110111111110111
111110100010011100101111011111011111101111110101100101111
011111100011111110111110111011111111101001011111101111011
111101000000111101111111100100101011100101011010011101101
111111111001111110111101011110101101010110101100100101100
101101101010111010011111111100110101011101111110111100010
001111001111011110101110011111111011110111111100111011001
101011111111100000111111000111010011100111111001110101110
111100111111100101110001111000110011111110110011000110100
101000111110101011101110110011111110011111111111110010110
111110001011100100100111111011111001000110010101110111011
111111100100001100011011011111111101010100111101101001101
111101111110111110011100111110011100111100101111110011101
101111101111011001101111100101111101010111110101001101101
001101111111110101110111111011101100110111111101111111100
101111011111110110111011101111110101110001111101111101110
111001011101110111011101100011111010111111111110001111111
101111110111011011011110110111111010110011001110011010101
011010101101001110111111000110110011111111110110100111110
110011111011101111101001001111101111001111001111011011111
010010111011101011101100010101011100011110100100100111011
100111010111110001110101111010100000011111011011110100111
100110111010110111101111110101000100111101101110111111011
011000111000110111011111011010011101101001101000111011001
110111001111101111011111110100011011101110111110111110111
101110111001111111110111101001100110000011101111111110101
001111111110100111111011011001100111110110111100111111101
001111111011000101111100011011011010110111111110111110111
101101011100111100000011110000111100000011100001011111011
010101011111111011010100110001101000111000101111111111011
111011111100111000101111100011101101000111110110111010101
110110100011101101111111101110001101001000011101101111101
111011111001001100100010111111100001010111111000001001100
101111110111111111111010111110101100101010011101111110010
100100110010111110011011111100111110101100011111101110111
111101111101110100011111110111010110101000101111110001111
100000110011111101111110101011111111101001011111111101001
111010111101111111011110100100101100111110100101110011000
110011001111110101101111010111111101011111100111111110100
000111111011100111111111111010111101110111111001011100000
110111101101001100100011110110110101100011101000111110111
110101111000011111111100010100010011010111111100101101111
111111111011110111101100101111111101110111111011000011110
111010100101110110101101010111111111100101111110001011010
011011101101100001011111010011111111111110101111010111111
111101111111011010011110101110111111010110101111001001111
101111101000101110101011111011111111110110011010111001011
111100011110110011111110111011001011011001110001111110100
010001110110011101111111110100111100111011001011101101011
001111111001010110000110111110100111000111000011111110100
110111111100100011110011011111111111110011100011001110100
