01111111111011111111111111011111110111111101111111110101011101011111111111111111111011100111011111111110111111101111111001111111110110101
10111111011110110111111101111111111011110011111111110111111011111101011111111111111111111111111010110001100011001111111111111110111111010
11011111111111111111111110111110111110111111101010100111111100111101111111110110111111011110101111101001110111111110111110011111010111111
11101101111111011101111101101111111111001111011111101101111111111101111111111111111111011111101101111111111111101011101111111111111110111
11110110111111111111111001111110101111101111111110111111111110111011111110111111111111111111111111111101011111110110111111110101111111100
11111010011011111111110101111111110110011111001111111011110111111111111110111111111111110111110111111111111111111111111111101110111111011
11101101111111110111111001111111111111111011111101111111111011111111101101110111111111111110001111111111101111101111110011100111000011111
11110010111010101101101011110111111111011111111111111111011111111111111111111111011111111111111011011111110111111111111111111011010111111
10111011001111001010111111110010111110111111111110111111110011001111111111111011111010110111111110110101111111111111101101001111111001111
11111111000111101111101111011111111111110111111010111010011011011111110110111011111111111111110111101111111111101011111111110111001111111
11111111100011111111111111011111111110001111111011111111101101111111111111111111111111101111011111100110111101111111111101111111101110111
01111010110011111011111111111111100111110011111111111111111111111011111111111101111011110011111101101111110011111111111111111111011011100
11111111111101101101111011111111111111111001111111011111111001111111111111111111111110111111111111101011111111110001111011110111111111111
10111110111110011111101111101011111111111011111101110111111101111100111110110111100110101011111011111011111011111111111111111111111011011
11101111011110011001111111111101101010111111111111111111100111011111111111111011111011111010010111111111111111111111011101111111111101111
11111110001101101111110111011111110101110111111111111111100110111111110111111111111011111111111000111101111010110111011111111110101110101
10111101111111110001111111111110111011111111101111101011111110110111101101101111101010101110111111111111111011110111101111011111101101110
11111111011011010010111110111111111111111111101111111011111001110011111110011111111111111111110101110110111111111101001111111111111111111
11101110111101010101111111111001010110111111011111110111111011111101111111111111101010111101111011111111111110111011111111110111101111101
11111111011111111010111110111111101111101111101110111110111011111111101111111111111111111011101011111011111111111110110010010111101101111
11111111111111111111011110110111111101111110011111110110101111111111001110111110111011010111111111011110111011011111111011111111111111111
11111110101110111111100111111111111001111101110011110110011101101101111111111111111001101001011101111101101011111111111111111011111111110
11111011111111101111100011001111011111111011111111111111111111110011110111111011110111111110011111111011111111111100111111011011011110101
11110100111101111111110011111111111100111111111111111110101111111111111111011111111110111011101111111101101111111111111111111101111111011
10100001111111111111111101110111111011111111111101111101111111111111101111110101111101111111111011111110111011011110111111111110011111111
11011111111111111010011110111011110111111111111111111111001111110101101111111110101111111111110011101110101111101111111111101011111011101
01111111100111101111110111011111011011111110111111111111111111110111101111011111011111111111110111111111111111111111111111111111111111111
11101111111110111111110111101111110101101111101111111111011111011111011111010110111110111010111011011111110001110111111011111010111111111
11111110011111111111011101110111111101011001111110111111011111101011111111010011111111100111111111111111111111111111001111101011111111111
11111111011110111101111110111011111111011010111111101111111111111111111111111111101111111111011111101011111111110110111101111110111111111
11111111111111011101111111111101111110111110111111101111111111111111111111111111111111111110010010111111110011011111111111111111101110111
11010111011111110111111111111110111011111111011111111111111111111111111101111111111111111111111111111011111111110101111111011101111111111
11111111111111111101110111011111010110110111111111011111111111111101110111111111111011011101111111111110011111101111101100011111111111101
11110111111011011110111111111111101111111101101111111111101111111111111110110101110101111111111111111111110111011111101110111101111011011
01111011111011101101111110101111010111111111111111111110111111111111111100101111111111111111111111111111111110111101111101110111010110011
10111111111111010111101101011110111001110001111110110101111110111111111111111110111111110111101111110011111111011111111101111010101111111
11111111111111101111001011100111111001111111011111111110011111111111110111111011010111111011101111011111111111101111111101111111111111011
11011011010111011101111011111101011110111111110111111111010011111111111111101011111111111011111111001001111111110111111111101111111110111
11101010110111111111111111110011111111011111111010010010111111111111111111111111101111111111111111111111011111101011111111111110011111111
11100111110111111110111111101111111111101111110010101111111111011101011111101110111111111111111111111110111101101101111101011111111111101
10111111101011101111111111111111011011110111110111111111111101111111011110111101110111111111111111110111101111111111111111111110111011111
10111101111000111111110111110011111011111011100101111111101111111111111111101111111101011111111111101011101011111111011110011111011111100
01111111111101111111101111110111101011111100111110101111111111111111110111010111011001111111100011101111111111111111111111111101011111111
11111111111111111111011111011001111111111100010111111110101110111011111101111111101101111101110111111111111011011110111111110101111111111
11101011111111111101011111111110111101111110011111111110111110111111011111111111111111111101111011111101111111010010100111011111111110011
11011011111111110010111111101111101111111011101111111101110011111011011111111111111011111101100111110111001111111110111111101111111011101
11111111111111111111101111111111111110100010110110111111111111111111111111111111111111111110111010110111110101111111111011111011101111111
11011111100111111111101111111111111111001111111011111111111101110101110011111111011111111111101111111011111111011110101101111100111111111
11111101111110111111111101111111111111111011111101111111111110111111110111110111010111111101111111110110110111100111101101100111111111111
11010111001111111110111111110111111011001101110110111100111111111111111111111111110111111111111111111110111111111010011110010011111111111
11111111111101111111111111111111011111011111111111011111111111110101110101011111111111111111111110111110111111111011110111111011111111111
11001111111111110111111111111001111111101101111111101111111111111110111110111111111100011101111110011011111101111110111111111011111011110
00011111111110111101001111111111111011011111111111110111111111100111111110011111011111111111111110111111110101111101111011110010110111111
11111011101111110011111111111111111111011111111111111011011111111111111010011111111111111001010111111110111011111011111011111101111111111
01101111111111111111111101111111111011111111101110111101111111011111111110011111111111111011111111111111011110111110011111110101111111011
11111111101111111110001011111111110101011110011110111110111111110110111111111111011101111011011111011111111111110010011111111111111110111
01111110101111111111101110100111111100111111111111111011011011111011111111111101111111111110101011111011111101101001101001111111111111101
11111111110111001111011010111111101111111010111111111111101111011011111010100111011011111111010111111111111111110111101111111111001111111
11111011011111001111111111111111111110111111101111111111110101111111101111110111110011111110111111110111111111110111111111111111111111111
10111101001101111000111111111111111110111111101111111111011011011111101111111111111111111111111111111111101110111111111111000111111111111
01011111110100111011101111111111111111110111111011111111110101011111110111111100111100111011111111101111111111111101111101111111110011000
11010111111111100111111111111111111011111110011101111111111110111111010111101110111111101110111111111111111101111110111111110010011111010
01111111001111011111111111101111111111101111111111111101101001010111011111100110111111111111000111101111101101011111110001111110111110011
11111111011111111111101111110111111111111111111111110111111111101111111011111111110111110111111011111111111111111011111111110111111111111
11111111111111110011110110011111111111111111111011010110111111010111111111111111011111111110101111111011111110101111111100011011011011111
11110111111011111011110111110111111111111110101111111111001111111011111110111111111100111111111101100101110011111111100111011111111111101
10001111111110111101101110111111011111101111111011011111111111111101111101110111111111110111111111011111111111111111111111111111111111111
11111111111110111111111111111111111111111111111111101110111111111110011011111011111111101111111011101111111111111111111111111111011110111
10111111111111111111011111101111111111100111001111111111111110011110001111111101011111111101011111111011111110110001001111111111111110111
11111101111111110110011100011111111111111111111111111111110011111111001111011101111111011111111111111110111110111111110011111111010111110
11111111101111101111110111111111011101111101111001011111111100111111110110011011111100111111111111111011111111110111100011011111101111011
11111111111111111111111111111111111111111111111011111011101111101110111001111111011101101111111101000111111111011101111111111101101101101
11111101111111110111111111111110110111111110111111011111111111111101111001111110111101111111111010110111010010111111110111111011111011111
11110011101110111011011111111111100111110111111111100001101111111011110110010101110111101011111111011101011111011110010010111011111111011
11111111111111111011111011000111111111111101111111010001111111111111100110011110111111111111101110110111010011111011111101111111111011110
11111111111111110111111111111111110110101011111111111111101110011111111111101100111111111111111111111011011101101111111111011100111111111
11011101111110111111111101100111101111111101111101111111100111011101111110110111110111111111111111111011111110111111100111111110010111111
11111111001111011111110111110111111100111111111111111111111111111110110111111011011111111111111101111110111111101110111111111111111111111
11111111111011111111111101111111101111110111111111111111011101111111001110101100101011111110111101101111111110111011110111111110011010011
11011111111111111111011110101111111011101111111111111111111100011111111101001100011000111111011110011011011100011110111101111111110111111
11111110111111111111111111011111111101111101111001110110101111110111011011111010001111111111101010111111111101111110110111001110011101111
11111111111110110101111110111011111111011110111111111111111111111111111111111101001110110011110111111111111111111101110111111011011110101
11111111111110111111110111111111101101110111111100111111110111101111111110110111110111111011111111011111111111011011101011111011110001110
01111111011011000101001111111111011111111101101111111111100111111111111111111100111011011110001011110100101111111111111111111111110011111
11111111111111111111101101111111101111111000111111101110111101111011110001111110111101110111111111111111011111011111111111111101011011111
11111111011100110101111011101111111111111111111111101111111101111011110111111110101110111111111111110111111111111111111111111111111101011
11001111111111111111011111111111011111111011111111101111111111111111101111111111111011011111111101110111010111111111111111111110111111011
01111111110110110111101111110111111111111111111111111111111110111110111010111111111111101111111011000111111111111011101111111111111111111
01111011011011111111011111110111111011111111111111111111111111101101111111111111101101110111011110001110100011111111000111111101111011111
11111111111010011110101011101111111100111111111111111000111101111111111110111111100111111001111111101100111111110111111111011011000111111
11111111111111111101101111111111011111111110001101101011111111111111011111111111111111111001011111110101111111111111110011111011011111000
11011101111111010111110111101101111111111111110111111111010110110111111111111101111011111110001111101111101111111011111111011111011100110
01111101110111011111100111111001111111111111111111111010101111011111011111111110111011110100011011111111111111011111111111111111101111111
11001101111111111110111011111111111001111101101011111111011111010111111111011111011011111110101111111111011011111111111101111111110001110
11111011101111011011111110011101111111111100101111111011101111011111111111111111101111111111110111111101111011110111111111111111111111111
10111110111110101100111100101101111111111101010111111111011111101110111101111111011011101111011011111101010111111111011111101111111111111
11101111111011101011101111111111111111111111111111111111111111111011111011111001111111011111111101100111011111011011011101111011110111111
10111111011111101111111111111101111111111111110111000111111111111111111101011110011111110111111110111111111111111101111101001111111111111
11111110111111111111011111101111111100111111111111101110111111111101111010111110110111100111111111011101111011111111110111110011111111111
11011111100001111111111110111011111110111001111111111111111101011010111011111101111111100010111101101111111111111111111111100111011011011
10111111010111111011111111111111111011110111100101111111110111111011111001011111111010001101111101110101111110111110011111011111111111111
10011111111100111110110111111010111010111011111011101111011111110111010111100110111111111111111111111010111101011111000111111111111100011
10010111011111101111101011111111111110111111011111111111111111111011111110111111111011111001110011010101111111011011001111011011111110111
01111111110111111011011100111111011111101111111100011011111111111111101111111011111011110011111111111010111101011111111011111001111111111
11110111111111111111111111111111011111011111101111111101111111111111111100001110111101011111101001111111001111111101111101111111100001111
10111101111111111111101010111111111111110011101111111111111011011111111111111111111011110110111111111111001111111101111111111111111111111
10011110111011111111111111101101101111111111110101110111111111111011111101011111111111010111111011111111110011111011111111111111111111111
10111111111010100111001101101101111111111010111111111011111111111011111101011111111111110111100111011111110011111110111110111000111111111
11111111110111111111111111101111111111101111110111100111011110011111111111101110011111111111111111111010111101111111111111111101101111111
11111111111111101101111111111111110111111111111111111101111011110111001101110100111111111111111111110111111110111101111111011111111111111
10111111111111111111011101111101101011111110011011111111111111011111111010111110110101111111011101111000111111011111000111110010011111111
00101101101111111111111110111111011101001111111101111111011111110111111111101011111111111111111111111111111111101111111111111111111110111
11110111111101100111111111101010111110111111011101111110100111111111010111111111111111111011110111111111111111110111101111111111111111111
11101111101101111101111111111111111111011111011110011010011111101111011111011101110111101110111101111101110111111011111111011111111101111
11111111111101111011110111111110110111101111111111110111011101111111011011111111101111111111111110111111001110111101001111101101111111110
11010111111111111110110101111011111111111110001010101100111110111111111110111010011111111111111111110111111011111110111101011111111111100
11111111111111001011111111110111111111111011111110111100111111111111011110111111111111110111111001110001111111011101011111110111111111111
11101111011111110011111111110111001111111111011001111111001111111011010111110111110111100111111111111001111111010101101111111111011111111
11111101111111111110111111111111111111111111011111011111111111011011100100110101001111110101111111011011111111011111110110111110111110111
01111101111101111110011111101111111111111111110111110011011111011111100110111111110111111101111111111110111111111111111011111111111110111
01111111010111011111111111111011010001101111111001111111011101010111111111011110111111111111101100111111011111111110111101111111111111011
11011111111111111110111111111111001111111011111110111111111111110111111110111111111111111111111111111111111011111111110110111111111111011
11011111011111110110110111111110011111101011011110111111111011110011110111101111011111111010111110110101111110111010111111011111011111011
11111001011111111111111110110111111110111111101101111111111011111111111111111111011111111111111010101111111111111101111111101111111111111
11110101101101111100111111111111110111111110111100110101111010101111111111111111111111111111111111001111111111011111011111110101101111111
11111110111111111111100110100111111011111111110110000111111110110111111100111111100111111001111101011100111011011111111111111011111011111
11110111111111111111111011111110101111111100111011111001111111111111111011101111111101110111111111111110111001111101111111110100111111111
10111011111111101111111101101011111011010111111011110111111110011111111111100101011111011111111111111111111011011111110111111100011111111
11011100101011111111110101111111110111011001111111111111101110110110101111110101001101111000111111101111111111011111101111011110001101111
11111101100111100100111111111101111011111111110111111111101111111111110011111111111111111011011111111111011101111111111111110111001111100
01011100111111111111111111111111110111111111111111110111111101111111101111110110110011111011101101111111011111111111111111111111110111110
11111101011010111111111110111111101111110111101111101111111101110111111101011101110001110111101111101111011111111111111111111011111011111
11111111011111010110111111111111111111111111111111111111111111111111111011111111010110111110101111111011011111111011111111111111011100101
01101111110111101111110111111101110110111111011111111110111111011110011111111101101111111110111111111001111111101111110011111111111100111
10111011111110111111111011111111100101111111011111111101111100011111110110111101111110011101111111101011111111111111111100011111111111011
01110111111011101101110110111111011111101011101111111111011101111011111011111111101111111101111111111111111111111110111111111111101101101
10110111111011110111101111111111111111111011111111101111111100111111101111011111110111111100101111111111111111111100111111111111100111110
