011111111110101111111111101111111101011011111111111111001111010110111001111110111011111111111101111111110110111111111111111
101101011101111110111110111101111111101111111011110111111111111111101110111101111111111111011111111101111111111111111111111
110011111110011011111110111111011011011111111111111111111111111011111111110111111111100101111101101101111111101111111011111
110011111111111110111111110111111111111111011111111111111101111111011111111111111111111111111011111111111111111101111111111
101101111111111011110111011111011101101111111111111110110111111111011110110111111111011111111111111111001111111110011101110
111110111111111111111111111111111111111111111111111011111111111111111111111111111111001111001111111001111111111110111110111
101111010111111011111111111111111111111111111101111011111111111110101111111101110111111011111111111111110101111111101111101
111111101111001111011111111111111111111111110111101101111111111111111110111111111111111011011110111111111111110111111111110
111111010111111111111010011111011101111111110011111111011101011110110111111011101000111111011111111101111111001111111011111
111111111011111111001111111111110111110111101111101111111111011111111111011111011111111111111111111111111111011111111111111
101111111101111111101011111111101110111111111111111011111111111110111111111111111111010111011111011111111111111011111111111
010111111110111111101111111011110111111111111001110111111011111111111110111111111100110111111111111111111111111111111110111
110111101111011110111111111111111111111111111111111111111111111111011111010111111111101111111111111110011111111011101111111
011111101111101101111111111111001111110101111011100101111111011111111111011111111111111111111011111111010111111111111111111
111111111111110110111111111110001111111101111111101101111111101111111111111111111111111101111111111111111111111111111101100
110101011111111011101110111111111111110011111101101111011111011111111111111110110111111011101111011110111111101111011011111
111111111111101101111111111111111110110110111111111111011111111011111111111011111111110111111110001111111111101101101111110
101011111111010110111111111111111111011011111011111010111111111111111111111111111111111111111011111111111011011111110101111
111111101011111111011011111101011111101110000111111111101111100110111111011111111111111101100111111110011111111111111011011
111111111000111011101111111011111111111111111111111010101111111111111111011111111111111111110101101110001011111101111111111
111101111111111111110110111111111101111111111111111011111111111101111101111111111111111111111011111111110111111111111111111
111111110101111111011001101110111111110100111111111111111111111111111111000111110111101010011111110101111011110111111111101
111111111111111111111001101111111111111111111111101111111111111111111111111101110111111111111111111111110111111111111010111
100111110111111011110110111111111101111011111101111011101101111111011110111111111111110001111111111101101110100011111111111
111101110111111111111111011101111110111111111001111111111011110111110111101011011111111111101011111111110111011101111111111
011111111111111111111001101110111110111111111101011111111111111111111111111111011111111111011110111111111111111111111111111
111011111111111111111111110110111111111111001011111110101011110110011001111101111111111011111110010110111111111111011111111
111111111110111111101111111011111111111111011111111011111111111111000111111010111101111101111111111111111110111111111110111
101111111111111111011111011101111111111111111111010111111111111111111111111111101111111111111111010111111111111111111111101
111111111111110111111011100110011111110111111111111111111111110111111111111100111111111111111110101011101111111111111111101
110101110111100111011111111110011111011111111111111111011111101010111111101111110111111111101111111111111111111111011111001
111111111101100111111111111111101011111111111111111111111111101111111111111111101111111111011111111011110011111111111111111
111111111010111111111111111111110111110111101111111111111111110111111110011111111111111110111111111111011011101111111011111
110111111111111111111111111111101011111111111111011111110101111111111111111111111111100111111111111110111111110111111111111
011101110111111111110110111111111101111110111110111111111111111111011111111111111111101011111111111101111101111110110101111
111111111101111101111111001111111110101111111111110111111111111011111010111110011111111111111100111011111101111111111011111
010111111111111110111111111111011111011101111111111111011111011111111111011111011111111011110111111011111111101111111111111
101101111111111111011111111111111110101111111111101111111111101111111111101111111110111011111111111111011111110111111011011
111111111011101001111011111110110111110111111111111111111100111111111111111110101111011111111111111111111100111111110111001
011111111111111010111110111111111111111011111111100111111111011101111011111101111110111111111111011101111111111111111101111
111111111111100111111011111111111111011101011110110000111100001111111011111111011101111111001111111011101111111101111111100
111111111111111101011011111111111101111110110111101111111011101111111111111111111111011110101111101111111010111111111111111
111011111111111111011111110011111111111101001111111111111111111111111110111111011111111111111011111111111101111111111111111
111111111011111111011111110111110111111111001110111111111011111110111111111011110111111111101111111111111110111111011010011
111111100111111111011111111111111111111110110111111111111110111111111110111001101111111111111111111111011101111111101110011
101111110110101110111111010111111111111111111011011101111100111110111111011111011111111110111111111111111110111011111011111
111111011110111011111110001111111111111111111101111111111111111111101111001111111011111111111110111111111011111111111011111
111111111111111111111111111111111101111101101110111101111111111011111111111111111111111111111111111111101011110101101111111
111111111111111111111111101101111011111111111011011100011110111101111110111111111111101110111101111111111111111011111111111
111111101011100011111101111111111111101010111111101111111111110111111011111111111111111111111111111111111111110111111111111
101111111110101111111111111101111110111001111111110101111111111111111111111111111111111011111111111111111111111010101110101
111110011101111110100110111011111111111101111111111011111111111111011111111111110110011101111011101111110111011111011111111
111111101111100111111111111111111111111101111010010101111111101111011111111101011111111111110011110111111111111100111111111
111101111111111110101111110111111111111101111111011110101111111111111111111111111011111111111111111111111111111111111111101
011111110111111001111111111111011111011111111111011111001110111111111101111111111111111001111111011111110111111110101111111
011111111111111111001110110111111111111111111111111110000011111111111111111111111111111111111111111101111111111111111111111
111101111111111111111111111111111011111111111111111111100100111011010101111101111111111111111111110111111110111011111101111
111111111110111111111111010111111111111110101111111111101011111111010011111111111111111101111101111101111111111111111111111
111011110111111111111110111111111011110101111011111111110101011111111111111111111111111110011111111111111111101111011111101
111111111111111111111111111111111111110101110011011111010110010111111111110111110111111111111100111110111010111111110111111
011111110011101011111111111111111111011001111111111111111100011101111111110111101111110011111111111111111011111111111111111
111111111111110111011111111111001111101100111111111101111111101111111111111111111111011011111111111111110011111111111101111
011111111111111111011111010110110111111111111111101111111110110111111101111111101011111111010111111111101110111011101011011
110111111111111101111111111111011110111111111110111111110111111011111111111011111111111111111111111111111000110111111111111
111111111111111111110111111111111111111011111111011111111111011100111111111111101110111111111101111111110111101111111111110
011111010101111111011111110111011111111111101011111111111111111100111111111110011110111111011111111101111101111111111111111
111001111111011111111110110011111101111111111111111001110011111111011111111111111110111111111111111111111111001111110111110
101111011111111111111111111011111111111111111101111111111111111111100111011111111111011011010111111111111101111011110111111
111111110111111111111111011011111111111111111111111111110011111111100111110111111111110110111111111011110110111111100011111
011111111111111111111111110111111110111001111111101111111011111111111011111101111111111001111011111111111101111111101111111
011111111111111111110111110111111111111111111111111111010111110111111101111111111110111011111111111110111111111111111111111
101101101110111111111110111111110110111111010111011111111111111111111110111111111111110111111011111101111111111111110111110
111111111011001111001011111111110111011111111001111111111111111111101111011111101111011111110111111111111111111111110011101
111111111111111111111011011111011111101111111101111111111111111111111111101111011111111101111100110111101111111011111110101
110101111111011111111011111111111111111111111111111111111110011111110111110111111111110111111011111111111101111111111111111
111111110111111101111111011011111111111111100111111111111111111011111111111011101111101101011111110010111111111110111111101
101111011111111111111101110110111111111011110111111101110111111111111011111101110111111111111111111111101111111111111111111
011111111111111011111111111010111110110111111111111111111111111110111111111110111111111111111111111111101111111111111111111
111111111011111111111111001111111110011101011011111101111111111110111111101111011110110111111101111011011110111011111010101
111111110111111111111111111101101111110111110111111111111111010101111111011011100111111011111111111111111111111111111111111
111111011111111011111001111111011111111111101111111011111110111111111111111101100111111111011111100011111111111011011111111
011111110111111111111111111111111111111111111101111110111111110111111111111111111011101111111011101101111111111110111110110
111111110110111111111111111011111111111101111111111111111111111111111111111111111101011111011101101011111111111111111101110
111111110110111111111111111111111111101011111111111011111111111100011101111111011110111111111111111111111011110111011111111
111100111101111111111111111111111111110110111111111011111111101111101111011111111101011111111111111100111111111010111111110
110110111111011111111011111111111001111111111111011111111111111111111111111011111011101011111111110111111111011111110111110
110111111100111101111110111111111011111111111111111111111111011111110110110111011111110111110000111111111111111100111111111
111111001111111011111010110111111101001111111111110111011111001111101001111111101111101010011010110111110111101111111111111
110111111111110111011110111011111111111111111111111011011011111111111011101011111111111101111111111111111111110100111111001
111111111111111111111011111111110111111110111011011111111101111111110111111111111111111010011111111101111111111111111111111
101110100101111111111011101111101111111101111111111111111101110110101111111011110101111010011101011111110111000111011111111
111110111111111011011111011111011111111100101111111111111111111111111111111111111111111111101111111111111011111001111111111
111111111111111111001111111111111111011111111111111101111111110111101111011111111111110111110111111111111101101111111110111
111011111111101110110111011111111111111111011111111001111111111111111010110111111011110011111011111111111110111111111001110
010111111111111111101111111111111110111111111111011111111010111101111111101111011101110111011101111111111111111111111111111
111111101111111101111111100110111110111111111101111111111110111111111111101111111111110011111110011111111111101111111111111
111111111101111001111111110101111111111011111111111111011111111111111111111111111111111111011110011111111111111011111110111
110111111111111101101111111110111111111110111111111011111111111111111111111111110001111111111111101110010111111111111111110
111111111111111111111011110101111111111111111111111101110111111111111111101011110111101011111111110101111111111111101111111
111110111111111111111111111110101110011101111111111111111111111111110111111011010101111111111111111011111111110111111111111
100110110111111111111010111111111101111011111111111111101011111110111110111111111011011110111111110101101111111100100111111
111111111111011011001111110111111011111111111111111111111110111111111101111011111111011111111111101110111110011111111111011
111101111111001111001111111111110111101111110111111111111111111111111111111111011111111111111111101111011111111111110111111
111101111111111111101110111110111111111101111110111111111111110111111111101100111111111111111111111101101011111111111101110
011111011111101111110101011111101111111111111111111011011111101101110111111111111111111011011111101111110111111111111110001
111111111111111110101011111111100111111110111100111111111110001011111111111111111110111111101111111111101011111111111111111
111111011111111111111111111111111100110111010111111111111111111010101011110111111111111111110111111111111101111111111111100
011111111111111111111110111011111111110110101011111111110110110011110111111111011111111111111011111110111110111110111011011
111111110011111110111111011111111111111111111111111011111111111111011111111111111111101111011111111110111111011111111111111
110111110111111001111110111111110111011111111111111111111101111101011111111111111111111011010110111111111111101111111111101
111111101111111111111010111111111011101111111110101111111111111011111111111111111110111101011111111011111111110111111111110
111111111101011111111110111111111111111111111011010111110111110111101111101111010111011111101111011111111111111011111110111
111011111111111101101111011111111111111101111110111101111111111111111111111111111111110101101111111101111111111101011111111
111100111111111111111111111111111101111111111111110101011111111111111111111011111011010101111111111101111110111110111111111
111101111111111011111111110111011111111111101111111011111101111111111111111111110110111111011111111111111111111101011111011
111111011111011101111111111111111111111111110110110111011111110111110011111111111111111111111111110101111111111111101111111
111111111111111110111111111111111101110111111111111111111110111111000110011111111111101111111111111101011111111111110111011
110111110111111011011101111111110110101111101001111111111111110111110111011111011111111111111011111111111110111111111011110
111101111111110110111111111111111101111011111111111111110111101111111111111111111101111111111011111111101111111111111101111
111110111110111111111101111011111111111111100111110111111111111111111111101111011011111111110111011111110111111011111110111
111111111111111111011111111111011111100111100111111111111111110111111111111111111111111101111111111110110110111111010111011
111111011111110111111011111100011111110101111111110110111101111111111111001011011111111101111111111111110101101111111111101
111101101111110101111111111111111111111101111111111111111111111101011110111111111001001111111011101111101101110111111011110
