01111010101001110000000010001110010010101110111011001110001111110011011000110100010101101001101
10000101110000101111010000000101100101101000011011111001010111010111110101100011100011000100100
10011101101101011000110110111100010111111001100110011010101101111000011110110111011110010101101
10100101110010111101110100001001100111111100101110011100110011011011101110010100001110001111011
10100110001011100110111011111110101010011000111111100111101111000110100101011101111111101100000
01111000001111001111111001010110101011001001010100111111111101000111111100011111110100100100100
10001001110111111110101011010011111110000100100010010100010001010101010100101101010001101100010
01110010000011000111010101111010001001101011010110111000110110100010111101111000000001110111011
11110010000011000001101110110111100100001001111011110010110101011101111101100100101100110111001
01010010000010100011001101111101100101001110001110011001110001100100011101011101011010011110010
10101100000011111110101100010111000011010101010100110001010100111000101000011000010100011010010
00100110000010001110010011101111111011110001110001101000100100010100100111100001011011111011111
00011111111100101110110111011000101101100101100001110110011010000000111011011110010100100011000
10101111101000101111010111000001010101011100110111101011101101011111001110110111010011111110000
11011010011011010011010001111110010011111110111010010110100100000010011110111010111111001010100
10110010001000100011000100101101111011101100111010101100101100101000001000001110010000101001101
01110110001111000111011001011000101110111010010011010011100111001001001101010011011111110011110
01011111001111001001100110100101011111010001010010110111111111011111001000111110111100001010000
01001111011111111000111000010100001101001001101110011010110110010111111110001010011001000001011
01010101110001111100011101000010101011111110010011010010011101111011111010001110111111110001011
00111110101010000110000111011011111100011100110100110000101111101010100111101011000011010010101
01111101000111101011000110101111110111111101110101101001110100110010110111111011010000001010101
00001110111000001011000100100111110001110110111110000111100000101100001011000110000100001011011
00110001111011010101111000011001001111011110111001001011101000000010011011100100010110010011110
10101010100111000100110000001100010110101010010100110100101110111000101010110100101100001110011
00001111010111101001100000110101010111001110100010110111110110100010111001001010001111101001100
00101001110100110100011001011000111011011000011000010100011011111010011011011000000001001010100
00101111111010101010100101100111101111001001011001010011101111011110001010010011000110111111111
10111001010110111000110110100010001010111111111000001000010101101101011111011110010110111011001
11101100111100110110011011010010111010100111001101011001000010001111011111010010010001110111111
10001111101100100001111000011100101111100101011111000110111110011100101001100010110100011110110
01010010111101010100111101010000101111110001100011010000011011101011000110101000110111011110101
01011110110110011001111000110111010100111100010100001111010010111011100011111011101110110101000
10100010000101110100111011100100100111100100010110100101011111000101100100101011100101101101111
00001111000110011111100100111111000111001100110010111000011011011110001110110110010101000111011
01110010110011001110110111010011111011111111111011011101011111101011100110110101111111010111110
10111110001100111101010111111111011101000010011100100001011110110101010111110011001011011011110
01110101011111110111011101110011011110101110100011100100100001101001000010110100111110101100110
11110001000110111001011010001111110101010111101010001000001011110010101110000101101001000010011
00111000001101101101111100101001100100101001001101100111101111001010111111111110110111101100100
11111101110001111011110111111000101101010010010111101000111110011000111111101011101111010011100
10010010011011110001111101001110111101100010011001010101001111001110110000100111111110111110011
10000001010000101001001111001100000111101100010101010100100011111101101110010111011100011001000
00100101101110000110010000011111000100110000011100100110010101001010001010110001000101010101111
10111010100111110010111101001001001101100000001110111000100111111110000010101011000011101111110
11001101101101111101111110111010111110001111000010000011110010010001011111111001010110000001110
11011000110000110010001100111110000110110101100101011111011110101010011000101101000100010011101
00111101011001000010111010000110110010011011101011111011101011000000011000011001111110011010111
11111011110001111111001001000011011101101000110101101010111110100011110110100101001111100001100
11001000100111001001010100010111000101011110001110001010010001111111110111111100011101111001111
01001101101111010100110011000000011011011001100110010111010000110101010100111101010011101011001
01110111111010101111100011110101001100000110101100101011100011111111111110110111000000110100101
11110101010101010010010100001100101100101000101111010111111010011110111100111111100100111101010
10011110000010110100001011100010110101010111001000101011000010100111000110010101110101110001010
10101100100011101111001101010010100000010001011111111101010110100011110101100011101011101011101
01001100011001001100011101010100110110010100011100111110110010110101010001010010011010101110100
00111101110101111110111111010010000001011010110110011001010001001010111011001000011010011010001
01010111111010000111010001101011111110001001011011101011101110011010011010010100010011000111110
10101100000011010101100110110011011110111100001110001000010100111111001111101100001001000100001
11101101101101111111110011011010010110011101101010000010011001110010111111011010111111100110010
11011001000010001110100011110111111110111110111110011111010001011010011001100001101001100101110
11111110110001001101100000111001011101110111100101010000100110101111101110100101000111110010011
10100001011000010001111011101001100111100010101011110111001101010111111011100011100101001111100
11110010101101000111010010110010101010101010110001111001011110101111010110101101011001010101011
00110000101001011101101010111111101101011111101001011000111011010110110000101111011110101100011
01001110110101000110001000011110011010000110100001111101001001111001000001000101110001110110101
11011101000001100111110101110101101100110101101011011110111111111000111101101101011110111011110
11010110100001001111000000001101110111000010010011110111001001110100111101101101110011010110000
01011101101110000011110011000010110100111110000011011010100101101011011100010110101000011101001
11100111110010100011010101101100000010011100011111111011110110111011100011101100110110100100111
10110101111011111111001111111110001000111011011100011000111111100011100110101001010001010100001
01111111110101101010110000001101011110111010010011111110001101010011101011010101000101010010010
00110000000111100011111110111101101111111011110011010100111101110000011101111011001111000101100
01001001110110001000111101101110100010011000010001000011101110100111010110111101001100111011001
11100011100101100100110110000011111111011101111011111010001011111011011011000111101011110100101
10111101011011101100010010111100101111010011010101111101010100000000100111001000011011011101111
00001111011010110111110001101001110000011000111101101000101100011011011011010110010010101010111
10111110110011010101001110001000001101110110001011111100011001011111110101101010111001110110001
01100100000011111111111001011110111010011110100000011011000100101000100010101100111000111101011
01101110010101001000110000010000110110101111111110111110000011111111001111100000110110011011000
01001100100000100101000010000011110101111100000100001110000110100101110000100111011111110110010
10101110011111111111010100001111001101010110010101100101110100011111011000011111100111001010001
00111000110100101111000011000000100111101110000111000011101110011010100011110110100100001010110
10111100101010101101001111011011111101011111011111001100000101101010010111000001111011111111101
01111000010101101001100101011001100111011100110110100011110101001011010010111001110101101011010
11001011000101101011100001100101011110111001100011100110011111110101001110110100110110011101101
10001111100111011001000001011100110001010100100011111111000111001110010001101110100110001110101
00100001111101001001100100011111100110001111001101011100100001010111101101110111100101001110100
10011010011101110100011011111011010011010110100101101011100000101010100001011011011111110010011
01111111110001000000000010010111111101010101100000011001011110111101111010110110100101110001111
00010001111111101100111110111111001110101100101100100011110101100111000101001101111110111000110
10110001100110011011001101011100111110001011111011101110010010110010100011010011000111000100101
11100100000100111000110101110111010111011001111111010011010010100110010010111000001101110111011
00010011011100001011001110010110011111100101110101001100010111011010010100011010101010001110101
10110001100100010011111010011101011000100101001101110010101001011100111001111110010101101101110
