00110111010111111111011110011100001111111111111001101111010111100111111010011100101111011110111110001011110111111101101
00111111011111111111011011111110001110111111101100010010111011111101101011111111111111111111111101110111001101011111111
11011111110111110111101101111101110111111111111011011111110111011011111110101111110000011101111111111111010101111111111
11101111111011111111111010111011111111111101001111111011011011111101111011111111111111110100111111101111111111111010111
01110111111111111011101111111011111011111010111111111000111111111001101111010111111111110111101110100011111000001111010
11111011111111101111110111110111111010111011111011111111111111111111111111111110111111001111110111111101110011110111101
11111101111111011110110101110100111101111001111111101111111111111111101111111110111101110110110111011111111011011111111
11111110110101101111101111011111011011110011111111011010101101111111011111100111101101110101111111111110111011011111111
00111111011010101111110101111111111111111000100010110101110110111100111111111111111110111101101111111111111111111101111
11111111101010111111110111101000101110111100111111111111011010111101111111001111100111110101111110110101011111111011001
01011110110010110011111011101111011111101111100111011101111011110101111000011111111111101110111011111111110111110101111
11101111000001111010111000101111101111111101110111111111111111111111110011111101101111101111101011111110101101010111111
11111110111001011011111111111111101110111111111111011111111011111100111111111011111110010100110101111110011111111111001
11111111000110111110111101101111111110111010011001101111111111111111111111011101111111101101011111110111111111111111011
11111101111101010011111011110011111011111101101111111101100110111111111111111111111110110110011110011011111101111111100
11111010011111100111111111111001010101011111101111111101111011101010110011011111111101111110001100111101111011111111011
11011111110111000011011110111100101001111110001111111111101111111111111111111110111111101011111110111111111110111110110
11110111110001010011111111111111111101100110111111101111111110111111011110101101111111111111101111011110011111111111110
11111111111111111101011111111111010101101111110111110010111111101100111111110001101101110101101110111111101011101110111
11111101111010111110111111011111101101111011110111111111101111101101100101111111011111111111111111010111101001011110110
00111111111111110101011111011111111101011111110110010111011111100100111111110111110111111011011111011111101010111111111
11010110111111111111101011111111011110111111111001101101101111111111101011110111011111111011111111101111101110011101111
11111001001111111111110011110111001011111111111111111111100111111111111111111111101011111000110111111101111100111111111
10101111110011011111100011111111111111001111111111111110111111111110101111101011111111001011011111111111111011110111111
11011101011010111111111101111111010111101111111101101011011111111111110101101111011111110001101111000111111111010111111
01101111111011110111111110111111111001101110011011110110001011111101001101111101111110111111110111111000111111101111011
01111110111111111110011111000111111111111101011011011111111110001010111110101111011101111010011111111101111000111111100
11111111100010111111111111001111111111111111101011101010101101011111111111110101011101101111111101001111111111111111111
11111001111111011111110111010111111101110110101011111111111111101001110101111101011110111101111010110111111011111011111
11100111101111001111111111111010111111010011111011111111111100111110011111111011111101111101010110110001111110011111111
01011101101111100111111111111101100111101101011101011101111111111111101110101110111011101110011101111101110111110011111
00111101101111110111111111111010110100111011111101111100111111100100111111111011100111110111111110110111111011110000111
00111110110111101101100101111111000111110001110111101011011011111111111011110101001110111111111111101011111011111111011
00111111101001110110110111111101001101110101001110111111011011111010111111111001111111100110111111111111111101111111111
11011111111111101101111101111100010110111100111011111110011011111111011110111111111110001111111111110111010101111111111
11110010111111010111110110111111111011000110111111111100010111001011110111111111011011111111110111110011101111111111100
11111101111111100000011110110110101101111111111001111111110111111111100111101100111010110101101111111110111111111010110
10111011101100111111101111111110110110101111010101111100111111111100111101011111111100111101000110010111000110011111111
11111111111111101111011011111011111011001011100101111101011111011100100011110111111101111111011111110111101111111110111
11111111110111111001111000111101111010001111111111111111111111111101111111111101110111111101011011111111111111110110111
11111110111111111011111111110011001011110111011111111110101111101111010111111100010101111110011111111110011011110110111
11110000011110111110111111111010011111011000101111110110010111101111111110110100111011110111111101101111111011110000101
11101101001011011111111111011101000111111001101111011111111111011110011110111101111011001111110101110110111111111111110
11110111001110110011111110110111110011111010101111110111111100111001111011011111110111011111010111101011111111111111111
11101111111110110111111110011101101110110111011111111111111111011111111111111111111110110111100111111011111111111111111
10101111010111000111111111100111101111011000101111101110110111101101110111111110111011111111101010111111111111101101111
11111111010011111100011111111111011110011111110111110111111100000101001111011111101001111100111000101011111111101111011
01011011011110111111101110000011110101111111111010011110110110111111111010011111011111010010101011011111110111101111111
00111111111110111111101101111100111100011111111101111111101111110111111110111111110111111110110111111111111111110110111
10111111011111111111011111111111101111111111111010111101111111101011111111111001011111111110011111111111011111110111010
10011110110101111111011111011101111111111101111011001111010011111111111011101111110011011101111111111011110101111101011
01111101111110111011101101101111011111111111101111000001100111011111111011100100111101111110101111101001111101111111011
10111111011111111101011110111111111111111010110111100101011111010111011111111111111111111011100101101011111111001111010
10100110111111111101111101101111011111111111111111101011011110111011111111011101111111101111101111111011111111111111010
11110111010111001111101111111100111010011111111110100101111111010100111101010110110111111110101111010010101011111111111
10110110111111111101111010101110110010110011101011111110110011111111111110111111111111111111110011101000010011111111101
01101111101111111111011100111111000011011011111111010011011101111101010011111111111111011101111001111111100111110110111
11111110111111010110100110101111111111110111111101101111101101110101111110111111111111011111011111011011110111010010011
01011111011111011111110111111111111001111011101011001110110111001111111101100001011111110111111111101111111111111111100
10101111100101101111111110111111000111111111111111011110111011110110101111111100110111001101101001111011111111111101110
11111110111111111111111111101011111111111110110111111111001101111011011111010011101111110111101111111111111101010100101
11111111001111011011111111011011111111111110110011111011111110111111111111111111110111101111011011011011111111111111011
11011111111111111111111111001111111011011101010111100101110111001111110111111111111111101101010001111111111110111011111
01111111111111101100011111010110111011110011100110111111110111001111110110111101111111101001110110001111101111010111111
01111111110111111111011111111110111111111111110101110101101011110011110110100100011011111111111100110110111001111011110
11010111111111101111111111010111101011111110111110111011111101110011011011101111101100011111111110111110111111110111111
10100111000101111100011110110110111110001110100111111101001111111101111111101111101001101100111100111111011000111011111
11111111011101101101011011011010101110011101111111111101111011111110010110111110101011111010111001111111111010111111001
11111110111111111011111110111011110111110101110111110111011101111010011011100110110011111110101001111111011110111111111
10110101111111111110101010111101111101011111110111111111111011111111101111111111101011111111011110111110101011111111001
11111111111011101110111101110111111001010111101111111111011111000110110111111111101001111101110111111000111111111111011
00101111110011101111101111111111011111011110111011001111011111111011011011100011110110111001111101011111111111100111100
11111111110111111110111100110111111110111111111111111101110111111111111101111011110111101011111011111011111111001111011
01011111110111111011111111011101110111111001111001111110101111100110111110111111001011111110111011111101011100111111111
01110111100110101111111111111111111110111110110011111001111101111111111111011110111111111110101101010001011111110011111
11011110101111111011111001011101111101111111111111001111110111110001011011100111111100110011011111111011111110111011100
11110110111111111101001111101111011111011011111111101101110101110111011011100111011111111001110111111111011111111110110
11111111111101111101111011111010101111111111111110111111110101111111111001111000011111111110111111111111111111011111011
01111111111010111001111110100111001101100001111110101011110011100111111111111001011111101110111100011101111111010111011
01111001111111110111111111111101111101110011101111101101111011110110011111011010110101011101111110111001101111101011111
11111111111111111110101101000111011011110111111010111111110111110111111110110001011011111111111111011111111111111101101
01111110101011111101110111111110011111111111110111111111111101111000100110111111101111101111111111110111111001101110111
11011111101111111111011111111110111111100110111101011101111010111111011001111110110101111011111101000011111010111101111
11011111111111111111110111111101111001111001100111011111111111110100000110111111011011011101101111111100011011111111111
11011100111111101101111111001011111110010111110111101111111111111001110111101110110101111111011111101011111010111011011
11011111011101011111111110110111010100111111011111111111111111111011111011101111111110111111100111111101011110111111101
01011011111101111111111011111111110111111100111011011111001011111011111111111110111011010001011011110111111111111111111
11111011110010110111111011101101100111111101111111111011111010001101111101111101101111101111111111111010111101111111111
11100100101101011101111101111110101101111011011011111111110101111111111111101111111111010111101110111111010111111111111
11111111111111110111000001011111111111111111111011110111111111101110111001100111110111011010011111011011011110111111111
11001110001100111101110101110011111100101111110111011111011011001101110011110110111011011100110111110011101110010111111
01101101110101001111110111011101101111110111110000101101111111111100011110011001111111111000111100011111011101111111011
11111111111110001111011011011001111110000110111110111111101110011111101111101111111101011011011111111110110100101011111
11110111011011101001111101111111111100111111001011100001111001111111011111011111111010110111101111111011110001111111111
11111001111101111111110110111011111010111100011101110110111111001111110111110111111110111101110111011111111110000111011
11111111110011111111111111110111111111101111100011111110011010011110011100111111111111011111111010111011111101111011111
10111111111101101111111111101101111111111001110111110111011011010100011011011101110111111110111101011110111111101111100
01110111101111000101111111110010111110111111100111111111111111100001101111111100111111110110111010010100111011111111101
01111101111111011010011101101111111110111111111011111101101110101111111011011101010111111010110100010010011101111111111
01100111111111111111101101101111011111111010110111100110110111101111111111111111110101111111111111101110001011101000100
10110111101110111110111101110010110010011101111111111101111111110111111111011111100111011101111110010111100001101111111
01110111111111011111111110111011011011111110010111000000101010111111110101001110110101101001101011011011111010101111111
11111011101111101111110110011001111111111111111111101110111111111111110110011100111010111111111110111100110101110101110
11111110111001111011111110111111111101110101111111111100111111110011100111111111111011101111011100001100101111011101100
10011111101101111011111111111111110110110111111110111110111111111101011110010111111010110010111111001111001000111011110
10111111111011111100001111111111111010011111111111111101011111101111101111111110111111111101111111100110000101010110001
01011011110111111111111111111101110110111111111011011110001111111111111111111111111111110111001111110101100111101001111
11110000111111101100011011010110011111110011111111111100111111110100101111111111100001111111101110100011011000111011111
10010111111011011110110111011111100111111111111111001111111101110101111110111111101111101110001011010101001001111101111
11110111111111110111000111011011111110111111111111111111111111011100011110101111110100111001010111111011011010110100110
10110100111011111110101101111011111110111111111111110111101101101111111101111001111111111101110111111110101111011111110
11110111111111111101111110111111111111111111100011110111111111111111111001111110101111111111010101100011110111101010111
11111011110011111111111001111100111111100011111100111111001101101011111011011101111111111101110111111101101110110111110
11101111101111111111111111110100111101111011111111111111101111010101111111001110111101111111011011101111010011101011101
01111111010111111111101111111110111111111011101111011111111001111111111111111111010111111111111111101100110100111101111
11101111111111110100111111111110111101000011111101111111001101111111111111110111101111111111111111101111101110101110110
11110111101100101111111110111111011111111111110110000011101110111110100101111001111101111110110111111111101111111111011
01111011101101011111111111011111111011111011111111111110110101111110101011101111011110111111111100101110101111111011101
11110111111111010010111111011111111001111101111110110011110011110111111011100111111111111111111101101100011110010110110
