01001101111101011110110001010001001100111000100011010010011010101000011100001111111010110001
10011111110000000100010100100100011100000111100110000111111010011000010101011000011000100010
00010001100111110100001001000111000001111010001111001010010001000001110010101001000110000101
01101110001110010101001001101110100100110100101011011100101101100011011100010111001010001001
11010100100111101010010001111001110100110011000010110110111110100011000011000101110010011010
11011011111100001111101101010010011100110111110101111101110000101101110011000111011010111011
01010101110000110100000110111010111111000100111100001110111111010100100101111001011001001111
11100110000010010101111010101011001111000000110100100110111110010000011010110101001010001011
11101110010111000000100110000110101100100001110010011001010011010100111000001011011111110000
11000110101000100100001110110010110100001010111110010100001001001100111111110110000111001110
10010100010101000110110001100101101101101000001000000100100011100001010011111000010011101111
10111100101010001101111100101001000010101110111010100100001111110001011000101101000011000100
00111001100101011000010010000110011010110101101111010111011011001111100011000110100010001110
10101000101010011110110100011000100101011110011110010000000011010010000110101110000010001101
00101010010000011101110001001011001100101101000000000010101100001000001010001101000101111000
10110011000011100000011100100111011011110011010111000001001101001000011110100101000100101111
10001100000111100001010100100101010010001001101111001111101100000111001011010010001111110001
11110111011101100001000100010100011111010111010011100000001110101011101101110000000101000100
10001100001001000000100010011001110000111010000011101100100110111110100000110000101110010001
00010101000100101100010100101001101011010010110111000010100000010111110000010000010101001100
10000101101101100010010001111110000000010111101000001010001111011111110111011011100111000110
11001001001111111001100001111011011101101100101000100011010100101001110001111011100001100011
00110101010100010000000101000011011100011000111110010100110010101001000110001110010101011101
01000110110101011101001001101010011010011011100010101011111101010011111110011111000100000100
00000011110010000010000000100110111001011110010000110111001001011110100101111000110110011101
10111100001000100000111100000011011101000011101000111100001010110101000000111111101000001001
01011011011100011001110110011010100100001100000111001111101101101110010000101000010001001111
10001110010001000110110000101100001011111001010100001011001011100010101101010011111110000011
00011011000101100011110100110011110110111100010001011111011010001101101111000011101010100110
01110000101010011100100010010001100011110110011010101100110111111000110111100101000110011010
00110111110010110000111111101001110010101010011011110100010001100010010101110010101000101101
10101001001100111011011001001110011000001000101000110111100011001000101010011100010001011000
00011010111001000011000010101110000101011100001110110100111001111010110000000000110010100110
01001110010010011110011111001011001010011011000001110101001001011001000011111110110101100000
11000111101010110101011111010001010010110101100011110111101000101110110011000001001001111100
11011111111001100100011001101000100010100010000000100110001111111101000001100101110101010111
00000011000110011101000100011110011101111110010010010101110001000001110101110101001010000011
00100011001001010101010011010100100010111100100011101100010101011011110110110000001100100111
10111100101110110010010000011110001111001011000100000101011011000001001001011001010101110101
10111100000011010111101110011100111011001010110001010101011010100001001100010010011111001101
10100000011101101010011110111011110011110001010110010101110001010001000100100011101000010111
01010110000111100100110010101100101011000010100011100000100100100010000000100011000000110011
01101100010101010111100111000110010110110100010100011010110101000110100111101101011100000001
01001100100010111100100101010000011000101000000100001110001001000001100111111011100111111111
11010111110110001001111101000001001001010100011101111110100111111011010001101111110111000111
00000111110101010101001010011110000010011010100010010001010110000001001101101100001110110100
00110010011111001000111001000111100000000000100111100111001001111110010001000001001110010111
01100111010011011001001000110000100000101011101001110111010000101111111010000110101110010111
11111000110111011111001100100110101011001100011001101111011000000000001111110101101000011100
10110100000010011111000000101010011001010100101110000010101100100001011001001000011000010001
00001101000100000110010111000111111101000100101110010100011000111001010011010110110110100111
10011100110011000000001011001011111010011010110100100010111001111101011010100101110010110001
00110110100000001010100101111100000001000011100010000001010001001110011011111110101011011101
01011111011110001010001011101111111111111001101110100011000110100110010011010011001001011011
11101011000010101001110110111001001100000011101111010101111111000101011011111110111111101110
01000100100010011000010110111001011010111000011110001110101001010110001011011111001001110010
01011111001000101011001100100101101010001110100001010011000000100011111111011111000001100100
11101111100010000000011100001110100011111010010110111010000110011001111011111110000001010101
11011011010110111100100111111000111100110001001011110011000110010100101111111011110001010011
00011011000100111110110100100100000101000110110001000110011001011010010111110001101100101111
11001011101111000110101001011101000100110000110000000110011001010010111001001100011111010001
00110010111111010000100110110111110111101011101000011011000110100100111111011001010011011001
10011100001100000110011001110110101100010100101101110100100001010111111001110100110110010111
01000011100101000011100111000100110101001000101000110001011110101111101000101111001111000001
11000100010010110110111010101101111101000000101100111000010100010001000001011000001110110011
00000110110010001011100011101000001100000010001100011111001001110011000101010011001110010010
00011000000011001111100110110010101001000110101100001101100110110101101101000000011111100001
00111100001110001101111101001000010111111001110101110010110000111110111110111001100111010100
00100110110010000111110110011101101011000011000100000000111011110011010100011101110001110010
11110101111100010001110100100110101011000000101101111110110111100001100100111100011100000010
10010001110100111100000100011001000000110000010111011011111011110011000010101001100111110010
11010010010001010100101110011110000011011011010010000000101101000111110011010110000110011111
00101101011011111000101100001101011001000011000110111111111101000001001100010100110100100111
01001110011010001100110010011110011110100011111011101111111111101110000100001001101001010000
00100011011101010110010011100110010111001111110010011010011100110001011000001010011001001000
01010011011000001111110111010011010011110001000010101111111101101101110110001101111100000100
11100010101101100000111111100001010000100011110001001011111011011001111001110001100100001101
10011101010111110000001101000101010110000010110110111011110010110000110110010000110110010001
10010100110011001000111101011010010000011101100100101111111000010100000100100000110001010100
10111111100100110000110101011100001110101111101010010101101101010101101001011000010100001111
10001000000010000010110011011010110100001001100110111010001100100001101011011110000101110100
11001110101000000001001010110001110100110010100001110010001011100010110010110111001100100010
11010111100000001010000001011010001011011010011111001111000110011110010001110000010100001100
00100000110000111111101110010100010101110011111100100010000110111111011110011101111010010001
10111101111111001010100010011100100010010001111100111010000011111111001100000100000100000010
00000010111100101101111000100001011100110001100000001111111011010011101001100010100000000011
11000100101000111000010000001010111001100101010000110011100100001010101010000000110000001100
10001100100000101010001010000101001100101101011111011101011011101101101101000110100100000001
00011111011011110001001011100111001000010001000010001110000101000000000100101001001000100101
00100010011111010101101110101010101101111001111110101010110100100001000110011011101000101001
01001111011010010000110000111100100111001101101100100111001100101100111110000001010011000000
10110111001001011010011011110010000111111111101101111100011111111010000110001101000101011100
