010111110011011111111101100001111011110100000111111111111010010111110111111111101101100110110111111001
101011111010011111101111100011011111110111101001111010010111001111001111111100101011110110110101110111
010111111111111111110110111011001011110111111111001110110111111011111101111101111010001101001011001111
101011111100011111111010101101011111010010101111111111111111110111010111100111011011111110111111110001
111101011110101111011100111111111101101110111111110111111011001011100111011110111011011111111111001101
111110110111000011011011111110111010011101001110111111111101011111111011101111100111111111111101101110
111101011011010110011111011111111110111111111110111110010111001110001111111111001111000110011011000011
111111101101111100110111111100101100110101011100010111111111011011101111110010111111111001111111001110
011110110101011111110111111111111111111011111111110110011111111001111111000110011011101010111011101111
001111011011111101110110110101101111111111101100010101110011111011111011010111111111011111111111111111
111011100100111111110111110001111111101111101110111011110010111101110100110101001111111110110111111111
101001111100111111101111011101011100110110111111100101111110010110011011111110111110100001110101101111
001010010111011110011110111100011111111101011010111111011111001101010101011111010001011001111111111100
111100111111100111011110111111111111101111111111101111111110101101111111001101111111111111110111111111
111110011111100111110011111011101111111111111111110111011111100011111011011111001111100111001011000011
111110111111111010011101111111110111010111011111110111111111111110111101011110111110111111101011111111
111111101011111101110010111111111011011100011111101110111001011111110111011011101011001011111111111101
111111001111011010111011111111111111011111111110111111011011011110010111101010111010100111011011011111
111100011111001011010111010101101010111111100011110011100111111101111100110011101011101111110001111110
101111111110111111101111111101010101011110001110001111101111110110111111111111110110101011101111111111
110111100001110101010100110110100111011111100111001111111011110111101111011100011111111111111100110111
111010111111110100111000001101111011011110011111011110111011111111010110110111111111111111111101001001
011101111111111011110001101110111111101111101110100001111110110101001011011001111111110111001111101011
110001111011001101110010111111011110101111111111110111101111111111111111111111111111110011111111001110
111111011110111111011011011111011001011101110111110110111111110111001011011111111110111111111110010110
001011111111111111111001101111111110110111011101110011111111111101111111110111001001101000110111111010
001111111001111111010111110001110111001111111111101001111011101101101111111011111001110110101110010110
000111111101110111111111110001111111111101100111101111101111011110111110101101100111111011111101111111
011011101000011111001011110001010111011011110011011111111011011101101110111111110000101111110110011111
111110101111011111110101111110010111111100101111101101101011101110100111101011111111101100000111001110
100011111110011111101110011100001101111101111111011011111011111111011011011111010111101111100111111111
110111101011110111010111111111001110101111011100111111110110110001011111000111111111110011011110111011
111111111111111011100111110100110111010111010111011111010101111111001111110110011111011111001101011111
010110111111111101011011011111111010101111010011011111110101110110101011011011110101011001001111011111
111101101110111111101111011111011101100101011101111101011111110110111111111011001101101100110111101111
111110001110111111011110101111101010011111111111101111111111111101011011110110111111110100100111111000
111010111111111000100011010101110110011011111101111110100101110111111011111100001011101101010111110111
111101111101101111111100110111101001101101011011111111100111111111110111110010101101011111111001110111
000011101110111011111111101111110101110111011111110010110011111110111100111111011101101110101101010111
111011110111111111111111111101111111011000011100110111011111111110111011111111001110011111111011101100
011110101111011101111111011010011101101001110101111001111111011011010111111001111000110111011110101111
011001111110111101101011111110111111111010110001100111111111010111001010111111111111111101111110111110
011110101111011001101011101111100001100011011111111011011111111001100111111101011011111000111011011111
001010111001111111000101111010111111111111101011110111110111111101111111110111011110111010011111011101
011111111111111111010111011001110011111100110111110011111101111100100100101111101100101011110101111101
101111111111011111011111111101111011101110101000000111111111100111110111111111110101001110101011110110
101111101011111111111111101111101101011000111001011111111000011110111111101001110110100110011100111100
111110001001011110101101111111101111111011111010000011110111111011111111111111111011110011010011111101
110111101011111111100011111101010011111111111000011111111101011111011111100111011111011110110111111111
110111111110101101100101110010111110111110111010101011110011011101010111111101011111010111110111111111
111101100010110011011100001111111111110010100010110111100101111111101110111101011101011011101101111111
101111111101111111011101100111011111110101010110101011000111101001110110110111110111111111011111110111
111111111010111111111101110110111101111101111111111101111111111110111101010111001010111100111011111111
100111010111111101111011011111111111010111111111111110111111111111110010001011111111111111111111111110
101111010111010110111111111111110101111011011111111011010111011010101111111101110010111111111011110111
111111111111111111001110111010111111001111111111110011101011111111011001111110100101111110101111111101
100111011001111111011111111111100011000111101110100011010110001011110111101101111010111100011011110001
011101111001111100110011110100011111110111111101101111101010111110110101111110111111011111110011111101
111110111111111101111111111111110011011111110101010111111100011111111111111110111111111110100011001110
011111111100101111111101111111101111111111111101111111110000111111110111111111111001111101110101111110
001100001110011100111111111001111111111100111101001111010101011111111101111111011101110110111111111110
101101011111000111111111110110111111111111111011111011110111101111110111111110101011111101110100001111
011011111110110111100101011111101001011110111011111111111111110011010110111010111111001111011111111111
110101100011110111111111111111101111111101011110111011010111110011100111110111010010100101111111111011
111111110101001111011101100101101110111111000111101011111111111101011011100111111011011110111011010111
111111011110111010101111111010111001110011110101111101011011111110111101001110011111011111111111111011
101011011110011110111001011111000110111100111111001111101111110101011111111101111111111111010111010110
101101001111111111110101010100110011111110010111110111011111111011101101111101101110011010111010110111
011001111101011100111011111110111111101101010011101010110010100011110011111011011111100001111101101111
111110111010110111111101011111011010011010111111111110101111111101110010111111111111111111100011111110
110111111101011011011111111111111111110111110111111101101011011110101100110001101111111011111101101110
111111111101111111011011111001111111110110110111110010111111110111111000111100111101101111011111011111
111101110011000001110101011111001011111111111111111100111111111110111111010101111111111111111111111011
111010110111101110111111111010101111111111110101011110110111111100111111101101101001111010111111010011
111011100001111111011011101111100110101111101111011001111111111001111101010111010111011111000110011011
111111101111111100011101110110111001101101111101111110111111110111110101111011110110111100101101111111
100111111101101111110101111011111111011101011101100111010111111111001100001101111011111101110001111111
101101100110111010110111111111110110001111111111111111101001100110111110111110110011111111111111111111
111011010101010111110111101111010101010011001111000101111111011010110111110111011101000111011110110111
001110011101110101011111101011111101001011110111111101101111101111101101101111101111101111110111111101
111110111111011111101111111001011011111111111001111011001111111011111111110010110011101111110111010110
100001110111011100011111100101111111011101011110111101010110101001111111101100110001101010011111101000
011111111111011111111111100101111001100101110011110111101110011111111110101111011000101101110111110011
110111111110111010101111011101111111111001100101111101010111111011101111111011111100010000111110111110
110101011011011101111111111111110011101011111011000111111011110100101111110111011110011011010110111011
010111010110110100001111101100011101010111110001111111111111110011110110111111000001101110011010111110
001111011110110110111100110111101110111101111100101111111111011011110111111111011110110100110111111110
111111100110011101101110101011101011111111000110110111111111111111100101101111111010011011111111000011
110111101110011111111111101110111000011110011111111101110110101011110111111001111100110101111100011111
001011010101111111111111100110111100110111001001011101100101011101101111101011111010100110110110101111
110111011111110110111101111110100011011101101100111011110111110111011110110111011011001111010111111111
110111111111110011101101110110010010110111111011110111101101111111111011110011111111111111101111010100
001111111100101111011111101100011100011111110110001111111000101111011011110101100101010110010010111011
110111010111110010011111111111111111101011011010111101010001111101101011111101111111101111110011111010
101110111110111111010011111011110111100111110101110111111110101111110101111001111111111101111101110110
111111111111111111110111010101101111111100111101111111111111101111101111110111011110001100110110101011
110101001111110110111010010100110011110111001111111111111101101101011110100111110111111001101111010010
110100000110110111111000111110111101111001111111111111111101101111110101111111111011111010111110100111
101011011111110111110111010111111111000111111011111011010111111101001111101111010101111011101101000100
011011011111110111111001101111101110111111111111111111110111111010111111000111111001011011110010011001
011001111111011101111011111111111110111011100100111111100011111111111111111111101011111111101111110001
111110101111011111011110000110111110111010111001111110111100011111011001111111110010100111101001010110
