0111110111110111110111011111111010100010111000111100111001111011100010111111110111010111111111111000110111011110011110100101
1011011111111111011101101011011111111111111101110010111110000111101110100100010111101111000101011111100101111001010101010011
1100101011010101110001100100010001111101111111111110111101111110011100101110011110110110111111110110110001100010010000001110
1100001111111001010000010110101000101001011001111111001000001010001010010010011111101101110110010111110111011101110001111011
1010001110011111001010010010000101111111111001100011110100110010001101110101011110111010111111001011001011000000111100111000
1100000000000101011011101011111011101110111001111110100000111111100111111111111101100010111010111110110100101111001101100110
0111100101010111011000100010000111110111101111111110011011000110100111100110111010111110010111011111111011011011111111011111
1101101010010001111111111111100101110101101011010111111101011010111000101111110011011000100110011010111000101110100101110111
1111100101011011010101010011010000111000111001010101111001110011100101111101011000101100101001110111010001111011101111110101
1111001010111011000011101011101011110111000110001011100100110001100101110101001101100011110001100110101101011010101000001111
1101000001011011001100100110011111101110001011100111111101111011110111010111011010010011101101101111101111010000100111010111
1111101111101110111111010110101100000011101000100000111101111110010101111110010100111000110110101110000100000010001101000011
0101100011110111001011110110101101110110011000011101111111011011011111111001100000111000000111111110110111111101101001111100
1110111000011011011101111011111011010100111110011011100101001011001011101001011111110010011101100011111000010001001011111000
1100101011111100110111110101110101001010011001111100100001011111111010101101111100010001001011111110110111001010111011100100
1111111111101100100111011110110011111111111111100100110111000001001110011010111100011101111100110111011010000100010001111001
1010000100010011010111011101011101100010100011011101110110010100100101000011011110111101001001101011111000010111000110001100
1111011110010110101101111110111111011111010111101111001111101010111100111110110101101101001001110011011010110110111001110010
0100111100111100010101001101010011001100110100011111011011000101001000101111010010011111110111111011011011110111100110111111
1100000110110111111001011111011010111100111111010111110000011011001111110001110110101111110111101011111100010000101010011100
1000110101011011100000111011010001011111100101000011101111010111110110111101010101101000000111011111010011001111111101001110
1110010111011111111100010110001101011111101011011001111011001010011110111101111110010001100001011011010111111111101111111000
0110011101101110010010001111011010111111111001111100111101101111011101111000011111111101111111111000011111110110101111110110
1001100110011111110111000111000100001010110101010111011000110010111111101100101011100001001101110110101000101111111111010101
1100010101000101111110100111100001101101001111001110001100001100011011010101111011110111101101010111111011111011110000110101
1011000100111011111101111011001011101110001011110001110010010100111110000000001101010110111001100111101100100101000111010010
1101111111111101010111111101111110100110011111100110011111101000011100111111111111101001110111101011101110100110111101110101
1100010111000110101110111110101100000111001010010110001111101100100101100111000111110110011001110001101001100110011110101101
1001010101011111010000001011011111000001111111111110100000111110001111110111101001011010111111101110000100101101001010011111
1110010010100111111110100010101101011100111111101110111100001001111111100101001111010110111011111011101101101011000011100101
1101010001111100110101100111110110010101000100011101110110111111001000100110100111011001101010011100100011111101010010111001
0100101100111010110001010011111011101011100001100110000101111010111100010011111011001010110111011100011010010101111110100110
1100011001100101011100100110101101000110011010001101011111001111001001111011011110110111111101111111111110011111101110011110
0110111101101111111011001100110110111111111101110110001111110011111101110111111010010100111111110111010101100110111101011011
1111111111101001100100101110000101010111110101111111001111011001100000000111101101010000110110001010010110111111011111101001
0110101111001101010111100000011001101100000101010000001011111001010001111010010111101111001001001111101001010101111111111110
0111110010100011011111111100010101010010111101011000101100001101000111110000110011110100000000100111101000101011110111010011
0110111101101101011111101111011011110010100010101011111010010010111010111011010010101011010111011100010111011000110110111111
1100111001111011110011110111000111101101111111100101101111011011100101100100011000101100001111101100100011110101101100011000
0111101101010001010011101001101101100010000111100011111001100101111101010010100010101101011111011101011010101001011101100101
1110111110010101101111110000110101101110001111011111111101101111100100011111001000011101011010100101100110011010111011111011
1111110010001111011100110010110011101010001001011001001010111110100100100011111011001100101010111010000101111101111101000001
1111111110111111000101101111110011001010110000101000110001100110001001110101011000001110100011111000010111111100110111100011
0110001001000101011110011010111001111011100010111011011110111101100111101011101011111011100000001111000110000111101110101101
0010001101100101110101001111110010000111100100101101110010011110101111110111111111010110001011101011111011101011111111011110
0111111110100011110111111110110101111011110000110010111110011000001001111111111110111000000010111110111110110111100000111011
1111111000110011010000100110110101100111001111000011001111110111101011110001110011010010001100000000010101111111001100111101
1111011110001110101101110101101001111000110101001100111110101101111110110011111011111111110111110111010110010110110111110110
1011011001001110111001101000111010101100111110010010110011110010111001001111101011000001001111111000100101011101101101101111
1011011110101011111100111011111111100010100010010011101111101100111001111110011000100110011111111111011011011010111110001110
0111111101100100011110011011110101100101100101101101110101011110100111111001111011100100011000111110000110111011111111101110
0001100111101100111111010100001010100111110110100110111111011010101010111010001001111111011110100010111010110011100110010011
1110110111111111100111100100111000001111101011011111000011111010011010001111010010100111010011101111110111111010011101001010
1110101110111001101101110110011010000101101111011011001110110110010100111001011011111000111111010000001111000010111011000100
1111001110111000011011111011010011111111110101110101010010100101001111001110001100111111100101111111111011111110111110011110
0110100101111101110010101011011111101010100101110111010011011011010110010011000110110110000110011110011001011100100011001111
0100001000001001111011000111001011110110010111111101111101001001001010010011011111111001110001001100111111100011011110110101
1010001110111111011011100011000111110011101000101111100110000101001010011011100111011010110111110111011111101101000000000000
1010110011110000010000110011101101010001111100111100111000000101111111101111111110111101001001000001001101000001111110011010
1010110111111010100110010100101101110110010111101011110100001101110011101110110001110111011101010010011011110101001111011011
1011010100111110010101101011111110111010110111010111100110010011000100111110011000101110101111111111111001001011000010011101
0110011000010010101010101101101010001001111110110110011001110011001011001101110101101011000010101011111110011011110111100011
1111111110111110010111110000101111000110111010101011110100001100011110010101111000111100111110011110111111111110110101010001
1100010011101111001110100000011011111011100100110000001111111100111010111100111011110110000111110011111011110101110011101100
1100011111100010110010010101010101100111110110111111000000110001011100010100011010111101101011101111000100100100111110011010
0010000100111010010011111110010101010101000000011100110100110011101011001110011100011011001101011000101001011001001101111111
0111100100001111011101111110111111000101001011111101101011100111110011101000110111110111110011110101011100100001011010111110
0110111011111001110111110111110101001011110110010010011100101010100010011110011000011000001101110100110101110111011011001101
1101011000101111000111011100110000001100000110110011101111110111011100111001001101100111010011010110000000001110011110101001
0000111011111100100100111001110011011011001111101110001000110100011000111110000111100101000000101100111000010110110110100111
1110111111011110011111110011111011011110011111110111010000111001001011010111001111111101100011010111010111000111000111110110
1001110011111001010111101010100111011101101011110111010111001011100111100010000111111011011011011001111111100100001101111001
1010010110011111011011110010000010010100100101001111111001111101011111000011000110101010011010110001000110110111101101000101
1110111111110010011011011011111001100010101011001100101000111111110101100001111110000110100001111011110011111110011111110001
1011011100110001111000000011101111110101110111011101101111111000010101111000010011111110100101101111111111111101011110100010
1000110111101110101111001011110111100100111111111010110111100110000010101100011111010100011111010101011111011010101100110011
1000011100001011010101011010101101101001010111111010000001110111001000000100010110010100101011111001111011110110111111111111
1111111110110111111111101010000111011110011011110110110010111111111100000111100111110110111011111011110101100100011100110010
0011111011100111100001111110110111100010111111011111011010101011110110100101000111000110100111100111100000110101101110100011
1111110001010111110111100111011010110000000011000000001111100100011011111101111000000111110111101111011101110110110111100101
1111101100100100101101111011011111011101010111111010110111100001101001111111111000100111111101111011110001000111001111110111
1101010101000100010010111111111100111000010110111011010011010101001011110011011000100010101001011111000101101110011001011010
0111111011011100110110111011000010011111000101010111111110111111101011111010010011011111111011111001110111110100001000011111
1010101100111111101001101101111011101000100111110001011111110011111100110011110000101000010111010011111101000010100000001101
0101101110011001111110100010101100010111111101010001011011101110110100111010000000110101111101000101101111010001000110111111
1111001010000001111100101101010011011011111010010111101100111011101011100111111110101011011000001110000100101100100100111111
1110111001100100001100001101110110010100001110110101101101011101011010011110011111100100010011100010000011111001000111101010
1101000001100011111101111010001010010101100100011001101010110100111011110000000110101100100000110111100111111101110110111001
1011110111110001001101101110111111100000011100010000011011001010101000100110111111101001010001101011111111100100111111111111
1011111001010101001100100111110111100101100000010111110011010010001010011001010110111110100001011011011101101111110010011110
1010110010100111110000111101111011010011110010101111010000111010110100011001110011101100000111111100000111110111011101100110
1111101100111101001110111010100111100111000000111101011101011011010100000011001110011000001000001001011110010101101001010111
1011111100011010001110100010111101100111111011011101110101001111101010111001111100110010001001111111101100101011111010111001
1110101011101110111111111111110111010111001010011100111011111001111110110111111111111010111010100010100111000111111111011001
1010010011111111111100110111110011001010111011011111101001001101101101001110111110100011101011000101110110011111010000100011
1111011110001011011011111001011111000101011001011110011101011011011110111101110011110001011010000101101011111010110100011010
1100111100111010101111100010111110110111011111001110101110001110110001010110110111100100111110000111001011001110111001000110
0111011011111011000010011100101111011111100101010110101111001010101111100011001101001101001010111001101011110111111000100101
0111111111111111111111011110110011111000010111010111101101011111100010100110011111010111110011001000010100110101100011100110
0101101010100101111111001111010011011001100110010100101001101101101000111111111111111001110110111100101001111101011011001111
1111011101101110100100011111011010011010100011001001101010001111010101010110111010111001100011110101011101001101111111101111
1011011110001111111111101000000111100101001011110101101111011111001101110111110110110000110100100010101101111110010011000010
0000101101100101111100111111010110011001000011000101011111111111011001010011100100011000110110011101110111111101110011110111
1101010001111010000101100110110011100100111101111010110011100110101100111011010101111101111111100010111000111101101110110010
1001101000101011011011101010001110100111101111010111111011010111000000111111100000101011101101111100001001111011101000010111
1111101011101010001011101001011001010110011010101100111111111011010100110111110111111011111001011101111010111110011011100011
0110010110001000011001111111111001101011011011100011101011010011101100011110111101100111111010010111011111010111010011111101
1101001011101100111101101000001110110110111001111111101100010111010101001111101100101011001100110111011111100010110101100111
1101011111001010000011011000111010101101111010101110101101001110010010000111000001000111010010111001111111000101010001001011
1001010100001001111011110111101111110010011101111000001101010011100111111110111111100101111101101111111101101000110011100100
1010011111010010111011111011010011101000100111110111111010001110000111101101100111010000011011111100010011110000111101111101
0101011010001100101011011100111110111011010111101011000011111101011100101010001010001011011111100111101110101000010001111100
0001101111101010011111111010000111011110111111011111011100100111100001001001101100010101110111011110101110010110000101100110
1111101000000011010010011011001101111101111010010110111010100111101111000110110101000001111011111101111001111111000101010111
1000111011011110010111110011100111110011110110101110111010110000111110011111111011100000101111001101100111000010000010110010
1100111110110000101011110111000111111111011110111111101010110110110011111111111110001111101001010000100100010010110011011111
1000001010100110101101110101111110111100101110010111011110111101101111100110101110001011110011000011111101100100001101111111
0101011110111111010011110110010001111001111010011010110100010111010100111100100111000010101101001011111001111111110110101101
1001110110001111011001101011011100110101101101111010000010000101011011110111111110001111101010100110101101110111101011010100
0101101110101101011101111110101011011110100011110001001010111010111000110101110011101101110111010000001110100011011110100000
0011101001001101101111000001101011110110100111101110101100111001111110010000100001111111110011010001100000101011000111000111
1010011111101010101110111011110110010101000110111110011110001001011101101000100110111100111100001111101010110111110111101011
0111011101110000011010100100100111011100101011011111101100110100111001100011111011101110111100111011111111011000111110001100
1101001111110001001000011011111001101101111101101001000110011110010111011101101110111101100111100101101011111010010111001100
