011010001110100111110100011010011101011110101011010101110100011110011100111101110000001011110011110011011011001100001111011101110100111111101000111111
101111100111011011001110111111010000100100100001111101101001110011110011010101111100011100110110111010100011100001011111110110001101101011100011100011
110010101010000110011011011101111011000011001101011101111010110010000111111011110100011101011111110110111100011001001010110110110110111101110101101010
010011100111001101100001111101000101110111010001100111011111101001011011100010000000110110010100110111110101100001111010101000111111011001010000110011
111100011011110011111111110100001111011010001101110111101011111110110011100000111011011101001101011111111000110110110011110001111011000101100111000101
010100110111011010011001011000101110110110101100110111111001111000110000111010111111111101011111000001101000010010100110111111110000110010010001001111
011101001111111111111101100101010010110001011100111101110000010110101000011010101010110011011100111110011101110111011011110111100101110111100100110111
000011001000110100111011010111000101111101011111010011000001010111111111000111101011110001101111111101011110000011111101000111001111100111100111110010
101010110001111011111100111001011011110111100100110101000100011111110101000010010101110100110100001101001011111011000110010101011111110101110111110111
110101100000001111011000110111010110110100001111111001111101011000111111001001111110001011010010110101010100110111010011110110101110110100111110011110
111111100000110111110101010111010010110010101101111011001001001011101010011111000110101111101011111010011101110110101011111100011111111101010001001110
010111101000111110111111101011101001100110111111011110111110101010010111011001110010011101111101110011001001110111000010011011011010111100011010011011
100010111011011111101011111110011110101000111110001111010110010110010111000001101000011111001111011001110110001000110001111010111111010011001110111110
010011111011101100110110001001000011111011101101111101011110111111110101100111101101000101110110111001100101001010011100100011001011100001011100001111
010101101101110111110111011011001111111111100000010010010111000011001110001011100000001110011000000110011100111101110001011110110111101111110100100010
101100110111111010101011100000110000111000011111101101100100000101100001000000110011001001010101000110110101110001000000111101001001001111000111010111
111011101111101101011011011111100011111110100111101011001100010100101110100111000100010010011010011100100110111010001010011000110110111010110111111100
110110101110101010110111101000110001100110100110111001011001001111010110101111110010101111101101011101111111100001101111110011001111110100001100111111
100110111011111101010111001001111110101100001000101111001111010111101110101100111110110011101011100110111101011011011111100101101010111111110110001110
101011111111011011101011000110001010011100110001000110011110000011110010110011101011000011011100100001001010110111011100100001100111100111111011101100
011011111101100110010110111110101110001011111000111011111001101111111001110011011111000111111101101011101110101111110011111110110101101011011001001111
110010101011011001101010110010110001111111010010110010101111100101110001100011001010101110001010111100100110110111110011111111011001110111011010001011
011010010001111111111100101011100011110110010011001111111010110111110100011011010111101110011100111100101010010010111011011110000011101100111000001100
001111110011101111110000111011000111111000010111110110011111111111101110111100101000111111111101111101111101100000001011100110101101110100110111111011
010110101101100101001111011111000101101100101100011010111011010101101110000001011011000010011101111100111101100111001011010111111011111110110101110001
111111011110101010001101101111010111110110001011001000111110101111100011101111011111110101100110111101101101011110000010100000001111111111011011000010
111101001001111011101011110110001111010011100110011111110110001100111111100001111001000101001110111000101011111111010000111010101100011110001001001001
011110110110100010011000111011000101011011000100001010101011000011111001000010101000101110111101101000111011000101001100001111111101100110010001001010
110000010111101010011111111101100000011101110010001000111111111111111000010000110110011110111101001101010011111110101111010010101101101111010110100000
011100111111011010100011110110111100111000001010010001000110011111110010101011110111011111011100100110011011110101101010011100001111110100110110110001
001001000001000111101110000011000111011110110110001101010111100010101111110111111111111011000101001100101100010111011111010001101100101101010101000100
111000101110100101100100010001001011111001010001100111111111110111010111110110010011010111100010110111110001101110101110101011100101101111111111010011
101011001001101000111000001001010110000101110010111001010101100100001000000110000111110100111011100011011010011010011001011001000010101101000011111000
100111010100101000101001111101101000111101110010101010111111000000111011010101000110100010110110000011001111110111111100110000010110101101001000110100
001011101110111010111011011000111001001101111101001110000111111111011110100110101011010100011000111010011111000101010111111000101011111111110001010111
101110011001011011000111111100110010001100010100111101110110111000111010111100101111110000011100001010000101110000001110011011000001100101111010010011
010101111111111111100111110001010100001011110110111011000001110101101101010101100000000111100101000010011001000111101101101100001101110001111110000000
100111111110011110010111011111110100001110011100010010101000101101101101101011011100101111010000001010110001111100101110010010010110000100000100101101
100010010000111110111101100111110111110110101110111101001011000000101001010111001101011110110000100100001010101010111111001011111000011101110111001011
110101011101001011110110110010101111011010001111011011110010011100110101111111111001011010101110111111000110001010110110111110111110101101010010100110
101111001011011011001110011100100000111101010110100110111000001101101011111110110100111011000111110001111000010110011011100101101110101001010111100010
001100111000011000001100001110011110100010100011000011000111011000100011111100011000111000101101001111101101000101100011100111011011101011001011010101
110001001011111011011000101010101110101001000001110001010100100110101101000110111110101101011010000100111000010110100111111111011101111100111000101010
000100110001100100011111000010111111110010000101101011011111101110101100011111010010101100011101100111011101101000011001011101010010010110010101011001
101011110111110100101000110001000010011100000100110011111101111101100011111110000001111100000101111111010101000100111001000001001111101001011010011110
001011111111110111000001101100100011111110011011101101110000101010011011110101010001010011110110101000011000001101110110100100111000111010100110101100
100000010101100111000111011011101100101111000101111010101111100111001110111110001110110100000001000011111001001111100110001101011100000111100101100111
111110010111010110010011010000010010000101110110011011110001110110111100111011001110111011000011010110100111101011111001110010101010000110010111011101
010111101110010111101101000000011101101010111110000101001111101101100110111110110001111100011001010011001110010110011110000001111111011011111011010000
111011111111011001001101101001001001111100101011001010111110100100110110111011100001010000000111100110010100110001010111100010000100110011111110100110
011000100111110111101010111110101111101100010111010000111110001000011101000010000101001101011100100101111101010111100111011111100110011111100111101110
111111101001110100110011001000110011001010000100100011101000110011011111001111101011010100011001010110110101111101101011111111111111011010111110010110
000111010011101010111111101100010110110111011011010101000111110111100110101111101101111011001000100111010101110111011110010011111111110001011011111110
111111111110110111101010001001111001101101111101100110110000001001011101001011011111110100101000110010100001111111001111111001111001101101010011101011
111011100101000100001110111110010101010110001111011101011100000000111000011111001000101111111100011100100110110110100100101000001011111111101011001011
101101100101111001011011111010111101000110111101011001100110010101101010101001001110001011100100111100001011100010001111011001011011111100011111100110
011111000111010011111111110110010100011010011010111100100000011111011011100111100110111101101110011010100101110110110110000001101111010100001011101111
100100001101111110110101011011111111000001111010111010110011011010011111111111101101000100110000110011111110010001011111001001100101001100001100101100
001110000001111000110111111111110111001101010010111010010100110010100111010111011011101001001101110100011001010000100111101000000111001001111011101011
010111010110001001101101100110111110101001011011100010000100001111010011011010110101101000111100100110111000110110111111111000110011111100010010011011
011111000001010000001111010010111011110000111111110110000010010101100101110010111011001111101010000101100010001111111001101111110010111101111101001111
111011111100110010100011100011010011100101001001000110011110100001011001011001100010100110110011000110100011000110011010011011001111101101000010000011
100111001111010001001001011011000011010111011100101001001101000111000000100011011010010011010111111010011110111100011001011101101111011000011100110001
100010111000110111101111111011011010110110111011110010011001101000111111110011011111111100111011001101110011110111001001001101111011100111101001110011
111010111011111001111011010111110010000000110111000110001111001001110111100100101001010111010101100100101001110101111110100110010101110011011111101100
010100011010011101111111110111010010110010001010100111011001111010100110111101100011000101011110101100011010000111110011111111110110000001010111100111
010011111110010110111111111111100101111111111001110010110010100111011101101010111010011101110111111100101100100101101011010000000111011111110110011111
110111011101110001011110001111010111000100000101011101101101010110100001110011100000100111011110001101011101101110001000010011000000111110110111100111
100100110110001010101001101110101111111010110111001101111100010100100011110001100001111000101100011000001110111100011101110011000011011011100101101110
101000011101111011100011101000110010110100110011111111000110100111100011111111100101100111010101011110000011000110001001010110101100110110101011010101
011110010111101011110001111001110111000011001110110110011111000111001101001110110110010010111111010000111110111010011011110110001010001010110010000001
011110011101110100001100011100110100111111101100001101001111110110111110111111000100110111110111110001000111000010001110110010100001101011111111010001
101111000000010011111101011001110011010111001111110010011100101111111101011111111011010110110010110000111011010001010101001011111100011011111100101111
111001100011000000011011000010110101101111011111110000100111110101011101101011101110111001000101101001001111000010010010101111111101110010011101010100
101001100111001001100011010001000001010111011011110111110101010001100111110010011000010111101101111000110000101011101011111111001101011101010101111111
110000010010010011100001010000111111101111111110100110101110000011000111100000110101111110111101011001101011010011000010010110111111111010111010101111
001101111010011011011110010101111010011110111011111111101111101100110111111001111110011100000101001101001111110100101011101101011100111011100111010100
111000010111111011011110111001100100111100010101010111111110011101011101110010011111111111011011111100011110111110100011100011110011000111011100000110
111011110101111101110001001111100011100110100000110110001101110011111110110110011011110100001110110101101011001011010111011110111010111111010001000010
111011001101000101101010111011110000010111110100100001000011101100100010101111101100100111100101111111101010101111100011100001100111000110110110110110
010011110100110000111101111100100011011101100011000111110110101110100000111011110101100101111101010101110001010101111101110011101011110110000001110110
011001001110010010101010010011101101011010100011001011011101000100000111010111011010010111010000111100101001011111001111101111101001011011001101011110
000011110111000101111110110011111111000000110011000101011010111101100010110011100100010111101101101011111111110011011001000111111010111011000001100100
000011011000010100011010111001111011001100001100111111000111100111001100100101101000011101000101101111010110100111111010110100000110011111101010101110
000101111010000001100111010100101101010011111011100011101011010100011101010101111000001010011111110111100101001001101011011010010111001010111011100101
011111111001100010100001010011111011001111001111110111001000001110101011111111100111000001100000110110110111111000111111011110000100101101110001101100
111011000111101101000111000111100000011111111001101010111011100100101000010111000001100101100011111110111011100011011101111111101100010111011010001100
011111001011111001001111011111011010111000111010101101101100110111110101101111111111001010010000110111001011001111000100010110001110111001100100100101
100100100110101011111111100111110100111110000101000010110000111010010111101101010110100100011010011011101001101111101101001001111001111111111111010001
101011110111110101111001011001110000110010100101001010111010101011110101011001011111011000100011101000001111111101011100011111010110101101111110011101
110000011011010001101001010110011100101101000100000001111101110100101011101100011010011001000101000011101001110101110100111101011001010101100110010111
111101101101011110011011100111001111011000110100101100100101011111110111100101001100100110001100000011011111101110101011110111111001011011010001011011
001011110011101011111111101111001011000101110000101111101011100101011010001101101010100010010110011110010110011110011000000010110101010011101111100100
011111111001110101011011111111100101100111011100011000111011001011111111011110111011100000111001110001101010111010001111111010111101011001100011111110
111001010110110010100100011000011100000110100101010000001000111101110011100001100000101011001001101101111111110000011000101010001110100100000100011000
101011010011100101101001100110101000100011011011110100000010011110100111011111011011101001100110110110011111100001011001101001100100110111111111010101
111100110111010000111111111101011010001110011100011011010111001011100001111001110111111101000111010101000110001000110111101111011011010011001111010111
111110110111110011000111111000010010000110001001100101111110001000101111101101111100111110001101100111101111011000011111111011001001001001001100000000
010010111010110011001111111110100011010101001100000000111000001101111100011111010111001011001010000011010011111110101111110001001101101110010011011010
001110111100001111100111110011110000001101111001011110110011110111110100000011111101111100001011110010110010100111101100111101111111010001100100101011
111110100011001100101000000001011111110101011011110111001101011000000100000000010011111110111001011100100100001110011101101110111011000010010000100101
100111011101110001011001010010011100000111011010101010000100100100010001010110111011100110110110111000111010011110111100001001001011100111011010101011
011111000000110111101111111100110000010011100011001101101101110110100010101100111110111010100110010111000101000111100101110111001011010011111100011011
101110110110101101100001100111011010110010111110011110000111001101010010101001001011011000011011001101001011101100001010101111101110111101110110010111
101011111011001001111011111101101110101011110110101000010111001011111010110111110110001111110111010001010111101111101110010010101000001101101011100110
001100110110111111101101110000100111000101011001111110101100001000111011010011000011110001011011110010101011100100111011101010100101010010010001101011
110000011000100011011110001111001110001100000001100000110100111101001111110111110011011101011111111101011101011101111101111100111110101111111111010000
110100101011010101100001111111010111110001011011001111011010010110010101110110101110111111110011011000111110111110101010010010101101101100001101001000
010110101111001111011101101011010101011000010001010111111001001110111010001011010011011011110111001100011101001101111100001111000010011011100001111000
001011101111001110110110011011101101010010100000111111101111001110001010100111001110010001101110011001000011000001101111111101100001111001100011011001
101000001000111010101000011010011000011100010111000101000000101000011010001001110100110111011100111011011011100010101011110110110110110110111011000000
100010100111001000011100111111110110110011101110101111101001111111111100000011011101000111111000001111111111100000010110111010110010011001000100111100
000011111111010010111110111010111100101110100011101011111001110101010111011101110111001110011100001111101001001001100001101000000100111000011010011011
011100111101001101111100101101100110100001000111011111000100100111100000101100111111101111100001000100101010110010000010010000110110110101011110011001
000111010010101001001110000011010100111101101111001100101011100011100000001011011001110010110000101101101111111010011110101110110101101111111101101111
010110110100111000111110001000101110001110011101110010001101111011001010110000101011011001101011110011000110100100100111101101110110100110101101111011
111100110010010011110011100111111101111010011001100111010101111110111111001010001111111011011111011111011111111000100101111111111110111101101001100011
110001011000010001110000000110110111111100100110111011111111000010001001100000101100011111100100111111101010110100111000101010101101111100100010010110
111111101111000011101111110011110011011111100110111111011111010011100011011111110101110000010100111000011101011101110000111101110011110001011111011111
110010110110101001101111100010101010101011111001011101010111101101101110101011111110111010010101111010100110011010011000111000010001111010111111000011
011111100110110101111101011000010110100111100101010101100011100011001011011011011101001000110111111110110110011110111111010100001011011011100011000010
111011101111101111001110101011101111010100110001001111010001011001111111001100101001111101110100011100101011011101001011101000001111110001101110111011
100101000011101110001110001101011011101100110010001101110111111101000000111010100100111011100111110111010110110110111111010111111111110011111001000010
111001111110001100101111100101000000100111110110001100000000101111000110011110100111011101110000100110110010111000111010101001101111111001111100010010
011001110101111001001111101110010001011101100001011110000000110011011111111101101110111101011110110010111101101100101100001000010100010111001010101001
100011111001010101110100100100111001001011111010101111011100111101011000111011011110001011110001111101110000110000011010001100000101111111101000010001
101111100100101010111001101110110010001110000101101111001101101101000101110101111110001010011101000110011111011101111110001100011110010101110101111010
101111001011101010001100100100000100011101110110100111010001100111000000110111100010100011111100100110000010001101111011001010101111110101111011001111
010110011111110101100101111111100010101111101111100111111000011100000110111110101110001110110110111111111011000000001100111100110100011101100000011110
111100111110101011011001011111110100110110101010111110001110011011100100111110010001111101001111001100010111001011111100011111111010011011011010111111
001110011111111011110010110001001110010111011001101110111011111101101010000101111011100101000010100111110010101101011010111100110101101111011111111110
010110111010111101011111110111010011100001101000100111111111011110101001011101011100100010111100111111100101010000100111111101010010111110011110000000
111001111111011011111111110111111111100111101100010011110001110110010101010110101010010111000011001001010011011011111111011101010011010100100100110100
101101101111100011100101111001000010101000110100111110111001101010111100111110101111001110111101100100110100111111001111111111111101100111011101111011
111100000011001110101010111010111110001111101100101101110111111000111011101110100111110111010100011000011011110110101101100101001111000110111010111110
101010111111001101110111111111111111011100110011001001111101110100110100001001111001011011100011001001011011001001111100000011111011111010111100001110
110001110000101110111100111110010010000001010111111100100000000110111111110111111111101010011001101011100110101000110001101011000111011100101010101101
111110111010111100111100010010111111101111001010111011100010110111101001101011100111011111111101110101111010110101101010111111111110010000011010010101
111010111100001010110011100001010011101000100110111100100010100100111111100110010001110111101101000100111010111000111101111101111000101110000101100010
001101001111011010111111110111110011101110111001110111010011101011110011111101110000111011010001001011110110001011100011001100110111011101001100000100
100000000101110001011110011000010101100001101000110110111110101110000101110101000101101011001001110001101011001011111011011111010111011111010110101010
001010111100111111100001100011110000111010010111011100010100101011111001111011010100000111101011110100110011000101110011010100100011110100111001101111
010010011101100110110101010011011001101111001101111111111011010011110111000110010001101011101101101001011010011011000111110010010111001011001000011111
011011011010000110011001111100111010001011010011101011111010100111011101011010101110110010011101101000001111111000111011101000110010010000100100010001
111100111000101011010001100011001100010110100110011011011110001111011000101100011011110100001100000111001100100100111000010010100110111010101100001111
100100111101100111000001100001011111000001011001100110000001001100100101011010011100000011110111101000110010110111010110010101101110111001000011000011
101001000111110011111111001100001000011000111101001011101111100010101000101100000101011001010110001101100101110111110010010010111110011110001110100100
100011101110110111111010000000100110010101001111011110011100100011111100111111011111111101101101100010011000000100100110000000011110101111010110101011
111101111111111101101101010100010011001110101010011111111011110101111000101101111101000000110100101101111100000010111111111100111110011100101110110101
110111101001010101001101101001010011011001010011000001101011111101110111101100000000100111110001100111110100010011111011010011010100010011000111110110
