0110101001011011111011100011111010111111101001100001100111111001011111110111010100010110101101010010010111000010111111111010000
1011000101011111011111111101101111111111001101001010011010110111111100011111110011110101110011111011111000111000000010010111111
1101100001110111011100100111011111011000110111000101010111111110101111010101111101111111101111110101110101100011110011001010010
0110000111011111110110111010011011111101101100101101111111110011100000101110101100110000100111100010001101100000110011011010111
1010011111010111011011000110101111010111110011111100111111111011011011110111111110101000010110111111001100110100110100011001101
0000100100101100011000110100111110001101000001111000110011111111010010110111010000100101000000011111101000010111101100010010111
1000100011110001001101111100110101110111110111111011110110111010101011101010111011011101011111111011111011111111100111111110110
0101110011111110011000111011110101111101011101111011011110110101111111111111000000011001110100001110001011100111101011111101001
0001101101111011000101000110100111111011011001011110011111110101111001101110100011101101011111001011011011100001111011010110101
1111101110010010001011001000110110100010110010011111100111011000111111011111111011110100110001101100001111010111110011101100111
0010011110001110111100101011101101011111011110100101101111101000011011111110111110001101111011100111011111100111111111111110110
1111101111000100011111000101101111111101111111100000110110111101111111011111101100110111011011111010101101001101101000110100110
1101010110100010011111110100111010011010110101001101110111010011001010100111001100000110110100011001101111111000101010101101111
0111110100110001101100111011010101101010111101001110111111111101111101010101111011101010001000110111100111000111101001011111101
1111100111101000110000110011111100111101111011110100000011100111100101011111110111000001011101111001001111111100101101101010000
1111101010000100111010110111111110011111111100011110110011111110000110110110001000110111001001110110110101111100011011101111101
1001000000100111011111101100101101111110101101001110111111001011100000111111011010110101111011101001011101011001111010001101101
1111110100111011100101111111110100111111101111101000010101111011111111010100100000100111110001101001111111001111010110011101100
1110111101111101100110101111101111111011100111010110001111010111111011111101101111111101101111111101111011010000111110111100100
0111001010111100111010111010101101110110110101110101001011001111111111001100101110010111110001011111101111001001110110111100101
1101100001011001101101101011011101110101001111110001111111111011111110101111101100100010110110111100001110011001111111101111101
1100101011011000110010000010111111110000101111111111111100100111000101101010010101010110111010001010111000110111101111100110011
1111011100101111111110001111111010111110101111011110111111111111011011110111110111010100111111011001111111011111000110100111011
0101011100001111010100001111101101010000111011110110110101100101101110110100011111100100111001111111111011111111111111101001110
0101001101100100111110110101101101011011110111011110101111011111111111101111011111010110100010110011101001001011001111001011101
0110111010011001111000111011100011111011110111100001111111011100001100111110111100110111010011111110110110111000110111011000110
1011100110100111011111110100010000011101001110100011101101111101001011111100001100100011000011010110111111101001100011001111100
1110000100110111011010111100111111111011011111111000010111111111011111010000111111111110011111101110011110110110111111000001110
1100111111111011111101111101000101111000100100101000111011000111000010001000001001111111010011011011000100100110110111011000011
1011011101001111010011100011000111010011001110111100111101001111111111100101111010011111101111110101101110011111101010111010110
1111110000111011101111111001000011100011110110001110111100101110110101100101111110011100110111111100001100111011100110011111111
0110111111110111111111011001110011010100111111101010111010001101000110111000101110010100111111101111111011000011001011110000111
1111110011011001001001100101011101100111010011101111111100010011101000100011111011100110000111100111101110110101110011110101101
0111101110110100101111011101111110110101101111111101001101011111111001000111001111001010111111000101101100110011010111101100110
1101001111010110111111100101101011001000011011111111111110100010010111011111111111110111000100011011111101110101101110101110111
1111101110111011111111111111110101001110011101010000101001101001110111111100100010011001111100111111000111011110110111011011110
1111010110111111111000101111100000110100100101111110111111100001101011011011011110011100000110101101110111110101111111100101011
1101111100110011110110100010000111011001011111110011111110010111100001011011111001010101101111011110110111000111001101110000111
1100101011101101111100101101011010010000110011110111110111101100110110001111111011110101100010110011011111111110101111010110001
1101111110110011011010001111011011000100111110111101101110111011011101011011011111001011011110111100100000110110110011101111010
1011101001011111111101111100101101001011010101011111101101000101111000101010101100111111010111111010111011111110011111001111001
0010101111111111000100011101001110110111101001110001011000111001001111000011001011111000100001010110011001111101000011110111101
1101000110110111110011110011010101110101010110110111110000110101011100110101001011111010011111100110111100100101110111111011110
0111001100111101111111101111111101011101101011101011000101111111001101010001001101111011010111010111001111001010110000011111101
0010101001110010011011111111011111100111001100110001000111111110110100101101110101000101000100111001111011010100010100101011011
1110111110011110111111111101000111111110110100111110010101111101111111010111101011101111001100101001011111010101011011100101111
1001111100110010010111010111110111101111011111011011011101011110100011111111110111111100100100010111110100011111111110001111001
0000111111000011001111111001010001111111111011100110111010101011001101101011111010001011101101111011011011110101111010011000011
0101111111001101110001101001111111101001100101100100110001011101101101101111010100100101111111011111001000001100101010011101101
0011100011101111101101111000011011101011101001011001110101101010101011110101011111111011111111101001110001101111111010010110000
0100001111000101101001111010001110101110101101110001111101101100101011110110110011111101110110101000100111111101111011011011101
1011001101101000000111000110000011100111111110100110111000011010111111001111001011110100000011010000111110101111101100110011010
1001111001111101100011111110111110111111101000011111011101111001011101111001100001011000101110100010100010101010011011011111011
0111111110011101110011110101111110101110011001111111100110101110101111001111011010100001001000101000011010001011110111101010101
0101100110100100101111101110111111111101110000110011100110011111111100101110111001110111001111110101001110111000110101101010100
1011101111111100111011111111011011101111100111100110111011101111100110001111101111110111000001010111011101110111110110100001011
1111111111111111101110101101100100101111000010010000011100011111011000010101011010010110110000001000100011110110001101111010011
1011110011101111111110111111110001011010100111101110100100010110111100001110101010000111001111010000011011110100010111101000110
1111111110110111010011110011001000111011011111010110110100011010111001101011010001011010111111110011010101100011111011001110101
1111111111011101011010101111000011000101011111101001101011101110110111001111100100011011100110011110110010010011110100101011110
1010111001110101110110101111011101010011010111111111111110110110011011111001111111010111011001110111110110100001101011111011100
0110010110010111001101111111111101000110101111101010011111011001111010101111001010000010110011011111110111011010111101101111010
0111111000001011111111101001111011100101000110110101011111111001001111111100011100110000110111001000111101011000110111111001110
1101110110011110111111111011110111011101111101011000101110000110010011011000110010111111101111111010011011111000000101001110101
0111001111010110111110011000011011011110100011101111011101110100001111111011000011001111000110101110111011011110100011001010110
1100110111110100011110101001011001110011101011000001101011111101001111111111111111010011000000011111111100011000110110101011110
1110101111111100011110111111010011001001111101011111111011101110110111111011000110001110101111010110111111001010100111101001101
1110000101010111010111011101011100110011011111011001111101010010111011111111111011111010010101011101001111111001101111110110110
1010111101111001011110111011110100111010010001100111010100011111111101101110100100001110110100011100011010101101101011111111010
1010101111110110011101101011011001111101010101111111110000111011111110111011101001001010110111011111110111101100111000101111011
1001111110101001101011111110011110010000101010111110101000101110111111001011110111001110101100101110101110001110101100010000011
1110110101110111111000110111000100111101001101100110100010001011111101001111111110011100111001011011111101011111111100110011100
0101001111110010101111001110100100111111100010111001111101111111111111110111000100001111111100111100111111110111110100110011101
1111110111111111111110111110011001110010001011101111011111010110010110011001011010111101110010101001110010011111011010101010010
1101111111111011100011101100000011101111110001111011011101110100111111111001110101011010010001011110001100111010010001110001100
1110110101011110101010101000011011101111011111111101110110111100111101111110011000001001101101101010110111111110001111010000110
0111101011110110011110100101011110110110100011110010101101011001010111110010011110011010111000111110101000111101101111111111010
1110111001100110100001111101011010101111000010111110011010101011010100110111101101101110011110111100111100001010100111001111001
0011101001111101101110011111111111101111111101010101011111001110010101010101110110011001100111110000110111011100110010100111001
1011100000111010001111111111001101101001100110101100000100011010011010111010111011001010110101000001101111101111100111100011111
0100101011100110101100111001011111111011011001110111010111001101111100110100101101111110111011101000011011111111001110111011100
0110001011000110001001111001100011100111011111100111101100101000110101100010010110101101111000111110111001011101011101110010110
0111110011010101111010010111100010100010111101101111011100000011000100000100010011000100101001101100010101111001010011111111110
1111001101010001101101101101111100111110111100100111101110111011010100010110101010001001111011011001111111010011101011101111011
0010101110100100001000000001111001011001111101110110100000110001101111111111111111010010110010010110110001011001111011101110110
1110011011111001111101111101111110101110100011101011001111001001101010111100010011100000110101011011111011111100100111011111010
1010000000011101010111001111110011100001101101010100001111111101111111101010110110001001110111000001111110011100111111010001101
0110011110110011111100000110110000110111100111011110011101011001110000001101001001010010111111101001001111100110111010110110101
1111000101101000111111111000011101010110010000111110100010110111001011111101101111111111000100010011010100111101000100110111110
0100101111111010110111110101101101010001101100001110000010101110000111011110110111011111001101101100110111101111001100011110111
1010001010110111101001110001010101010101001001011100111001101001001000111001110011110001010111100100011011101101101110111101111
1011101110001010001010100001011111111101101111111110101001110011101111101001011100000111111010111001111110011110100111010101101
0111101010110000101011101111111111001111101100001111101001110111101001000100011010011011001100011101100001110011001000110111111
1111001011110011111100110111111111000100111100011101001101101111001101010011001110110111011000011111110000101110011111110110111
0111101001110111111010011101011110011011101011010110111000101001100000101101111011100001011100011101011010110001001111111010111
1110111000011111001110111110111000110111110110111001001101111101011111011010111001011100100111100000110001110010111111010011110
0100111111011010111111110101101100111101100011011110010010010111110111111111110011110101010111100011101100011011101010111010001
0010110101100101001110010111011111011101011100101000001100011100111111101010110001101000011011100011110010101011111101010101101
1101111110110101000101011111100110110110111100111000100100111101111001110011100001001100100001001101010110100101111010010000101
0110111010101110111100111000110111111010000111111100001100101100010101010100000100010111100111101110111001111111110110111111011
0110011000011101011101111110010111101101101010100111100010011110111001111101111101011110010111011101011011011111111100111010011
1110001010100001111001110111000100101110111011110101010101111111111011011101011011111110111101110111100111101000110100110111111
0101111111111010111111111011011111100010111111011001011101000011111110111010110111010111001100101001100101101011111110110001100
1011100001111111110110100111111011111110001101100011001100101110011101111011011100110011110100001010011011011001011111001001100
1000001111101110011110110111010110011110100111010011111011011101101111101101001110010111011100100110110101111110010100111101111
1011001111111111111100111010000100111110110111010110000111100111101101011001001111111101011010010001111110001010101100100101100
0111101110101011000001010111101011101011111000010111101111101001000111001011100110100101111011110111011010000111111101011011010
0100111001001011101011110101011011111011110011110010001111010111110100011111101011111110100110111001100110001000110111111110101
0100001000011011110110111110011000010010110100101111111000000111111111110111111111101110111101001101111111010100011000001100111
0000111101110111010001110001110010111111111011111111000111000000100011111101101111000111111101000011100010101000111001001000010
1010011101100100010001111001111101010111100100100101110110110100101000111111010110010001010111011101101011100001111111101111111
0010011111110100110111111010011111101100011001110111010100111000000110011100100111111000111010101111101100100010111001101011011
1011111111111110101111010111111010111011001100111111011100111110111111111000111100011111001100011111111001110111011011111111001
1011100011100001111110010101100011011001101111110110111101110110010001011110001001101011000001010111111110111111101111111110110
1000010110111111101011011001010100101110100001111111100010101100000111110101100011011011011011111110101101101111110001010100110
1000111000100010011111111101101001111110101010100001011111010111011100111001110111000110111101110101111111110010010011111110111
1111001111101001111111111111111111111011111001111110110101101010111110000101111110111111001101111011001100010010110101110111011
1011001111100111000011011111100111011111111001000010111011101111101110000011110101111110000101110100000100110111111110111011111
1000001101111011001111110000010111101101011011000001011111011110011111011110101111111001101011101001111011010011110111001111001
1101111110110100011100000100111110010110011100011111100010001010000110111011100011100111111111111111111010110000111111000101011
1011101101101111111110011110111001110001101110111010111011111111111011000100110010111100011000101001100110111111110101100111100
0100001111111101111111100010001011101011110101101100100000100101000111000000111000111101111111000101010011011010111110111001000
1111011010100111000011101010011000110011111110100111111010111101110111011100111111111101110011111001110000110011110111101000011
0100100100001101110010111011001010011001111111101011100100011110011011011010111110110110101110010101011111100011100011111100111
0101111011111101111110011111011111110100011101001010011001111011111100011011000111101011111111110110011111011010011101001001001
0111011001111000000001110101111101111101001011010001100111010110110111100101100101111100111011110001110010101111011111010011000
0101110111001101100111101000101110101110110111111010110110100001001001101000011100010011011111101111110010011011100111110011100
