0111110111111110010111011111111100111111101000100111110110111011100011100001101111010111100101111111110
1011100011110111110110100111010011110011111011111111111110111111111111011110111111011101101110011011011
1101111111101010110111111011111111000111111101001111111111100111111110110011111111010011111111101110110
1110101001011011101111100111011110110111101110111110111111111011101101110111010101111011110110111111011
1111001110000100100111100101011001101111110011111011101101110011100110111011101111101111111010110110110
1010001111011011000111001111111011111010001101111010111110100110111011101000010110011100101111101111111
0011110111101111111011011011111111111111111110010000011101001111111101111110011001101101111111100111101
1010111011011100011111011101111101011110111010001111111001110111110110000111101111101011110101010011111
1110111101101111111100001101010111111111101011101111011111111101011110110101010111110011110011001100001
1111011110010011100111010101111101011011011001111111100111001100111100110101011101110100101101111101011
1110001010011101011010011100111111111011111111011111110111011011011111010111100101110111101111011111010
1101010101101111111101001110111010111010111011101010111011111100100111111111101111011110010111110011001
1011011110110010101011011011110011001101110101111111100110111111001110110111101100101111111111110111010
1100101110110011010111101111101110110110110001011111111010011011100011011011111010111111101001100110000
1111011011011101110001010111111110000111111111110110110111111100111101101110111101111111111011000111110
0101011011110110111001001111111111000011111111111110101100100011111111110111011110111101111110100011000
0111101011011011011110100111111110011101101111101100110011100101001111100111101011110111000011011111010
1110001110110111101100100001101011111110110101110011011101011111110101001111111011110011110111101111011
0001001110111001110110111001110101111111111011101111011111111110101110001111101111111110110110011011110
1111110111010100111011111010101010010111001110100111110011111001100010111011110101111010111111101110010
1111111101101100101101110110001111101101111111111111110100011110110110111110001011111100110001111101111
1011111101011111000110010010111101111111101111010011110011111010111101101101011101111101110110110111101
0111100000000100111110000111111111111111110011001101101001100111110011100111101001111111111111111111110
1010001101101010001111001111111110100110101011101110100111110011111011111110101101101101001011011000010
1010011110111101001100010111100111010110101111110111111111111000101011111110011011010011001010111100111
1101110111110111100010111001010011101001111111110011010101111100110110000110111011101110100011111111100
1111011000011111100111111000111111111101100011001100010111111100101111001110110110111110111110111010101
1111111111001111111000111100111100111100100000110110111010000011001110011111000011110111111111110110111
1010011101111111111101111011011101101111001001110110111101111110111111000111010011110111110111010011011
1111111111111011101001110111101111100111110111101011111111111010111011110110111101110000010111111010111
1011111101110111110111110011110011111111101111110110111011001101101111111110111110011111101111111010011
1011001111100111101011111011110001011111111111011010111011011011011000011010111011111001011111001111111
0111011010111111110110111110011000101111100110011110111010011011011111111111111100111101101111011101001
0110111111101001011011101110111100111001101011110000100111010110111001101111000101111101111111110111100
1101111010110100011011110111111011000111111111101011110111001111101101111011111011110110101111110001111
1101011111110100111101101011001101001101101011011001110100110101111111110111010011101011111010110111111
1000111111111000111011100111101111010111010110110101111111110001001001011111110111111001111111001111111
1011101110001110111111111011111110111010111110111111110100101110011110111110011111111111011111111111111
1111111111110111011101111000111110101101000011110111110011101000111111001110111111111111011111011101001
1111101011101011101111100110111111111010100111110111010111111101110011110110111110110011000111101111100
1111101110111111111011111111011111110101011001010011010110111110111111000101111111111110110101101101111
0110101101111111011010100100010100101100100111110110110010101111111011011111100110110101111000011111101
1111011111110011101111011100101101110100100011000101111111111101001001111011111010101111100111111111111
0011011000101011110111001100011110101101010011001011111111100101101111111111010111111010111011001111011
0101101110110011101111111110011111111111011101111110111111110111111111111001101100110011110110111100100
0110110011111111111011111110111101110011111110110111111100010100101111110100111111110111110111101111110
1101110011011011111110011101111001101111010011001111011011000011111111001001111101110100111111010111101
0101111001101111010011001101101111011111110011001001110101011011101111101011011110111111111010111010010
0111110111111101101010110010010110110100000110110011111110110001111111111111111011100110110110011011011
1111000111101111101110111011101010001111011011100010110111011100011110111111111111111011011111101111111
1111110111111111011111011101111110100111110111101100110101111010111111111111011001111111001110110111100
1110100111101100011111101100010000111111101101111000110111111110110011110111101100111111111011011010110
1111110101111111100111111001111111111110011111011111011110110100100111011111011011001111110111001111011
1111011110110110111111001111111110111111111111111111101011111100111111111111011111101111011111111111110
0111111110010101011000101001111110001000001111101000110010000100111001111111011111111001110110100001101
1111111011101011011010011110110001111101101111011111100001111110001110011001100110101111111101111001111
1111010011111110101101011011011111101011111110101101111001111111101001101110011110001111111101111011111
0011101111110010111101111110111101101011001110110111010110111111111001110100010111111111010010100111111
1111110110011011101101111110110000011111111110001011110111011111110000110001011111101011010101011100101
1101100110111110011111011110110111011001101011011111110111101111111111111110111111111111100011110101111
1101001011111110011111001110111110100111111000010111010111110011100001111111011111111110111110111111011
0110011111011010111010100110101001110101111111000101111111110001110111101101111011111010110001101111101
1111111100101101011011110001110111100100110010110011000111111001010101111111100001111110011011111110001
1111101110101101110100110001001110111001011110111000000011111110111011011111101110111100110110011101010
1111111101010111011111111110111001110011110111111011111011111101001011011111100111101101111100101001011
0110011111100011010011110100110111010111110010101111011001110111001110111100011111111110100101011111111
0111011011101011101001011011111111111110111111111110011111010001110111111111111111011111101101011101011
0111101111111011111011000111101010110110100111111110110100010110011010111101101011111011010111101101010
1110110110111101101110111111111010010111110111111111110100010101111101001011110110101111111000010110011
1101011000110111110001111010111011111011111111111011111011011111101010110111111111101011110111110011011
1011111011011011100111111000011011110101001111011111011011111110011101000111011101100101101101111110110
0111101011111101000110011001011110111101011111001111111101111011111101001111111101001111100011001010011
0100111000010110011111011011001111101110011110111110111110011111111110010111111010111111111111111011110
0101001111111011111011111111111011011111110101001111111011011111111101111011100111001001100111010101111
0111101100111111111110111111111111111111011100011111111010011011101011111101101111001110111100111111111
1011100111111101111101100001100011111000111110111111111100101111101111111110001101111110111111011011111
1110100100111110111100110110011110101011111011101101000100010111101111011110011100101001101011100111100
0111011011000111010101001110111110111111101101111110111011111100011011111000101100100111111110111111011
1110101101011111111011111100011110100111101011111111111010111101011101111011110110111011110111011101100
1111110111111011001101010010011011001111110111110101011111111001111011110111111011101111011100111111011
1110110110010101111010001111101100111111111101011100111111111101111111001110001101110101101111110110111
1111101111110010111111111101110101111110100101101110111001111110111101110111000110110110110001011011110
0001101111101111111111110111110111111111111111111111011101111111110111101001111111011011110011101110100
1111010011110111111111101011111111101111110111110111001001011111011100001001001011101111011101101011001
0101111100011111001111110110001111011110101100010111111111111111111111011111101100110111010111101111111
1100111001111111101011110111101011100110111001111011110111011011111010111011010111011001010111011110011
1011100110111110111100101111101000110111101111011111110111111110011111011011011101111000100111111101111
1111101110101111110001111001101111011111011011010111111111110000101111111100111110111100111001111111010
1111111111101111011111100111101011111000111111111001101110011101111011111111111011100011010011110110001
0011101110011011011111100011110101011110110111111101111111101111100111001011011101111101100111101111111
0110111001101111000100111011001111111110010100110111010110001010101010101011110110010001000010100001111
1111011101111001011101100011111111101111101011101110111110101001111101101111011110011110010011101110111
0111111010111011111101111111111111111111001111111111111001011011000101011101111010101110111101111111100
1010011111111110110110110101111111101111101101100101110110110110011101111101101011111111110110111110011
1011111001011101010111101111011001110101101011010110011111011110100101101010110110111011111111011101111
1101100101111000101011111111111011110110011010111011010110111011011011101111011111000111100011100100111
1111010011100000111110111110011110001111111111011101110110101111111100111011011101111111010111100101011
1011111011101110110111101101000111011111111111100110110001111111011110100110111110101111110111111000010
1111111100111111111101100111111101011101011101111111110011001110010011111011110111111101110111000001111
1101011101111011111011100100100111111111111101101110111111011101111101001111111101011011011010101010001
1010111100000010001011101111010101111101111011100111011111110100010000101111101011101010011110110010011
1111110101101010111110111001111100111100101101011101110111011001111111111111010111001111011101111110101
0101011111010000010011001011111110111110111100101100101111111110111011010111010110011110111101111011110
