001100111010101100101101111010010000000100110000101011101010000000010100100111110000001001001011111110111
000001110001110010000010111111111011110010111110010110111001011001110110000111110101101101000110100110001
100010101001100100001100001101100101100001000001111000011011001100001000000111000001001010111101101100000
100001111111011111110100111100101111111110010111001101011011101101010101100110010100001111100001111010111
001001111110101110001000010000101011100101001101000000111111101110101101001111001101101001101000111010111
010110101001011001000111100010001000001101111100101011011010100110111111010110100101001001000001110011011
111111001001001110010111000111111111000011001010111111110100011010101110001001100101011000010110010101100
110110001001100011000101101000100101010111101111100100010100111001010101100110010011010110010011001010101
101111110011111100100010100001011111100111010101011010111010011001010101001111001101101101000000100110101
000110000011100111011100010001110101101011101000101100001000110101111010111010010110001010001001101110011
100110001101001111100011111011100101001011110011010001100100110000001100100100101111111111100110100000111
011101111110011111110000100010101000111011101111011100101111010010101100000111000011111101100000100010011
111010011100010011001000100110000001111000010101101010101001100100100111111011110011110011000001110111001
010101001001101010001111101111100000010001100011101010101110011010111001111010100011011111011001011011000
100111101011010010101101011011100001110111101111111000001000110001001111010100111110110110101111001010111
101110101111000000000111111011000100110001011101001110011010110100100111101110101000110111100110000110111
010110110111111001000011111101110100011100100000010001100000010111101110000011110110000100011110100111010
000101010111100010100110011100000111100110111101011100011111001011101001010010001010011001110110010101100
100100001011001001011000111101001001101111100011111010011011111011101111001011111001110001010100001000001
000100100101000000100110000100100011000100001010011101001111011011111011100011011011101011101001110111100
101010000100111000100101101011111000000000000000100001110010001101001001011110101111000011011101011001101
101101110100011101011010111011111111101111000111000101001101010000111010010101100110010001101010111110100
010001101010010111010100001000010011111010011100100100000111111001010110101101110011110100100101101011100
100001110010011110001000011000000000001110111010001010111011001011110100000001010111110001101001111101101
110101011011110110101100001110011100101101011010111111011011001000011000111001111110101101111111110010110
110110000110001111100101000010010101110110001101001000001010100001000001010000011001000011101111111000101
111100010010011111101111100100000011011011111101011010000001100001111110000011100100010111000000111100010
011100100000110011110000101010111101010000111010010000101101010011011010101101001110111011011000001111010
110001100011111100001100110100011101101100010000110110110010110001101010110100101100011110000100110000001
011000101110011110101100000000110000111000001100000110101100000001111000010001000111111000000000100110001
011110110111011010011100000101010011110011101001110000101000111111100101001000111000001110000011001010100
110000101100000010001110110111101110001001111001100101111001100101110001101101101110011100111010010010001
010111101001000000101100100110010001101001101011001011110111011111010111000110010111111011111100001011000
001100111110000111000100110110010010100010101011011011110110110101111010111010100000010111111011110000011
010110101000000001010110001000110101000010011101011110010101100000001110101101111101000011010001000011000
011110111110101001110110011110101010101000110011000011001001101000001100100111011000111011111010001011111
011110001101101101100110110011101101011010101001111000100000001000000011101100101010000000010001111000100
010100010001111110000010011101100000101110111001011111111111110101110010100110011011111000010110000110101
000101000111100010100111101011011001110011101100110010111010000000100111101111001110110000000001011000010
100111011000001011110101110010000000010010101000110101111100001000011010101010110000100101100111000101001
010100111111001001100111011000100110111100001110000011001001110011110001010011101101111101000000011101110
001011111111011100100100101000111000001000100111111111100100001100101001101011001100010101010110101110001
110001010111011011100001001100111101111101000101100001100000111101011110011011010100011110000011111111001
110101001010100101000011101110010011010000000100000010011110010000110100100111001010000101100001000111101
010011110101001101010011111101111110111110000110010010000111011011001000111011110100110110101001001011110
010111011001101101000110011001000010001011111000101010111001100000011001010110110110000000011000001111110
010100110011011000110101100100001101000011001001000100100101001010011101011011100000101000110000101001100
001110011011111101100100011000111111110001100010110001111100111110100000000001001110111001001111110011111
101001110100111000101010100010110000101101100101011101111101011010110010011101001111010011001101011011100
011000101011001011110000101110100110111101001001101110000101101001010010011100011010110110000011110101001
101101101101111101110001111000001110110001000100110000011111101101101101001101000001111111001100001100001
010100110101000101010110100011010010010101000010110001000111110111011011000010001011000010110000010101101
110001101000110100100001101011001111011011011100010000110011000010011110110110100010101111111100000000100
100101100010000010011100100000011101010111100001100100001011101000000010000100011010000011010000011000011
110010101011110010001001000111111100111101100111100010000110001001110001000110011010100101011010010000100
011111111000000101101001100010011110011100010101101010000000111010100110000101111110000001011001110110011
111111001101111101110101110101110001011110010101101001000100010010111110101001010010101101000001101011001
000010110011010001010110000101001110010101011011111100101011001011000101000010111001111100101101101001010
101111001001010101111011110010001100011000011000001111100101110111110110001011101011100110000010001100110
011110000001100001110111101100011011010010001110111111000110110101010110111000110111001101010110011011101
000111010110101100100010011010110111010010100101011101010011001100001011001101000100010100110111101110100
010000111111011110110110000110101100010010111001100100011011001000000111111011010011001010100000011101110
011110111000010001111011100000101001100101101011111001110100110010101000010100101010111100110001101101110
001111000100100110001000000000111100010001100001001100000011100000110011011001111011100101111101111001111
000011100001010011110001000100101000000010001011100110011110001000101001001010101111001111000111000001001
010100011100001011111011011111111100010010101000011100100111000000001011110001110100000010100010100101100
010011100101110111110101001011110100011011010001101000111010001110011001000111100011001010011100010110111
110101011100010000010111101101011100010110110110110110101011000100101011001100110110111100011001000111101
001011100111011011111100101111000111000101101110001110001000101011110000000010110101101101011101001010100
110111111011101110100011001000101011001000110010001010011111010000000001000101001010110000000111001010110
010001100100101110110110001110001110111100100000110111011011110101010000001111101111111100101111001010010
000111011000111101111000010000111000101011000110001100100100110111110100001110000110111111011111101101101
100100010110110100010010100110010111111101011000000010001001010001000000000000011010011101111101110010011
000001000100111001001100110011000100000010101110110010000001011101000000000100100110101011110110001010011
000010101100110100101010100100110110101101101010111000001011110110010011000111110101111010100001011111100
111111011011001100001110000110011011111000010100111011110000101000110111011010010010011011100111010101000
111111011101110111111000001000001101011111111110000110100110010010101011001101001110100011100110011100010
111010101001100010110111101101010011001011111011101000011010110101100110001010101100101110011011010010110
110001100010111110101110101010110110100110001110000010010111001111111010011001001101101010011011110001011
110100010100101010110011110000101011010100101100010001111101010101011000101100001111010011000000101001101
000010001010001101111000110110110011111011010001110101110110001110000110100011110101011110000100110100000
010111101110001010001101101111011010001011101101100000010001100011011011011011111000000010001011110101010
000000010111111011011111100101011000111000010101110111111011011110110111110110010000111000100001110000100
011011111011110000111011010001001010010010000000101100000111010110101010001000111000000001101100100100011
010010001011101100110011100101001001011110001011011010101110001100011111011011100010011110001001101111101
000000110011111101100111001111011101011011101001111000000100101000010111101100011010100011000110111000110
111111101111010001010000100111111001010010100011001010001101011010111011111101101010100110010101110111100
010100011011011110000010101010110100000111111000011010101111101110011011100001001000101011101101101100111
001100010110111100011000011110101111000000101000111111000010010011100001011111111100111100111101001110100
110111001011110101111101111100001111000111010001101011111001000110001001110110010001010100101000111100011
001110000011001101010111110000011101000100011010000110000100111101000010111110000011000111001111001110110
001000110000010011101000100100011111110001000110000111110001101100111001110001100000001010000000111110011
101010000100011010011101110100011101000000001101101010110100000100111011100001100101100111100001011101011
011000100010001111101010110010001000010101000001101010000101100110101111110110001001011110100001001111011
110000110010001111000100110000110101010101100001010000100011100011000111010111100100010000100001111000001
101101010100111000011011110000100110101100111001110000011100101110011111101101100110101110101110010010010
111111001111100010010111111011000100100001100011010000011100101101000001100000111111111101010010001110000
100111100000110001011101111010010100101010100001110101110001010100100000101111101110011001011011001111011
101110010100011000101111011100101001101011101110101001001111111100001111011010010000110111111110110110001
111000101100100111010101001101000000010111110100011100010010111001110001001110001101101111111100111011111
110111011101111110010110100101111011010001111101100000011001100000111110111001000000101010110101111101100
000001100000110011011011000100001011000110111111110100001101011111010001001100110100101000001100010110111
100110111010001101011111110000100001110010011111100110100011111101111101001001010010111110100000000111001
100111000111001110000000101100000101001010001101000001010110011100100110110011100101010101111101010101001
110111011111101100101001010011010101010101110001011101011001000110110001110000110001100101011110011101110
