0111110010111111110111111101110111011111111111011101111111011111111001111111011111101101101111111111011110000111110101111011011101011111111011
1011110111111011111101111111111011011111011111111111111110001111100110111111101110110011011110111101001101011111111111111111111111111111111111
1101110101101100111000111111101011001011111111111111111110110111011011101011111101011111111110111111111111111111111011101010111111110110111111
1110111110111111011110111101100110111101001110111110101111001110111101111100101110101111111001111111111110111101111111101001110110111111101111
1111001100111110101111011101110111111111111110100111111111110111100111110111111111111010110111011011110111011101111111110111011111100111101111
1111001110111111101011011111010111111101011101111001101111011111111111111110111111111111010101101111111011111011111111111110010011101111111101
0001110100111111111010011110101110111101111111111011111011010101111111111111101010101111111111000111111111111110111111111100111111111111111110
0111111011111111111101011011011101110111101111111111111111111111111001011111110110001110111101110111111111111111111111111010111111001010011101
1101010101111111101111111111111101111111111111101100001010111011111100011110111111011111111011111011110111011111110011111111111111111111110111
0110000110110111111111111101111110111111111111100101111011101111111110111010111111011101111101111111101101111111111110101111100111101101111101
1111111111011111101111011101111111011010111101111101111111111111111111110111111111010110010011111011111111111101111111110001111001111111111011
1101111111101011011111101101111111011111111111011011111110111111111111011000011001111110110111111101011011111100011110111111001101101101101111
1111111110110011111111101110011111111011111111111111110111111111101111111111100011111110000111111111110101111101111111110111110111111110110111
1011111111100011111110111000101101111111011011101111011101110101111111111100111011011011111011101100111111101110110111101110110101111111111101
1101111111111101111101111111111011111111111111010111110101111111011011111010110101111011110111111111101111110011101111011111111111111111011101
1101011111111110101110101111110011111001110111111111111110011111101111110111111101110001101011110111111111111111111011111110111111111111101111
1110111111101111010111111111111010001111110011111111111010011010110111011101011111100111101110110110101111111010111111111111111111101011111010
1111001101011110100011011111001111111110011100101001111101111111101010101111111100111011111111011111000111111111111111010101101111011111101111
0111111111111111000111111110000101011010100110001101011110110110010011101010101101011111011011110110111100110110011110011100111110011110010111
1101100111111111101011101101111101111011110111001110111110001101111101111111111111111111101111110001000101111111011011111111110000111111100011
1001111011111101111101111101110111110001111110101111111111010110101111110011101101111011011011111111111111110111111111111111111100110111111111
1100110111111010111110111111101011111111110111111101111101011001111111111111110111111111111101111111110110011111111111111011111110010111000011
1111000011011111101111010111101001111111111111110010111001011101111101110101111101011101101111111101111111111011111111101001111111111110111111
1111111111100110111011101111111111111110111110011001111111111010111101110111101111101101110111101010101011111111011111111011111010111111111111
1111111111111111111111010110111101111111001111111111111110111110011110111010011101111111110110101110111101110011111000111111001011111011111101
1111111011111011111111111001111111111011111011111111111011110111101010101110101111111111111111011011010111011100111101111111111111101111011111
0110011110001011111001111001011011111111111111111011100111101110100111110111010111100111010111111011111011110110111111111110111111100110011101
1111110111110011110111110110111111101111101111101101011011111011111111001110011111111001111111101111111111101010111111100111111111111101101111
1111101011110111100111111101011110111111110011111111111001101111001110101111111111011101111001011111111111110111111010111111010101101101101111
1100110111111011100110011111101111101011100011101110011111101111001111111111111000101101110101111110111110111010111110111011011101110111111111
0110001111111110110101111111110011111000111101111111111111111111001101111101111111001111111111111111010110011011101101111111111111110111111111
1001111111111100011110011101110010111011111110111111111011100011101111111101111111111111100111111111111111111011111111011111111111111101110101
1111111001111011110011010111111100101110110111101111101010101111111011011111111110111111010110111111110101111111111111111110001111111101011111
1110110110111111011111111111011000110011011101111111111011111111110111111111111111111111111111111110011111111110111111110111110111110111111111
0001111111001111010111111111111111011010011110101111111001111011101110101111101100111101011111111111111111000111011111111111111100111011011101
1101111111111111011111111110101101100010110111100101010111101001001100111011111011011110111100111111100110111110101111110111011101111111111101
1111111011111111111101111111111110100111101111111111111111111101111111111111111111110111101101100111111110101101111111011101111001111101110110
1101111111010110110001111011100010001010111101101110111001111111111111011111101011111111111111110111011111111110111011101111110111101111010011
1110100111111110111101111111110111111101110101111111110111001101100011110111111110111010111000111100010111110111111111111101111111111011111100
1111111111011111100111101111110101001010111101111011101110001111110101110110110110001111101111111111110101011101111111101111111101111101011011
1010101111111011101111110111111110011111011101101111110111111111110110101111101101111111111111010101111110111111011111111100110110101101101110
1110111011111111110111110110101111110111101111110100111101110111001111111111011111010101100111101001111110111011011001101011111110111111010111
1111111111111110010010111111001101101101110110110111111111011111111110101110111111111000011011010001111010111011111111111111111001111101111110
1111111111111011011111111011001111111111111011111011001111111111111011010011111111001101111011111111011101011111111111111111111100110111111111
1111101111011111101111111111110110111000011101111111101110101111101101010111010111011110101011011100111111101011101111111111111111110111111010
1110011111111111100101101111111011011111110110101101111110111110011111011110101111111111111110110111110111110100011111101001111110011101101110
0111111111101101110011101111111111111111111111010110111111101111111110010111110111111111111000011111111010110101111111010111101111011111110111
1111011100111011100001111110101101001011011110101000101111101011110010111110001101111111101111011111111111111111111010101101111111101111101010
1111011110111101111111011111111111101111100111010111011111011111111111001111111100111111111010111111111111111011110101111001011111011110111010
1111100111101111101111001101111111111110111011101011110111011111011111101111011111011011101111010110011111111011110111111001101111111010111011
0111101100011111100110101110111111101111101110101101111101111111110111101101111111101101111111110101111010111111110101110101110110110101100010
1110111101111111111011011111101111111011101111001110111111111111011111111110110111111111111011111111111101111111111111101011101110000111111111
1111111101111011110111111110101111101111111011110111011111101011001100111111100111111110111111011111101011111100100101111111101111111111100001
1110101101111111111111111101111101111110111001101111100111011111110111100111001111101111111100111111110011111110001111101011101001001111110110
1111111111110101111111111101111111101101011111111011100010011011010111111101111101111111111111111110011001111101110111000111111111110100111011
1111110100111111011111011010011000011011111111111111110011101110111111011001111111111001111111111111110111101011111111111101100001111111111011
1111111111111001101110011111011111011011101111111101111101101111111111111110111111100011110010110101110111110111111010011011101001111111111111
1001111101101110010011110111111101111110111100111111110110111111111111110111111101111111011011111001011111101111110001111111111011111011111111
0010100111111110011000011111111111111100110111110011100111010011111011111111110111000101111110111101110110001110101111111110111111011111110101
1010111110111111111011111101001001101100111101001111011001101111111111110011111111101111111010111111011111111111111110111100101101011111111100
1101010111111011110101111011111011111111101111111111111111010111111010101100111011011011110101001011111101011011111011010101111110101111101100
1111111101111111011110101110111011001111111111101111010111011011011001011111111111100101010101101001111001111110110111111111110101110111111111
1111110111111011111010011111111111100101111111111111111111111101111101111111011101110111101111111111011110111110011011101111101110111111110100
1110111111111111010101100101111111111111111110111111111011111110011011111111101111111111111011101111100101110111111010010111111111101111111111
1101111111111101110111110111000111101111101110111010010111111010011101111110001111111011011011110100111111011101110101111101100011111101011110
1011011111110110101101111001000011001101101101111111011111111111101111111101111111111111111111011101011110111111111010111011001011111101111111
1011011111111111010111111101111110111100011111101101100111111111110111110111100010101111111011111011111001111000111111111111111111111110010111
0101111011111101100111111011111101111101111011101111111111010010111011111111110011100111111110111010101011001111111010111111110101101101110111
0110111001111111111011001111110111101110111101111111011111111001011101111111011111011101101111101101101101110111111111110011111110111101011010
1011111100111111101111110011011111001111010111001111011111110111111110111111111001111011011011111011101111111111011011111111111101110101011010
1111111001101111011111111110111101111011111000010111111011111011111111011101111111011011000111111111111010001101111111111011111011111111111111
1101111111111111100111111010011111011111010111110001101111110111111111101011111011111001101111001011111111110111111110111111111110100111010011
1111011111011110111101001101111111111100111001011111101110101111110111110111110111101111111111111111001011111111111011110001111001110111111111
1101111110101101110101110111111111101111111011111111111011101111111111101011110111101111111111111101010111010011111111111111101111111001111111
1110111111101011011111011111110011111111111111111101110011110111101111011100111001110011011111111101101111011111111110100100101111100101111110
1110101100101001110111110010111111111110110110101110111101110111011111111100010111001111111001111111111111111111111110011111110111101111011100
0111111111101111011111110100111111111111101101101011101111111101011101111110010010111011111111110110111101110111110111011111111111111001011111
1010110111110111110101101011111111011011011110101111001111111110010111111111101110110101101111101111010100111111111101001110110111111111101010
1111111011110101111110111101111111111110111101011110011111011111110011110010010100100111111011011011101111110111110101111111110100000111110111
1111110111100011111111111111101111101011111111111111111111110111110010101101011010111010111111111010101100111110111001111111011111101111111011
1101111111101100100101010111101111011111011111100111110110111101111110111101110101110101100111111111011111010110100111111011111111101111100111
1010110011111111101111111111101101011100111111110111111111111111110111111111000010101111111111101010111011011011110111111111111100111111111011
1101111000011011110111011111010111101110101001111011111111010111111101011110111111001111101111101011101101101011111111011110010111101101111111
0110110011111111011111101101100111111110111011111101101101001011110011110010110110001101111111101111111010101111111111100101011011111101101111
1011111111011110011111111101111111110111101111111111111101011001111011111101100101110101111111010111111110111111111111110111111111111111010110
1011011111111000101101111110111111111101110111111011111001110111011110001101011011111001111110111011000011110111010111111011111000010111111111
0111111110111110111111001110001111011111100011111101111011011011111101101111101101100001111110111111010011100110110111110110111111111111110011
1111011011000111111111111111111111101101110101111111011111111111111111111111111011111110111111110101111111111101001111111110011111111001001111
1011101111010111110101111101111101011111110111111111111110111011011110011101111111111111011011110101101101101111111111110111111011111110101110
0111111111110110011011011111111011110110101101101011111111111101111101001111101101011111101111111111111111100111111110001101111100101110111111
1111001111000101111111100101101001111111101111111111111101110011111111011111111101111111110111110111011100101100101101101101111111001111011110
1110111101011010110101111111011111111101110001010110111100101110010110111110110111111111011011101101101111111111111111000111111111111011111001
1110101010111111111110111111001111100101111111011111101111110011111111111110111111111111111101111111101111011111111101011111111101110111110101
1001111111111111011111110111111101101101111110010111101101001111111011111111111111111001111110111011111111111111110101111111110111110111111111
1111010111111111101111111011011111111111010101001011011111110111101111101111110111110111111111010111011010111111111111111101111101111011101010
1111100111111011111111100110111111110111101111111111111111110010111101101111101110001111111011100011111111111110101110111001110100000111111111
1111110011111110010011111111111111110011010110111001111101111111011111111111011111110110010111000111111110111111110000010111001111110111111111
1111011101011111111011101001111111111111100111111111111110110011110010101111110010011011111110101011111111111111100111011111101111111011001111
1011111111101011111011011111111111111101000101111101111100011011001101111001111111111110011011111101111111011111000111011111111100110111101101
1111111111111011010111100111101110111101111101111011110111111111011011111111011010111111111111111110101011111111011111111111111110011110010111
0011111111101111101011111011110110111001111011111011110110101101101111110011101101111001110111011111011111111101010010011111111111101011111011
1011111110111101001011101111111111101111111111111111011111111110111000110101110011011011011001111110101100111110110101110111110111111111111111
1111011101110111101010111011110101101100111110111111101001011110111111111011101111111001111111111111110111111111110011111111111110110110100111
1111101111101111111111101101111111111111110111011101000111111011110011010111111110101001111111011110111011111011111111111111111001111111011110
1011111110110111110011110111111101111110111011111110110111110010110101111111001011011111010111111111101101011001011000111111110111001110010110
0110111111111111110110111111100111100111000111011101111111011101101111011111101011100111110111010111101110101111111111110011111111011110011111
0011011101111111111110111011110111011110111011111111111111010111011011011001111100111111111101111101111101011111110111111011111111011110101011
0111111111111011111111111110111111010111111101111111111010011111111011011111111111001101000111111111111110100111101011111000111011111111011111
0111111111111101110101110101011111011101111110011111111101111110111101101011010101111001101111111111111111100111011111111101011010100101101010
1111101111111101011111010110100011111111100101110011111011110111110111111011111110011111111111111111111001111011101011111111111111101111101111
1110011111000111111111111011111111110110111110011111010111111111010111011111111111111110110111111111011101111101111111111100111111111111111011
1111110111101011010111111000101110101011111110111111001111011001110111111111111001111101110111101111101111111110111110011110011110111111111011
1111111111101111110011101111111111011111001110111111101111111101111110111111111111111010111111111100011101110111010110101001110111100100000011
1111111111111101111111111111110111101111111101111111001111011111111111111111111101111110110111101001111111101011101110111111111111111111111101
0111111101111011111111111111111111111111111111110001010110111011011111111111010100111001111110110001000111011111010011111100000111111011110111
1101111101111110111011110111011111111011101111101111111100110100101010110111111011111111111111110111010101101011110011110111101111111011101111
0111111111111111111111110011110111111111101111110101011110111111011111111111100011111111110100110111101101111111111101011011111101110010101010
1111111110101111110111110111001111111111111111101111111101101110101011101100111111111111101111100111011101111110001110110111011111111101101111
1111111111111101100111111111111011110111111111011111110101110110111111111110001111011111101001110001011111111110111101001101111011111010111011
1100111110111011111111011110111111111010101110101110100111111101111111111101101111101111100011111111111111111111011111001110100111011111101010
1111011111010111101111111110111110101111111111011101110111110110111101110101111111100101011011110111101110111111111010110111010011110111111111
0100111011011111111110001111101111111111101110110010101101111111101101010111111101111011111111101111111110001111011101111011111111110111111001
1110110111011111100111011111111111110101011110100001111011100111011111110101111111101111100111001111111111100101010111011101011111110111111111
1101100011111010110111111101111101111111011111111111111111001111111111111101101111011100111111111111111111101100110111101110111111111111111111
0111001111101111111111110111001101101111111111110111111111111111101111111111111011001110111111110111111111110110110110110101011101110111011111
1111111110101111101111110111111101111111111111011010001001101101001111111001111111111111111111110011111111111111110011101111101111111111111110
1110101110110011111011111111011110111011011111111101111011111011011011111110100111011111111110101111101101111111010111100111110111110111110001
1111101111011111111011100111111111110111110111111111101000111111001111010111111111101011011111111111111011100111111111010111111010111111111111
0111111111001011111001111111001111000110110011111111101001101011111010110111110110111011101101001101111011111111111101111111011101011110111111
1110111111111111110000101111111111011111001010111100111111110101111101101111110110111011101111101100110111110110111111111111111010111101111110
0111111011111111100110111111111111111111111110010110101111001111111111111111110111111011110111101110111100011111111111101111111101011111111111
1111001010101111011111111001011111111011011111101110101111110110111011101100110001011111100111101111011101110011011111111111111111101011011111
1101011111111111111100111101100110111111111001111100110111111011111110100101110111111011111100100101110111110111011101110001010111110010111110
1111111011111111011111110111111111011101111111111011111110111111111111111011011111111110111011011011011111111111110001011111111111100011110110
1111111110101111111111111110011001110110010110111101110111111111001000111001011111001110111111111111111111110111011110111111111110111100111011
1101111011110111110111011101111111111111111111110011110111111111110111111111111111111111001111111110110100011111011101011111111101110100011111
1111111011111101110110111001111101011010101111111111111111111111010100101110011111110110110111111010111000101111011111111111011111101110011110
1110011111101110101010111110011111111111011110101101011111110111111111111111101101101110011111011001110111010011011000101111111111111111101011
1111111101110111110010111111111011110011101111011101001111011101110011101111110101110101111101111110110101111111010111111111110111111011110010
0111111111011111011010111111111111111010111101100001010011111111111100101111101010111101111011011111011111010100011101001011110111111101100000
1111101010111001111111110101111011001101111111111111011111000101111111111110111111111111111001111101111111111111101111111011110111111111111001
1111110111111111011111111111111111110101010100100101101111100101011100111100101111110111010111011111111001110111111101101111101110110011010010
