01001101110011011111101111111100011111001001111101100110111101101000101100111001010000101111111110110
10111001111101100110011001101111110111011111011011111100110101110110110100110001011111010011111111111
01010010110100001111110111011010111111111111111000011011101111110111011110110011011110001111110111001
01100111101111111111110110110011110101010011000110110010101100101110111011100100111111111100111111110
11000101111101111101010101011100100001011001111111010010111111111000111011111111101011111110111011111
10011011011001101011110110101111001111101111011111110001101110110111111111111101111111111010111101001
00110100100100010001011101111011111111011110011101001000101100110001101111010110010111111101111111001
11011100111111101011101101011010100111111111101110110011101111111111011101110111000011110110100101000
11111011001110101011011111011101000101001101111111111010101011111111100010001111110100011111001100010
11101101001011110111011111101111111011011111111011111110011001010001010111111111010110011110001011011
01011101110111111111110101101111101000011101011011101101111111111001111111010111000011101011111111111
01111011101011101110011100111001111110011110111110111111000111101011111111011001111011101010101011011
10010001111101111011010110111110111100110101111111111110011110101111101111111101010110100111110100011
11011101011110110110110100111100011011111111110111110010111111111001111110111111100101111111111100101
01011101111111011010001010111011111111110111011001101100110101111100111110111001111110111100010111011
10011010011011101011001111111010110111110101101111110110101011111110111101101000111010101011100011111
10111101101110110110111110100111110111101010110110101111111000101111110111101111110011101100111010111
11111000011101001010111110111111101001111101101111111011101100100100100010101111110011101010111011001
11110101111111111101101011001101011111110101111010100101011110100101111111001100010101111011111111100
10111111111010010010111111101111111111111111111100101110110001111101110101010110111101101111011011111
10110101001001001111000100111101011100111111100111111111111011010100100010101110001110110111011101111
01111110111111001101000111111100001101111000111011101000111111011111111111111011111010111101010111110
11000011110100111111000010111111101001110010111111100101110110001111111110001111111111001010111110111
10111111111111011101110011100111011111111111101110101110111011101011111001111111000001111110111111111
10110100110010111111011101011101111111001001111011100111011110001111100111101010011011001011010110101
11101011111000010011010110111011101001111111001111001111110101111111011111111000011111011111111101011
11010110011111111101111101010011110010110011011111101001000101110111111111101110011111111101010110110
10111011100111110100111011101111000010110111010111011111111110100110111111101110011010110111111000011
11101111111111110111111011010101110110100101101011111011011111110011001110111110110101100101001101100
11001100111011001111111110011011011111100011010110011010101111111110101010111101110111111011011110100
01110111011010111101001101110101011010010110010110111110111111101101011011101111111110101110010011111
01010110111100101111101111111110011111111011010111100101111011011110100010111101111100110110100111111
01111011011110111101001011101000001001111011011111111111111111111111011111110110110111101110011010101
11110010010111111011100110101111000110111111111011011100111101111111001111011111111001111011111100101
10100110011111100111111111000111100101101011111011111010011011111111000110001111110110001110010111111
11110111100110111011110110001101011011111011111010101111011111011101111111110011111111011111011011101
11100111010101111011000110111111010101111101111011111111110110111011111101000110110111011110110100011
11111111110001111111011111000101101110100011110101110101110011011111110110111101111111111111100001001
00100101000011111111111101111101111111011010101111011111110011111100111101111011001111111000100100011
01111011011111110111111101110011110110100101111001101111100011101101010111111101111011111110100010011
11101111111101001101110111000001111110100110111101101111110111001101101010100111000011010001110111011
01100111111111110111100101011010010010011011111100110111011111011010110111110111110001101110101011110
01110111010101101001101101110111111101101101011011110101111111111100101011111111011101001011011001110
11111101111011110111100111111101111111010110010010111010111110110010111111110110010111101110010011010
10101001110111011111111110001000011111111100011110111111101110010101101101100110011010011101011111011
11101110111111101011011010110111111111011111101101111100000111101010111111101111110011011111111000111
11101111111110110111011111101000111110111110110001111101101101111101111001111111100011001011111010111
10011111100111011101101101110111100001101100110011111011001101111110111011111101011000010100111011111
01011101111111011110111111111111111110100011100100100101110011111111010000101111100101111101010110010
11001110111011110100111011111001111011111010011100111011011010001111101110110101011110010110011011111
11010101111111111111111110101011101111011111111111011111111111110111111110111010111111111011110110011
01111101110111010100100000011110111011100111111101101000101011001111110101110111011011111011101110101
01100010111110101101110101111110111110111001111101110111110100111011001111011110111110100000111000011
11000000011110111011101111010011110111111110111010101010110011111011110011111000000111010010011110101
10111001110111011101100111011110101110111101100101101101011011101111111110111111101110110110100110111
00100101001100001110101011111001100111111110101111101010100011100111111011001111101101111110010111010
11111111101001111101111101010111110011111011101010111101011110111101100111100001111011101111110100111
11001000011011101011111111011011111111101111000011101110101110111101101001111011111111101111110111011
10111111111011011110110110011111111100000111101101110010110111100011010000110111111011011010001100011
11111111001111100110011011111110110110001111111100101000111001111101101111111000111011001110011110101
00101101101111010010111110011111101111111111110011110111111001111111101111100111111001111111101110111
11101001111101110001110101101111111101111110011110110111001110001000011011011111011011101010111100111
11111111101111111111000101111110111010110011011110101111111110001101110110111101100100101111101111111
01101111111001110001110001101101111111100111101110101100110110001011101001011101110111011011111011110
10011001101111111001011111000111111111111110011111011110110111110100110001010101110011101010111011110
01110101100010111111111011110111111101111010101111110011110110101011111111111111111111111110111111001
01110101100110011000011111111101111011000101010111111111001010010101111111010011111111111100111101101
00100111111111001011011111101010111111011000101011111111111110110110100101111101111111011101001111100
11011110101111111111111110110101000111101111111101110111110110111111001100011100111010111101110011101
01111101011101111011011101110010100111110101011110110111001001101110001110000101101010111111111110111
10111111001111110010011101111110110110101011111101101011010111010110110011101110001001111111111000101
11100111011111111011011011111000111111110101110001111010100110100111110001100011111001100011011111111
00111110111111101110111011111111111101011111010101101111100111100110011001111101011011111100101101101
00011111011110011011010111110010110110110111111100011101110111011111001110000001000010111101111111110
11111101010011111100110111111111100101111111111111110110111110100101001110011111110010101011101010011
11101111011111100001010101001101110101110111001101111110011101111111100010101110110110111111100010110
10001100110111111110111111111111011001110010011110101111010101110101101010110111011110001101010111110
00011111111011001111101100111111111011011111111111011011001011111101111010111000101001110110011011111
00101011111001001101111110111010111110101111111010111011011011000110001100111001110111100011101110101
11101101111111101100011100000111011101111110011111010011111011111111010111101010111111011000100111000
00011100100101111101011000001111111111010100011010101011111110111111110100110111010110111111111111011
11110110110110111111011011111111111111010111110101111000111111011111100110111011101000111111110101110
01111100000100110001111011110011010101110010100101111011111111000111111110001101010111111101011101111
01110110110011100011101001101111101111100011000011101111010000110111000000011011101001101011101010000
01111111011110111100111011110110101111111001111001111110111101011111110011111011101001111101110111111
01011111001101001111001111101100110111111111011010110101111111011111001110000111001110101101011011001
10011111001111111111110100111111110001110101000010111011110011101110111111110110111111011111111111101
01011111110001100010110101110101010111111000110111110111001010010111111011010101111010100010010101111
10111110111101111111011111100110111111110111111010110001111111111111111011111001111111100001101010110
10111011110011101001110101111011101111010101110111000011110110100111111011011100111011100001111010111
11101101111111010111101111010111111111010111011001110111111111111100011100110110110100110001111110111
11100010101011010011110011111100010101001010111010110000110010110001111101111010111111101110011010101
11111111001111011110001101010001010011111100011100111010110011111110111011110011110110101110001111111
11111110001011101111111111110110111110001011111111101101110101011110111101001100111011110111000100001
11011110111101001111101101011100110100000110111101011100001111111111011111100110101101101111100011111
11110111101011100010111111101101011010101000100010110111111111100111010111001011111010110010110001111
11111010011100111111011110100111101100011101101111110111010110111101110101111111100111101111101000111
01111111011100110111110101001011001101001111100101000001010000111111100111001101111011110000101100100
11011000001001011011111110101111111100000110011101010110100111111011111111011110011010111111101111010
11011000111110111001111101110011001010111111111111101011111011111000010101111100111010011110101110101
01101110011111111101101111010011111111111000111101111110111111100110111110100110101011110111111110010
