0011011001111111110011110101101110010000110101111010000000111111010100011111001010101100100001100000101010110010101100000111011011001001101111101010110111100010010111001
0011100110111110101001110101010110011101001001110011011101010000001110011000110101000001101011001111010111001101000111011001101110000000011011110110001101110101100101110
1100110011001111101101111110111011111111100000010100111101101101011000011010101111111001000000001000101011110111001111011110001010101001101000001001100011001111000011001
1100000101010010101101011111100000111001011110011011111011111111010111000100111001011001100001101111111000110001110110101111100110111110011111111001000110111010101110011
0110011110111011001110101010000100101000111010000011100111011000110001000000000000101111001011110100010001101010110011010000111101000010101101000111111000000111110101111
1010101111011110011111110100101111110000000111000110100111111101111110001101101010100000000011010111010101000100101101101000110101111001011000110001111100111000101111100
1000110111110011010001100101001110000101110010100001001111110110000010010100010010001010011111111111110111011101011111000100101101011010110100001111010100100110000100010
0101111011110111001011001101001101001110010011010000110110000111100001101011000011100000010000100100010110110111110111111100011101101111101010110011010010000101110010011
0110111101011001101001000000111110011010010101001111111010000001010110111011111111010001010000110001100001011110000001010111101110110011101111100110001110001101011101110
1011011110000100101011011111010000110110100111101010010101111010110011001010011000000101010111011010010010100000001110010111010000111011110111001111111000111001011101110
1100101100000110010110010010101000001001011111001100000111001010010010100111101000011101111111111101010011111101101010111000110111100010011000111011001110110010111100111
1101111110001111100001110011001000110110111100001001011110111111110011010100100111011000011110111000011101000101111110110111000111111000011010010010011011110110100100101
1110110010010010000101111011011111111111011100010001110001110100001011011011010010011001110101000010011111000100001011110111000010010101011110010011111000010101111010100
1110010101110011110101000010101011001011110110000010100011011110111000110110111011101100101101010010101111011111011111001100001010111110001101101001011001101111001010011
1111111100111101111101110011100101010110111111100101001010011001101001000101101011111100010010010001001110010011100000010011111101111100010010101001100111011110111011110
1010101110010110111010101111111111111011110101000001000001111011000010001011011011111010100110101011101100010001011100110010101111100101011110000000010010010101110101011
1111000011010111001110010101111111111101000111110110111010011010010101111011000110110010110101101100010100001110100010001011101011010110111110110111111000000111100011101
1000011000100111001101111101111101010101010000101001111011011110000001010110010010101110110110011101101001110101100010011111000101111110001000000100001111011011010011110
0111110111000011110001011000110101100001001111001100001011110111011100101101001111001010111110001111010101100100100111110110110010010110001010110011011001110110110001100
0011110000101110110000010011000110011011101001000101111101011001011010110111111100001010111111001011110000111111011101011111100100101001001101000011100111000100001001011
1000110101100001100001100111100110110100000011111100011101001010011111001101011110011010111110011111011100100111000011100011111001001100001101010101000100010000110101010
1111011111011110011010001001011011011101010111011001000011000010001101001110011001111010101110011011001100000000010111011100100110101111010110010011100110101101000010110
1110111000011011010010010100000110111101111100111111110000011010111000100110011011111101001100010111110000011111011111000111010010101010000100100111111001100001101110111
1111010001111010111100101011101100101111011001111001110100111000111010010000011111101000001001000010010000001010111111011110100010011110100011110000010101110100011111110
0011100101001001011001010000001001110000010111110000011101110111011011101100111011001111110111000101111110111001100011101101010110100001111111100111111111001011110110011
1111011101000001110010100000101001101111000101101110001111111010010111101011001001111000011110101101010011111100000001110100110101110110101110110111101100110101001111111
0011100001111111000110010001011101001101100111101011101101000111110100011110111000010000100110110001100010101010101000110101011101110101010110111101001001111001111111111
1101001101011011110111010010000101110101110110000011110100110001111010110101011100011001110001111111001010111101001111000010100111100101111011111000011011100011000111100
1011010010100111111010010100010101001011011011100111111111001111101001110010111011010010011101010001011000010000001101011000011000110111110100001010110101101101100011101
0110000011001001111001000010100001111001011111101101101100101110111101101011100010011001011110101110010001110110111100011111100110110100010001110001101111001011111111111
1010011110111101110001011110000110000101101010110101100001011100110101010110110100000110011010001110101110010101010011110000010111011010101011001010011011110111001111100
1100111110001011111110110011101011101111110100100011110000100111110111001111101010001001001011010011110011100001111111110010000001010011111100111111100110001111100100110
1110011010001101100111100000001101011101011010110011000011101110000001111111001111011010111111101011011111111101011111101110101101101100010110010001110000110011000100111
0010010100001111111001001111110110101000110101111001001111000001111100100111010101111011101100011010001100000111011101100111100010010001011011011011111110101110111001111
0011110001011001101010111101010101001111101110111001001101011001011111101001010100101101100100010111100101101000100010010111101111011111010011011101101110001010011011000
1111010011011011110111101001010010001001100001001010100100011010101011110000100000111110011110001010101110010011100110111010100111011110110101101111010010000110111101000
0111100110101101100101110110110111110011010111101111101110101000011101111111111011101101111101001100011100110010101111101111011101101110011111110010110011111111101001111
0110001101011010110011110111001110100000110110111101011100100101101100101100111010101010010101001110010011100011111010001001010101101101001101001000010110110101100000110
0010000111011111000100010100100100101001101010110100101110111101001001011000110100010001110001101100000110111101101100010001011111001001110010110001111011001110000101110
0111001000101101111101110111111110111010011111001000111001110100110011101111110110010011000111011101001000111010011111010100110000111001011001010100011100010001100111001
1010101001010111000100100011001101110110011101111011101111001101111000111111111100010110110110101111110101011001110101101010110011101110111111101010110001010101110000101
1001101110111111010001111001110111001101101111001111101110001000110001111101111111001001111100000001001011001100001100110101010011111011001111100001111001101110011001111
0101100000111010001100110000111010100011110011110011010001010010101011111111100101011010000000010101110111001101001111110111111111010000100110011000100011010110011001101
1001010011111111101001101111010101101101110001011011000101111010001001111101101111101101011001111111000111011011101011110000111011100100111110100101100010001010111110111
0001111101100110101011001011111010101111011001000101010101110101110101111001010011100011111001101110111110110011100111010011110001101010110111000111100001110101111101111
1100010111100011101111011110110001011001111110011001101010001111111110110101000110011000010011110011110011111010100100011011001000101000011101001101110011001010000010001
1100001001000010110010111110111111101110101000000100110101011010010100010000010111101111110111100110010100000000110010100111010101110110100111100001011000011110000111011
1111000100001000100011111000001011100110101101000001010011111111011111101111100111110011100001111111011011100101010011000101011010111010000001010110001111000110100001010
1001000011110000011011110110010001111101110101000011110101111001001110100011000011101011111001001011110011100110011111000001000010110111111011000100011110100011001110011
0010010010100010101110100100111000001110010010100011001000101011001001100001001110110101110010011011010101011100000111001011001111011000101101110101111111010101101001011
1101110011000100100000100111100110011000111100001101101001101001110100001111111001101101101101101000100001101011000010110111101111110101000001011001010110101101101011111
0101101010011011010101110011111111101100111111011110001011011011011110011011100010101011000011011110001101010001101111111111100011111000100111111111111101000101000011010
0011110110001100110100110011111100011011110001101010011001100100011110101001101111110010010111111111111011010011110111111000101010110111001001111110100111111011101111111
0111000111011000110110111001100100000101001010111000101101011111011010011011010111011001110011111110000110110110101111110111011001011111000111010000010011110111001110000
0111001010010010111110001110110001101111110001000111110101011101011101010111111011100111100000100110001101010001011011101000001001000110110101101111101111011100101110001
0110111101110000000110011111110001111110110110101000011011111001001001010110011001001100100101011011101111000110110110010111101110101110001101001011001010111111110100001
0001111110110110111001000100100011001010110001010001000101011000010111011011111100111101101101111101011110011011100101010111100111011010110110110110111001110001011010110
0111111001101101011111001110101011100001101110111011111110101100000001110110010101110010110011100110011111100010000110001011111011001100011011111011110011111100101100101
1011011001011001001000011101010110001111000110011110100101011001111111101101110110110110111011001101011110110111000011111100110000000010011001100010101111101101011100111
1101111001011111111100111101001000110011001110111001011110101100111111110111100110010000011101000011001110010111011111001001101100101111110110110001111001010001100100111
1011110001110111110110110100111010111010110101111111011111110111110111100011011001011000110111001101110100000010011010101010111110011110101111111001010100000101111011011
1011011100011100011000001010111110000111100011010000111001011010110000011010100011110111100100010011110010011011010010001111101011110010111001111001111001111001000100101
1001001101110101111011101110110110010000001101110101010000001100101101100111101001111001010111010101001110100011010000110110101100001101111011110000101000111010010110001
1011010110010011001100001011100101100110100011011111011100101000110101011100110011110111100000101100100010010110101011110101111111001011100100111001101101010001001110011
0000110101010110000000110011111101010101111011000010000000111111000010110101100011000101111111010101101000100011010110111110001101101101101001100001000100010111100100110
1011110011110100101110111111011101101001110011110011111010111101001011000010010000011011111101101111111010011000011010111100111011011100010010001110111100001111011111111
0110010000001110001111111001110001111110101101011101111100110010010111001111001010111101010111110010000111011111101010110010001101100110011101111010010100001110001011100
1101010010000000101011000110011101101100000011111011101010111011001001010110111101010101000001111100101101100111110101110100010000111110101000101000111100011011011000011
0101011011111001000110011101000100110001001001011001110010111000111001010001110010010010000011000010010010110101001011011101001001111011001111110100000110100100110010110
0001100101011010110011001100111110111011011110010100001111111011011110001101111001001100101110111001100111000010011110101101111010101010001100110110010111101011001000001
0000000110100100101100101101110011111101111111011100100001111010100000011100101101000011100100011010010110101000111001100010011001111010000101001101111001011100011110110
1110001010011100110100010011101010011010111111100001011111010101100110101110110101110000111111011111110011110101011111001110110111101010110111111010111110000111110001111
1110010111001001101011001110010110101111111110010011110010100101001001110110111001010101000111101110101101111100110001101111101010111100010100111110001001000111110010110
1001011000110110011111101011001111001101111101010010001101110011101101111010100011110010001111011110111010110011110000101100100101111101000010011111000011011001111110111
1010000111101101110101100110111111001001101000011011011111011110011100011100000010101100011011101001101101111101011110111111001100000101000111111000111010011011111011000
1000010110101011101110000101010111101001111111011111111010111010101011000000101000110011111000101111101110010101000110010111011101011101111111110001001110011001100001100
0111010010110110000100001010111100011111111100010011101010110111100111111101011101010110101101101101011101110111000101111010101011110111010110111100001001011111010011111
0101001011001101010111111011101001101111110010100010011111101001010111011000101001011001111000111001111001001100111101100111011011111101110001010110010101111101001101000
1011010011100111001111111111100110001100110100000110101110001010001101101001110010110101111010101100111001011010100101111001011000110010000001001101111011110111100110000
0110000010010000101110010001001011100011111101110100110011110000000100110000100011010001100000011111101111010000101011000101010111100010111101101101000011001111101011101
1010011110011111111010111000110110001101010111111101111000110101101010000110001100110110110111110111110100111001101001100111011010011011110010101001100010001101010110011
0111000110010111001001111100100011001000011110111010111101001111100101111100110100100000010000110110010000001110110100011011011011111111000011001111100101001110010100011
1010110100000111110001110100000001111100000110111111101011100111001000010111001011010111011010011011110101111011111111000010111001011111001110011001001001110001111100101
0011000010111011100011100111110011010011101001010100110011111111011110011101111110100100101010001111100110101101001000000010001111011001110010110100010101110100001110101
1011101000111111011111111101010111111100011101101011010110001010011001000010010000000001100100001010011000110110100100101111010000001100110010101011110010011111110100111
1000100001100110010000101000001000111000100100100110001110100101101101001010101010110010111101110000100111010011001110101001000010011000100110100000110111111111100111110
0000101000000001111111001000101011010101101010111001101001100101010010100101100010100100011010101000010110110111110011110100111011100111111010100101111110010111011110101
0111100011101000000000101001010101101011010110111111011010000111111100101001011100101000111001010111111001111000100011101001011011110111001111001010110111100001011100010
1101000000101101111111001011000011101010110010111110011111101101110001110001111110011101010001110001000011000001011011100011001011100011101010011111000011101111110011100
0000001111111010111110001101111010011110110111101100110001111010111000010011011011100111101101110110101111001011110100000000010000111000101101010011100010101010001101001
0100101000110100001111110100111111011000010110001010000010110000110001010111111000110111010011100011100001010100110010100001010001101101111011111101010101111111110101011
0000001001111101111111101110110011111101110000100010100110011110111001111100100010001100010011011100000110001110000010011110111110101111001101110110101100111111110110111
0100111001110011011111001110011110010001100001100101110001101010101011011110001010110010001100001111101011101001100111011011010000101001111101011110000101101001010101110
1101111001101100100100011001100110001111000111111011110111111010111110011110100010000101111100001000110000101001111001101000110100010000101111001111111001001111011010001
1001101110110001100000000111010010000010100111110010111011000001011101001011111011000110111000010010100101000101010010110100001011010111011001011110010111001111010001001
0000111011110110010011100011100101100001001101010101110110000110101101110100010111100101110100100010101010011011010000111101110111001101101101001000101101101011111111101
0111001001110001111111000101011011011111100110011111110110101001010101111111111100111010000111000011011100110111110111100110110010110111101011100100011110101100010001001
0101111100100000111010101101011000101111101110110001111011101011110100011101101111010001010110000010100111000101010111111101101100010111011111110100110111010010011000010
0101011001001101001111110001011111110100100111111101111101010100011010111101000111111001011010111101110000110111100000011011010011110001100110011001001011111010101000111
0101011010100011011111101111100110100001111101011100100110111110110001010011110110110001101010001010111011110111011010101101001101011011010110110001010111010011110111111
1011001010000101010100101010001100110000101011001010100100001101110101011111011110110101011011110111011111110111000100000100110010001101001100010001101001110010010111101
0101111101111000101110111100110110001100101011111100100011101100010010110100111011101011000001001011100110111101111100001101111001010110111110010011000000110010100011011
1011000000011111010011001001101011011001010010010001101111110010110100001111111100001001010010011001100101111110111010010110110111001111000011111101111101100001000110011
0100011100011111101011001000001011111010101110100101011111111010001101101011100110110110010100101100111001001110110100011100110001101111110011110100010111101010011011011
1110001101101110000000001111001110010110011111011000110111110111011011110101000100010110110110010101110000101000010111110011011100000001100000111001010011100011100111101
0110111010111100011000000100010110100100111101011111101101000000001101011010111100100101111010100101101100011011110110100011111101110011111011101001011110111110100111110
1011100101100000011110001111010110101111000011011010010001100010100110111110100010111011000011001011111010000110101011110111000111001001100110110110100111011011110000110
1011001110100111010100101101111010011011100111000101111010110101011010011111101110101111001000011011111001001011100101000100101110001001001011100010001001001101110110010
0100101010100100100100111111000010100011111101000110000010000100011000101010011011110001010111010000011111010001000101110101011101011100010100101100011001010100111011110
0110011110111100111110100101011011000010011000011100010100110001001110011011110001011010001100101111111100100011011001001011100100011101011110110111110111011101011100000
1010100110000110100110110010010001011101000111001010110111111111101101000100101001101110010100011011101101110100010101010001101100011101111011001101101011110100011001111
0111001100110111010110101001001111010110101110010011101010110110101110010111100010110110110011111111110001011100111111001110011010011001000101111111100010110111010110001
1001110100110010111000011010010100111110100111100001110110000001001100101100011111101011011011001010011101110001000100101110010100111111110101111011001100100100111010001
0001101100010101000101110000011111000101100000111000101100011110110101111110010001100010111001111101011111000111001101100010101110001010111010000101110111101010010011111
1010011001111101000100110011110111001111011100001001011000011001011011110010010110110100100001000001011000100101010011011101010101101101101111101101111110010101001101111
1111011101010101001101110001110111011011111011001101110111010000100101010011111001101100010010001100110111011011110011010011101110110101011101111001010110011100010011111
0111101101111100111011111001001110111101001110111111111101111101111011010011000100100111101110101101001011100001001100001101011001101100101011110000110111101001011101111
0110111110001100001111111101101111001001101110011101111010110001000110111000111110100011100011001100000010111111011100100011110001001110111000001001111000000001001010111
0001010100111001001010001110001111011000111100100011111000101011111101101110111010001111101001111101000011101000110001001011001111101100000111111010100000110101001000011
0110100111111011011101010110111100110011011111000011110110100011111110000011101001000010000110110110001110101010001100000010001100101110001000111111111010110001110111100
0111010100100100110101011000110010011100100001000101101001111100110011011110101001001101000111010111010100000101101010100001011110111100111110001010010101011011100111110
1011001111011100011101111110010011101001011000110011010110100111110111011111010110001010000100111101111100111001101010000011010010001110110111101101110010110001111110101
1011000011011011111110110001010111111000101011100111010111001110101000111011110011111000100110001010001011100101110101110101110111100101110111101100100011001110110111011
1101000011011010110110101010010001101110011011111111010111010101000011001011011111001101101010010111010011101110001111101110100110011100011010100101010001101000010010111
0101111010100011101111010101010011110001101110000011100111111111010001011100100000100010000101011100111101010110010101000011011101110110011110010111011100011001110110111
1000110101100010001010101110101000001111111110110000010001101001010101110001011111101011011111011010111111001001101011001110100110100100011100110101111001001010111101001
1110101110000111100010000010100010101010001101010110111101011111111011101011111011110011100100100101010011011011010110111000100110111000011010000001110110100110111100111
0101111110110011010101001111011010111110001000100110000110011011101000010111000100010000000101010101001011111110111100111011111011010010010111101111110000010111111111000
1111000010111101101001111001011001110010111100011111100111001101010001011000110111010111100100111010101000110001010100101111011100100011001001100111101101111100000101001
1000111100110011110010000111001110111110111110100111011011000101111010110101110101110011101000110011011101101000001011100010100100111001111100000010101010100101011000000
0011010111110111010101101111110010001101110111111011100100010100101111111100111101000011111110001010000101000000101110111010111011001001111011110000010110011001110100000
0001011011011110111000010110111101110001011000111111110010001100010110101101111011110101010001101111010001001111100100001001101101001111000000100001010110101100101101111
1011011101010110010111110000001010111111110011010101010111011011110111111101010011111100011110010001101100111111111011111101001001110110111111111000100101000001110110010
0001000100001111111011010111110010111100100100101010111101011010111100001111110001101011001100111100111100001110101111111111110000011011101010110000101100011111010010100
0001101111100100111001110100101100111000110010111000111110111101001111110000101111100011100100101101011101000000110001010100100110011101011010111011110000100110110010110
1010010111001001000101001011100101100111010000001010110000010011100010000111110011110011101110111111101111110111101100000010000011110110100111101110110010000001101001100
1010101111000000100000011101101100010010101110101101001010011111100100010001010110011110111011011010010111100010111011001110000001101101011000001000000110001110111110111
0101011001111011100001001011110111111011100111001000001011110110011000011001110110011010001010100101010101001110110101001111111101101010101010001111111111111111001101010
1111110110111101111110001101001101001101110101001100100101101110101111000001000100100011111111111100110001010110011111011001111011101110110000000100111100111001100011110
1001101011001101100111101110100110011100111111100101011110011001001011111011100100100101010111010111110000101101101100101110110101001001000011001001101111100011110100110
1101000111011011101001011111001011101010111110101001010011011010010010010111100011111111101001001111011101110110011010101111101100101111010100011111111001110110001101100
1101100011000100000110011001011001111101110011111111111101101110101010110011011101000001011111111100001101010011101110100110000110101001000100110011100001001100011000011
1101010110100110101000111111010100011010110100100101101011111111101111011011100110011110001100001101001111111101101110110111010110111111000001001001101001011110101110101
0101010100111000101011010111010111101011001000010111110011011111001011011111110000110000111110100111111110100101100110110000110000101110000011000110110011000001111001011
1011001001100110000000000011101101110100101001000011101101001101011100111110101111101001101011110010001011001011101101111110000100001011110110100110001100110111001000101
0100101011000000110010101110000100110001000111011101101010000000010011101100111101010010101111101100001100101111011000010111110110000001011010011001111000110001001110111
1100101111111000101101101100101101011000100010010001101111100000011001011100010001001001110111100000010000110101100000111000100111000011010011011001100110011011011011011
0011111101101110101111101110010111110010010111100111001101011101100000100101001111101010111001000011111011000111111101010101111110010010010111100110100111001010111010001
1010110001001010100101101100110111101010111111000101101011110111010100110010001011001111010101010100101000100111011011110110011111001111011111110111010000010011001000000
1000111101011101101000111001101011011111110001101111010011011100011101110010011000011111001001101101001111001100011111011101111100110011011010010100100111111101110000010
0100110011111100111000101111011001100011010000111101001110110111010100111011101000100010000101011010101001011010101001010000110011000100011110101100000101000011100111001
1101011010100010010111011100110101100101000000011111101000101001111111010001010001010111001110111101001101100100111110001000101010111100111100001011011010010100000101000
1011000110110011010101001001011101111110001101011110111101100000000011010111001110001111110000101111000111100111011110010110001001110001110100010011010101010110101001101
1110000000010110011100111011111000001010111011010101111011110101000001101100111101110101101011110111101110111110010010001011010010001000010111110001011010101010110001110
1101011001110100001001110111101011001100010010001010110111100110000011000000011000110101111110011010111111000011110010110101001011010010011110001100010001011110001000101
0101010001111011011010010110001010001101101010100100111111010111100100100111111000111110001100000111110001101111001100111100100110100100011010101110110110100010110111101
0011010011000110010001001010110101101010010101100010101101100110011101100111110111001100111111111010000101110100010110001011110010110100111001100011010001100111010011000
0110101110011111101101010100101101011110111010110111011101101000111010111000111111011110101101101000000001011111101100100010001111010110110011101000010110101001110111001
1011101000110110111000001001011111111010011101111000110100000010111101011010101101001110111101110111110111100001010000001010011100000110110110101011101011111001100101100
0110100111001101110001101111111110001101100010001111110110111101110101011111111110101111101111110001001010110101001011111100100101101101011100011110111000001110110011000
0101110100111011101010101010110101011101100110010110101101011000100010011111001100101100101100010011010011111000100000011110111100111011101100110001011011010111011100111
1000100111101011011010011010010001110000111110000000000110101010010110111110100011101011101111111101100100111111110110010111111101101110100101010011010001011101100011101
0001010011101110000100110110011001111000011110001110111011101001011101100110010100110011010001010110000100001110101011100100011101010001110011111111100010100000100010001
1101111011110001000010111111011110010011000110101000111101110111110000100100011011111111011110010001101011010101001010011110111110111000110110100100001100010110100001000
1011010100001110110001111111111000100001000101101011111010001011011010101110101110010110100101010001111111011001110101011111100100001110101000100111001000011101011000011
1110110011000011111110010111111001111011011010110111100000001000011000010011110100000100111010111001110111001010011110011010010110010001011010010010001111011111010100100
0100110011111010111001110111111111001110111110000010100011110100111010111101100100111110100110010011100011101010011111011101101000010111101110101100000011110010110001010
0101101111100111010111111110010111001110010110111111100010111001110110111100100011001101001110000111011101111010011111101011101000011010111101010110010001000000100010101
1011100100110101100100101110110011001001111111101110101101111111010101010100100111111010011101111011111110000011111111100111111010010000100001111111001010110100111010010
