0110000101000100111111000011001011100100100000000001101101010100110100011
1000110111100011010110001100111100001010010010110011010010000100101100010
1000101100100000010110100110101011010010001101101000011001100001011111001
0000110111101000101011111100110100011100001001100100001001001000010000010
0111001100111000000100110000100101100100010101010011011011111010011001111
0101000111000011111100111110010100000101101111100010101111100101000010110
0010100010111110111110111101111010101101110111011110111100110001011100001
1111110011100011110011001000011011110001110110000001101101011000010111011
0101011100000100111001010000100111001000101111111101000011000101001001101
1101010100100001011101111000000111010110100100011010010000111011110000000
0111101101001000001101001001101111100011001110101000110101001010011111000
0000101000000111001101001111010001010111000001010000111001100100010100110
0001101000100100000010001010101010010011001101100101011110010000110101100
1000001010011001000001111111011001100111011111000000010001101110011111011
0100011100010001011010110110010111001010001100110001100000000011101001100
0100010101010110110111100111000010101101111101100001101110110111010001111
1001011110000001000001101010111100111000010010001000000101111101110011111
1110011111000011000101101011011010010111100100011000010101110110111001010
1001011011110010000110010000011000010111000000011011111101100011110100100
1110111001110001011011011010110011101100001110110010001000011000101011111
1111001100001011001101000011100111001100100010110100001111101000010010111
1001000111110101110110100101100110101000010111011100100111010110010100001
0011111001000111110001001110100100100111010000010000000001110110101100011
0001111011000110001100001100010011101011100000011000010101000010100111000
0101011101111100110100110110100111010011110010111101010011010001100010110
0111011000010111000001111000000010011001000010100010000010100010000011010
1010010000011111110110101000010001000111010010110101111111100001100101110
1000001000110101010011000000010100001111110000100001111110100010100101111
0111101010101000100111101000011010010101111010101010101101100001011110111
0101011100010110111100010011100001010010101010100101010000001001011011111
1110001100101100111000000000100100111011000001110101010100111100011101101
0101110011100010100011101001001010101100101011001010110111110100100110001
1010001111101011010111011100100100101010111011011000000010111111101111101
1010100111110110000110011010010000100000010101010101000011010001011001011
1000101100100101100101110000001111001101001011011001000011100011000100110
0011000101011000111000001100111000000110001010110100101000001000011000100
0101001010000011100111010101001110100011010101001100110100100000010110011
1001111001010101011110100011100100110011110000001011011101110110000011100
0110000001111110011000111011011010011101000011011101110100111011010101001
0000011100111101011000111111101000101110011111101101000000001101101000000
1000011111000001010010011001110110000100010011000100011101011100111000101
0100101100000101100001101011100011001101100110100100100101001000101011100
0011010010101111000100000000110110110001000100101110111000110110011010011
0010111111101111010101000000000001001001011000101010001110111111111010111
0100011110100100100111001110110110110011110000100100000110101011100100000
0011111010011101000001000000001111101011100000000010010010100000010111000
0111010010101011000110001111111000010001011110001100010010001011000110011
0100101011010010011111111010001011110010000000001011111011100011101010100
0010001011100000111001011000100110101111001100110010000100010011001011001
0001001010001000000011001010011001011011111010100000100001110101111110111
0100111001000000001100000100100100000100001101011000111001010000101010001
1100100110001011001000001011011001100111000000010000100101011100011101101
1000011100110011001001000011100100011010011000010111000110110111101001100
0110101001111100011000011011011100001110101001110010000101010110111011011
1011111100011001001110000011100000010100101100010010000101011010011000001
1000011100101001111011010011101100001110110110001001111010100010010000101
0100110010001001000011001111000111100000000111110000100100111110100100100
1011110110110100111011111010100101100100110000010111011000100010011010000
0010111001010101111010100111101110101110001111010100100111000000000101010
1000101101001001110101101000001111000110101100001111111010001111110101100
0001100101100100100110000000011010010011110110100001001010010000100000001
1100010010010101110001100000001110000101101100000101110010010010010011001
0000100001100111011001110101000010100110001110111000111111010101000011110
0010011011000011101000001010110011100011000110111100100000010010111010011
1100000001001010111100111011000110000001110110010110110010011001011011010
1011101101111101111011000000111001011010101101000101011101010101101010000
0110101010100110010100100000111011010001111100011111111001000001110110010
1110001100111100001001110011101110101010000011100101000010110000001001011
0010010100100100100110011100110110001100011101111110010001000111111001001
0010100110101111110100010111011011000110010001001001110000110110100110100
0000110010011011101110001011111010110100110100010101100110010010000001001
1101110100010101110110101111110001101000001100100100010000100011101100001
1010101110000101100111100001111111001010101100101111011100001101000110110
