010111001101111001101100001110101101100010111011010001101011001110100110001110111111010111000000111101101010011111111011101110111110001111111100000110010101001101010010
101111111101101101111010111010010110101010001111110111111001101001111001110001111101001000100111101100110101011111111011110111101101101110010011100111101001110100000110
010110111110100000011000000010010100111111010101011000101110111000110111001001111101000100111100111111111100110110111100000111110000101111111101110101110010110101111111
111000100100010101101111001100101111011010110101111000110110011010111011101111110101111010001001010101001010010111101111101110010001010101011010001100111111101110010110
111000101101010010011000101001100010111001110111111101010011011001110100100111001100111111000010101010111111110110100001011111000001000101001101111000101001010010001111
110000111111010110011100100110110101111101111111011111101001001110101111111111101010111111001010101111111101101101110110111111111111001111010001000110111001111110010100
011111011010001101101111111011000000010000010101100110001111010111111100010101101000011101101010111000000010101100010011000111110011110110110011101000101011111001011000
011001101001111111110001111001101101011011011111100110011100110000110010010011101111010001001001000010101110000100110111111100101111111110110111111100011101110011001110
111011110010011110001100110111001101101111101111110010010011111001110010000001101111011010010000010000001100000100110110101001111111111011000010111101111001100010111100
111111000011010100100101111101110101011110100111101101110010011011011110101100111001111001111001111100110011110011110111101101011111100101101101000010001000100100101000
001001101100110110001101101110011000110111111100011011010110011011101111011001111001010101010001100011101011101001110111011100111011100100100100101111101001111001010110
110011010100000001111011011011011001001011110010100011111110011110101101111010101101101111101111101011000111101101101001001110111111110111111101011100111101001111100100
111000010010000011101111010111111010101111010001001101011101101111101000100111110111001111000011111001111101000000110011111101101101001111100010011111011100011011110110
100111011110001101110101111011101110000010110111111100010111100100100100101100011101100001100011001011001010111101101111011100100010000110011110101111101010111010011011
110000111000010101111110111111111111111001101110001101010110101110100111000011100011101101101101100011111001111000000101110010101101111110101111101101111010111110101000
010101111110011000110111110000011101011000110000010011111000111101111111110000000011001010100000110111100101101111110110010111100100000010010100000011000001110001000100
000011011010100000001111010001110011011010101000101101001111011110111011110000011011001010011001101101000110100101110111010010111001000111001101011111001111101100101011
110100110001111000110110010000111111011001100100101011011010111101101001101100101001100011001111001110010001001110100001000101000011010000101101101101110110111011111110
110100110101111101011010111110111011000010110001011111111100111111000011110001100111011101011011011010101001111100110100100001001011011110111101011101101011111111111101
011011010001011101101011101000010001011000010111110111001101011101100010110100101111110111010110011101101111000101101100011101010000011101111101001101101000010011110011
111111101011101010110010010100001101110111101011010001111001111100101011111110011001010101001010100010110001110111111000000010011101101110100000011011101110011011111001
100101101110111111000000110001010101111110010011101101100101111111011110110011000110101110010010110010100010101001011111100101111110001110001010110000101100101011000000
010100100001101111111000011011101010010010101101101011100011011001001000110100100101101001000111111101100010110100000110111100101111011100100110110111111010010100101101
000100110111110110010000011101111101111001111101010011111110111001111010111111101011111010001100111000001010111110001001011011101010110110111101101111100001111010111111
010011111110011100110100000010110110000010110111100101110011101111101011110000011110101111100011111110000100010111100000011010010110100111101011011100100101110101001110
010000111101111111101111001001011110001010000111101011011011011001010101011111101110011101111001101001101101111111110101000111111100001001001011110111101010111111011101
110110110111011000110011010001111100110111111101111011111011001000001010011000101110001001101101100010110000010100111100111011101111110000111100111111110101110101000111
100101001110101000101001000011011110100110101011101001110010010011110000100111100001011011111110110111101000011111011101010111101100011110110111101000111111010101011110
111001101011111000100010100101110111011101111000011110101110001010011010101101011111100110110011011101101001111111111001001000011111101010100010011101000110101101101101
000010111101111010000111011110011011111111101000000001111110000111011000110100100110010110110100110001101011000110101101111110101111011110110101111010110100011000001001
100111010100111011100011101010010111011101111111111001010110110000101111111001101001100101111100111000011010011110110010111111111001011011010000010100111110111000010101
011001000111101111110101111111100110110101101010100101111001100100011111010011110011101101001100111011000010101111100111001110001011101110011010010111101100010001110111
100100011011111101101011011101000111110110011010011011001011110111110110110101101111110110111011010100111011110111101000001110111111011000111111110110110111111001011110
111101011100011101001101111110111010011100100101111110111110100111111111111110100111110100111011001110010010100111111001111111101100011010001011111000110011000000101011
010110000000111011100010110111111100101100111101101101001111011111001000111110111010100101110110001100100111001001111111110111011111100010111110110111110010111111001111
100101011101001111111101000011101000111101100011001001010110011111001001100111011111110001101101110011011110111000100011100010110010100001111101101110011111110011111000
111011001010101000001101001101011011010110100111111110110111111010110111111111100110011100001111101101001111111000100110100111011001101011111010111000111100111000100110
001111110110001111011111001011111101100000111110001111100001100010011101100100111111011011101010011101010100011111101110010110110110000101100110101111110011101101110111
011111011101101111010101010011100111000111110111111110111001111000101101110111010101101111111111101111100111110010111011011100111111101011111111111111101101101001001111
001001001110100000001100001111111111101001011010010010001011001110000001011001001001011111011011001100110101101110110111011011001101010111110111111010111011110001001110
111100011111110010101110111101001000101001011100100111101101011011101011011011111010011110111000011011011101010101111111111110000101000010010110010111110011010100111101
001011011011101001001001001011110001001110100001011111001100111001001110101111011010001101110011001001110110101000110101110100101111111111111001001011011111101000100001
100111001111011111101011101111110111111001001111111001110000101110100011001101011101101100111111110011110101011111111101110000000100100011000110111010000100100010100110
101111110011110100110101101010101010011110001011001100101100101100101111001011010111101001110110111111000100101110101100111111001011100111010110111101000010101111010110
110001011010001010001011001111111010010110110000011011111011000011110011011111001011111111100111110101111110011100010011110010001101110011111001000000000011110101010011
011111111110011001010011111000100110111010100001011100110101111101001000110001001111001111100111011000000101010010111000010100011101101010000111110010010010011110111111
110011011101011000011100110100111001111100110001010110011011110000001110001011011011101001011011110000001110010011011101000100111011111101110110111111111101100111111110
111111111100110000111111111100100111101001110110001000010010011111110101111110011111001000101111010111011010011110101011010010011100100001111011011000000100101111111101
010110111101010011010110111100110110101010100000001101111001111101111101011111100111011101101010011100011111010011011101011111001111000011110001110101111000110011111010
111111001010010100111001001010101100101101101110001101101001010011100101000100110111000110011100011100111111100010001110011011100011110010111011111111101110110111100111
001111000110111011100110011110101111111001111101110101111001011000100001111001101111100101111111101111111011010100101000101111101110111111001110110111100011001000000111
010011110100111010110100100010010110111011010110111000011101110111100001110111001010011100111110011101111111001110111011110011011101111001101111110000010111110010000110
010001111011000101110011011010001100111111001010000001011010111001110101101111011110011111010110010010101011110100001000111000111100111101011010110100001111011110101000
110011000111101111111111111101111011010011101000111010001001000101010111101101111010010111001010001100110001100001010111011101011000111101000001111000011011011000111111
111101000101000100101111101111010100111010111100111000010010000100110111011110110111100111001011011101100000101111110000110110011101000011001111111011110101111010000111
010110011111111101101001111101110101101000101111101110100000111101001000011110111100010111001100011110101101110001001100100101001000101101110000001110111010001111010101
111001110001100111111001011011011110001111011010111111000000110111111111100111000010110000000010101001110100111010011110010111100111110010100111100111111101011101011110
001100110011111010110101000011100111100011010100000100000001011100000110110111011010011111001001111100100001011101100010010110101111001100101010110001011000110111101001
101110101111011011000011111111101111100100001011000010100001111000011011010111011011111111011101110111010000011111011001011101111111011101111101110010000011111111011101
110011101000110010011110111000011010111110001110111101000110111001101110110110011110011110011110000001000101001111101011110011000101110010000110110000101000111001011010
011000011000111101101101100000111100111001110110100110011011001011101111111000101010010111011100111101101010011000111110111111101011010111111010011010110101110100001010
001110111111000111111111010100101011101011000111111110011111001110100000000000110011101101111111100111101100111100011101100101101000111011010111110011000010111010000111
111111001111101111111111111010000011101111110101101010010111110110011101111110101100101011101110011000011101101101010001110011100111000101001000101111010001101000111111
100001100001111111111100100001011111000100110101100101111100011011101000001011101111110101100001101100111000101001001000011111111100001111100111100100110001111111001000
100101100111101010100100100111001111110110101001010100001000111101101110011110100110011010010001011100110111110011110010111110100111010101101011011110010011010000111101
010010101110100101110111110101001111000011001101110111011001100110111110101111011010101100101110000011111100100100110110101110101100011111000111111111101110001110001011
111111111011111111011001100100101100101010111001111110101001110111010110110110111000111010110001010110100011110100110111000111011101111100111101111010111100101011001101
011110111100000110000101010111011100110000001001100011101010001001100100101111010001110110111101100000100000100011010010111110001101101010011010010100101100101001110110
010101100111100111001111101011110111011011010110100000011011101111000000110101010111010101001011111001100101011001001110101101111101011011100011110011111111100100011110
101011100111011100000100010000111100111001010011110011101101101011110001111010110111111110101111001110011001011011101110101011110010100110101000111101110101101101010010
101101011110001110111101101010111100100011111010000001101111100011100001100110001100000111111011011010111101010000101100110011000011011111011101111110010111101010110110
011101000011001111101000110000110101111110111001111111101010101000000110001110111100101010010001101011001011001010111001101101000011101100011010111101011101101111111111
010111000101110111111111100111101111111001000101001111001101101001111110000111111101011100011011100110001111010100111101110111001100111010110100001000101000101010110110
010001110011000110111111111001111110101110001101101100110111101010101100001011010100101010111000010101011010011001110111000111011100101101100100011011100111101011111111
101101000111010001001001011010100110100111111011101011110000101111010101010010001101000101101110000010110011111101011100000111100110111100111110001101101001100110111000
100111100100110001011011010111001111111001101001110111111111001011111011100011000110010011101110001111010100100111010001101101011000110101100111011000011111011101111100
100111010001101000001101010100010111101011011011100110111111001111110111111101101011111111000101111110000110110111110000010100100110101011011111000100101010101101111100
011111111010101000100101010110111001101111111110101111001110000101011000110110111101011111110100001001011011110100001010110110010010011100110111000010110010101001111011
111101111111101001110011011101111110110010000000111001110000111110100101100011010111010000110100100111111110111111101010011010000001001101010001111000001011010111101101
111100000110110010001000100010010011011011110011010011110111010001111101110001101010101110011110111111110010100011111101111111100111101011100011001011100011100011111000
111011111111010011011001111010101011010111101111001111010111101101100011101011010111101100110111110001011000110101111000110101101001010111111110001000111100101011110101
111110011001110000110110111011001101111000110101111010110001001110001111111101101001101011011101010110111101011100001100110001010011010111111010111011011010111011100001
100001011000101110110101111011011111110011011111111111101111110111001100000110111000001100010110010010100111111100101000000111011111101111011000100100011011100011010011
111100011111111111111011000110111101011100111111111000100010010100011100101011101100111110011010001010100111001010101100101110111101010011111101111111100101111000011111
000111000101011001010111100010111111001000111010001000101010011101110101010010011101011111111101110011010011011111101101011111011000101010110001111011011111110100111110
100111111110000000111001010101001101110110001000100111011111100110111100100111100001101100111110101101101100111111101111100001111110101010011111110110110111011101010001
010111101101101110100111111100010000111111111111100110000111011011100101110011011111110101010011011000111111011110110111101000100110111110100001011111110000011110011111
101011100011101000111100110011111110101111101100111111110111110101011110101011011011111010000111100011010111001101101111101100011011101110011101110110010100010010110110
100111001001100111010101100111001000011110001100010011110111101010110111010111010101100101011001001111011111111111010000111100111101101001110111010101001101101101111111
100011110111111001111010111100110011011101011110101011110110111100001010001111000100101010011010111000100110000001101101100101010101000011111011010111011111110110111000
011000100101011100000000111111101111011011111101101100000000011101110110011101101000110000001111011111000011111101011010111100110110001101010110111111101011010110001101
001000001110000010110100010111101110001111110010011110000011110010110011110001111111111011001110000010001101011000100111000110110111110001011001110101110111010011111010
001101110101001011101001011100111101111110100011111101110111111001011110111100010101110011110000111001010111111011101111101101010100001110001100111000010111000111111010
011000000001001001010011001101110011101000111101011110010011111001010100001111111110110100110010000111101000110011000100010001010101010100110100001110101101011010011101
010011100001110001111110100110001110111101111111101111101001011001001110101100011011011101110101011110111000001011010011100101010011001111101101101110111101011110001010
010100010111111011100010111010001101101101101111001000100110010110111111100010001100101110100010111001101110001011001111010001111001000110010000011110100011100100110110
111011100111101110001111111101110001101000111010001000001110110100011001100010111000110101001001011100010101000001001101110110001001110111111111011111101111010111001100
101100101100100100110111100111111001010010111111110110110110101010101010010010011110101001101011100111110010011101110010110011000101111110111111011101101100011101011101
111011100101110011110011110010110110111111010100111101111100101110001111000111010001011011101011100111101110111111011101110111111110000100111111000100101111011110011010
111101000100000111010010100110001110111100011001111101110110110110100100110110110100010010100110111000111101010001011111101101111000101110110100010011011111111011100000
001011010011011101101100101100010101001010110001001010010010010001100111101110110111100110110110011000100111010000011111111110111011101110101001111010110110101011100001
101101000011111110010010010111010001111011111001001100101011110001001001010101111000110110101101011000011110111100110011111010111111100011111110110111001011110011011110
111011010110101100111110011111001010001101101000011111111100110111111010001000110111011001000111011110011011111111001101010110100001110101111100110111110101010110011111
011011000100101001001000001000101101010111101001111101001010001111000110011101111100101110001010110101101101000000111100111111010001111011000111101011111110001010111001
101111011010111000110001010111101001100010001011111110010000111101000111110001101100011010010111001101110111001011111001111010101010100010100111011010001011110001110100
011011011001100110010000110000000011111111111110110100011001011011001010100110100111011111011001101111011010001101101110110100011111100110110110111101000010001111111100
100110110111010010010111000001111111101001001011111110000000100010100001111011110011101111101001011011101100010110111101010110110101111110111000001110100011110001010001
010011000111101101111000010011001010101110100100111111010101001010101111101001000111101110111000100110111000010100101010111001110111101110111000111011100111111100100101
001011100111011110101111010010011101101101010000010011111000011111110000001111111010010010101100001001100000010000101111110110111000011001001101101101000110011010111010
111110000100011000101011111110101001111010101111101010011110110010101110111011101110111010111100011111100011101001101111000111000001011100011011010101111111110010111001
110001100011011101100101010110110011110101111001000100101111111100001101011000100111111110111011011001101100010010100011101000111101111110101111111001111010001011110111
111111111001010111111011111111111100010110111001001110100111011001100000101111101110111110100000011001100111000000111110100110010010111011111011010101111101100111100011
111110000100000101001001110111111100011100110111110100101011000010010101000110110001111010001111001000101010001001101110000001100101010111000011011111010000011111010111
110101000111010110011100110110011110010010100010100001110111001110011100011110111000110111101111111100101100010010101010011000010001101110001010101101010011101111010010
111111011111110111111000111011111111111111110101001100100101100011100111110010111011111101011000010001011111111111001100101111110000111100111111110111100110100110111100
111001111110100110101100011110100110001111101110100101101010111011110001111110011000001010100010011111011010000100001110000010110111111011111111101011111100101010111110
111100000001010000011101001111001110011010110111111110011011110100001111101001111111110101101001101110111111110111110100111010111101101011011011100110011101010101101101
001101011110011110110110011101010010110111110010110001011000110001101110111000010101111101011101101110110110110110111001100110111011111010111001111010001110111101110100
110101111110110110000110000000110011111110001001010101001101100011111100010001100000011100111011010111000101111111010001011101001111100011011111110100101101011110111101
110110110111111011000101010111010111001111101011100101000011011000100001110100010000111101011011101111101010111000000110000001111101101000111110110110110011011011011000
110101011100101000100110001001100111100011111000001110110001111011011111100101011101011111101010111111011101101100101100001110111010010011110011101100100100011111011010
010011010010111110010011101101100110011111111101110111101111101110010010100011111100100010100101111011111111100001001010001001001101011101011111101011001001001110100110
100111011111110000010011101011111100001110010000111011000010100111011101000100110001101110101000000111011001001001101010110001111000110101010010011001001101110100011001
111111110111110101010110010101111110111011010110101001111110110111111001111111011011100111111010101110110110110100100110100011010010000101011000111011101010001000010011
111111100001001110001001111101111111110110011001111100101101101111110110111001110011100000010000111011111010110100111100100100001011111010101101110111101100010000110111
011011101100100101110101011100100110100100010000111101011011111100101111111100011110110001001111011100010001010010100011011100010101111110010001110010111001000101101010
111001111011111110000111011101101101011001000010011010001110111111001100001010011001011010110001001111101011101010111101101000010001111101101110111000110011010011100000
101101101111000010011100110010101011111000000111000111100010000100101100010101000111110111111111001111010111101101111101101101101110001101001100000000101011010111011011
110001011111101010101111011111111110101101011111101111110110110101111000110100001011110110000001101111001100101000001111111010010111111010111100101001111010001111010111
110001011101101100001110111111001110011111101101101110101111001111111000111010010011011011111100011001000111001010011011010001011010011010111100110001010001111110011110
100001111111010001100111101011011011011001010010111000001110101010000111001011010110011100110010001011001101000100010110100110011101110110001000011001011101000101011010
010111111111101011101010001011111010101111011110110100101111101010111011000000111111000111010111110011110111011011011111010011101010001110011110110110111101001101100000
011000111111001000001001101010010011101001111111011111011001010000110101111110010010111110010000110111111111001101111111001011101010000110111101111111100111101111101001
000100111001001001110011001101101100000101001010011111001011110011101010101101001101001000010100110000110010111110110100111011101110001001100000101100110110110100101010
111001011000101000111110010111111100101001000110001111010110010101111011111011110010111110101010010110010011111101111101010011111101010110010011101001111010100110001101
111111110111111010111111100101010000010101010010001011010110101111100111011101101110001100101111111110100111011011100000011101110011101001001010010110100100101001001100
111001111001111110101101100111110110101111111100111000101001110101011110100010011111111101001011110111011111001111011110100011001111101000111101000011011101111010010000
101111001101100010010000110000100001111101111011101111110010111111001010010110111111000011110010100001110000100110011010111100110000010100010010001111110010010010011000
101000110111101001111011101111001011111101001011110100011110100110101100111101011101101011000110111111101111001100110101100010101100110010011001100100010010111010111111
111101110001010100110001001101111011101111011011110010010010110000110011101011101111110111110101111101100111010100111111111101001101101011101000111011011000010010011100
101110000101011011110101111000011111101001001001011110100110101010110111001010001111010101011010111011100011111101111111010110111111100110110110001100110111101110110001
101010010111011111110011001101001011011110110110001100101011010101100010111111001001010110101110111101111100101000110011010010111101100010001011111111101011000001110100
010100111000111000000110110110011110111110110111011110101101110111011001001111011100010011100000111001011100011111111011111000100001001101001101101101110010111001011011
011011110101001011110001110101001101001101001101110101101010010111101010000111110001111111010010111010011000111110111110110011000000101010100110110110100111010101110111
011010111010011001000111011101001111111100110110111111101111011101101111000000100111110100111010000011110101101001111111110111101101111000110111011011001011110111011101
001010011001100010101110111011111110101110110111111111100111110011111111010100100101111111111001110111101101011110100111001111100111100100010101101011111001000000010101
000110111011111011111001101111000101111101110011010001110000101011100111111100111101101000101111110010011111101011010100111100101010111001011110110110110010101101101100
111101011011111011110011111010111011011010010010111010011000001111010111001010000011011111110111111001100110110111101011100010000001110101101111001000011100011100110101
110001000110110110001011011001011011011111100110011000111010111011101010010001010101111101100111100111111011000010111101010111000001100111010101111001011110111011101010
011000001010111111111011011010010010011011010010111000101100011001001101011000010101101011110000110101110101111111110000011110001110101011010110110010110001000111111101
011111101011011001111111111101111110111110000010111000111001100101111100111011011001011000110111111010110011011100110011100111111001111101001111011001000100100110010111
101101011001101001000010001101101111110111000110100101111100101110101111000101001110111101011010000110110000011111011001000001101111011011111010011111000001101101011001
010111111111111010111110010100110001101101000010110011011101000001111001101110101110100011100110111101011000011100011110011111011011001010010100110110000101111111010111
100100010001100011001100101111111001101001100011010110101000100001111111010100001001110111011110111110110001110100111110101010000011110110001001000110101011101111111100
001100100000011011101010010110101111010111011100011111010010010011001010010111110110110001111001101111011111111001100101000100111000111001101111101010000101110001101100
110111111011000110100001101100001101011111001010001111101010101110001111011100110011110011111111101101101011010101001011011001110111100010001101110001011110111011101110
011101111110011111100101111010101011111101111011110100100111111100111111111011011111100011000001000111001011010101110100001000000100111110101010101010111111011000010111
011011110010111101111011111101111011100110001100110111101111110110000000000100100101111101110110111101101011110010001111101010110100010011110011100110001011101101011001
100101100011111011101101010011101010111001010101001011111011011101110111110111001101011010000110011110010101101011010111110100001101100110101010001110011101110000001100
111101000101001010100010111110000010010010011111010010011110100101001101001110100000111011101011111000100101000111101110111001011111111000001001101101111100010011000110
000111011001111001111101010000000011000000110111110110110110010101100011111000111110001101111110101111110100111111110011110000111100101011111000100011101101000101111011
101000110011100101111100111110011011011100011011110000011111000100110101010111111110010010011000110111001110001111001101100001111011100100000111101011011111010110100001
001000001101101011111011000010010101110011100111110011000100001010010011111111111100100111011001000110011101111100111110010011100001110000101101001111000111000011000010
101101101010110001111001010100111001010010011111100001011011001010011111111111011011111111011101011001111110111011110111101110011110000011111111110101111100110010001111
001010111100011011101011110111001111001110000111100011001111101111101001011111110001101011111110111001110100110000111011101001010110111101110010101011010111011010010110
011111011011100101100011111110111010111110110111011101111010011010111011110110101001101110100101110001101101001010111110010010001100001100110101111101101111101100011000
111110010010110011010001101100011110111100111110111101101001111001011111110001000011101110011011001001100000101111010000110111011110010000100011000010101001100110111000
001010000000010010111011011011110110011011001101011001110110011011100001010001101111011010100100010010110011011110001010001110011000101000101011110101111000110011010000
