01010011011101111111111010010011101110000111001001101011010100100011001111101010100111000111100010001100000110100110110001101101100001110000011100010110000001110111101100110000011001001110000111101101
10011110111100011101111011110011001001110110100000011001011101001011010110011001000000010111111110100110101010001100101111100010011011101010110001010001110001001111111110111011101011010101010100111110
00011011111111001001100010011100110011000011001100011110001110000001001111111111000011001111100111110110100000110111011111101001010110101001011100011001010110011011101111110011000011100111110111111101
11101011111111010100000111100110001010110101011110010111010101010011111010010001011010100011101110011100110010011010110010000111001100001110010110001001111011100111000011011110100100010001111110100000
01110101111111100100101011011010011001010010010000110110011110100001101011111110000011111100000110011101010000111011001111100110000100110101010110101010011110111011110110101001111101110111111011111011
01001000011001001101001000001001100010001100101010100111011110001100110011101001111010101000110000010101101111111110110110110000100010001111100111001100010010101000010011111111111111011001011111010001
11110001111010111111000000100000010101000000010111101100011000111101000010111101100000100001100011110010001101011010011111100001010101111011111101011110000110111000111101110000011101110111001010011011
10111010101000000011000100011101100001101011110010010000111111001001111100010001110110101000010111011010001110100100100111001001100110000001000010111100101100000101010011101010001011010100110111110101
01111011010011111101011110100101101010101101001001111000111001000000011011100111001110100011101000011100110111111001000110111010010100010100111010010011110110010110010000111110111110110101000010011110
11111110101111001000111111110101110001001101010001011111100111110100100111010100110010011000001111011101010111011101100000011100010010010111011000011100001010101101011110001100101010010110111011110110
11111111010010110110101110010111100001110001110010111100101101110001010111100101001111111011011110011111110111111010100011110010010001111100110101011101100000011111101100111010010111101110100011110110
11111000010000111101111110100110100100100101000110001001011101111100111011100101001100011101101010100110011001111011010001110001111111100000110101110101101111101111111101111001110101101010010101000001
00111010111001111101101101111111110111110101010011110101100011101101011000011011100010001101101100001001101100101111011110010001111001010000010111101101100010001011010101001100010011010111111110010110
10111100110010011100101111110100001011110111000011011110001100101101001000000000110011010001001100101010101010111001010010110101101110001100011110100110011011111000001110101101000001011001011001111111
10001010101110000011010110011011110011000100111111101010111111111100111101010110000110111001000100110000110011010001111111000001000111011010010011110111001100100111101101011000100001100111011001110001
11010010101111000011000000111001110101000101101111010000011100101001110011101101011001000111100011001101111110111011110011110000100111000111011001010011111110101101010111111010110100011000101111111110
11100110110111000110011100101000100010101000011011111100111100111111111100000100111001011101111011110101100110100100101001110011010110111000101101101100110101010011011101111110011100101000110111110101
11011110101111001011111111001110111111111111111000010101011101100001111111001101010010000111111010011000111111100110111111011000011011110111000110000100110100100010110101011110101011101100001011101001
10000011001000111101110111110011011101001011111110111000001000110110011110011100100001101111010001110000011010011110001101101110100100011100111111110100111110010110011111110101000111010111011101000101
11100111100110110110101101010011000100110101100111110100011011011110010001100000011111110100011101111011111011000000000011110111100111100100110001100100011100001000101110010001110111011100111101100101
11101000011111000111011000011100001011001101010111100100110000111011110001100111111111010111101001110011010101000100000101010111000111101101001111110100011010010010010101000110111111111100110110000010
11000000110100101110100010001010111111101111011010101001111111111101100001100111101000110101110001111000101100111011001011011100001001100010001100110110111011011001011111110111111011100001010110110000
11001100111111001101100101100000111010111110101101111111011110100010011001011011110010000010100011011101010101001101000001100010010111011111110010111100000111010011010100010001101010100100001100101111
00010001111111101111001010001100111110110011111100011111000110001111110111011001100100011011111111111011111011001111001111011010111101000011001000101100110111011110011111100111100011110001111011111011
11111000111101100110010101100011011100011000000000001110101101111110101000110100111110011010100100000110001000001111101111000010000101100000000111001010100010101111101011100100010010100001110111111101
01011000010011000111001010101101111100011010010000100111111100010010110011100111100010101000100111111011111111000010001111010111001010101111100110111010100110011001110111111010101100110101011111011011
01010010110111011010001011011011000011101110101001000001100111111111100110111101011101100000011100011100010010000101000000010010100101001100000010101011110110111011010010101100111100111101011000010011
11101001011011110011100000101011110111000001100010110001100111011110101101011110111001101111010101000010011010010010001111011010011111010010100010100100111111011010101111000101111100001001111111100110
00101101000010111100110101110010011011101001111111011001100101101111111111001000111000011011101000001111011100111000110100001000100101111101111101011110001011111100010101001111010000101010011000011101
00110001111111000100100101000010111011000010101111111010000101010010110011000100111001111111010011011010011100110000111101101111001101000110011101100011000001010101100101011100100010100111010010000110
11011000001110100111010010111101010100101101110010001100100011011111111110101001100110110001110101000010110101111000001110011110011100100011111011111010000011111011110110100100101011101100110010111100
11000101111010110011000011110010001000010011100101111000001111111000100001101101101101101110100010001010101111101110111101110100100111111110100111011010111011101111101110100001100100101011100011010110
10100101111110111100011101010100010100111010100010010101100101101101011001111001000100110111001110111010111100110111101111101011111001011111111110001100010111100101110000100000011001011100101000010100
00101010010010110110011111011110101110100011100001010111100010101111000110101111100011011101101100101111010001100110000001100101111011110011000000101101111010111010101010101111101001011110011111111110
11011000100001000110111111001101010011011111111110011101101111010010000111111111000101010111001010010010010101001110000010110101101000011101011001111100100100000111001111111011010000000011001000110101
10000010000110010111010111010010110001111011100111101111111011011111010101001101111011110001101110111011110111101001100011011010101111111100011110101001011100101111100111001001111010001001011000100011
10110100100011101100111100111100011001011101000110010011001111000110111110011100101110101010001100100101010111010101000111101111101111111100100111110100011000110110111001110100001110011110000011111111
01101011011011110110110000111100001110110101111110111110011111000000101110101000110000011001101011101110111010101010110110010011110010101011000101111111100001101111000011011011011111111100101000110100
01010001101111001101011100101010110101010011110110000101001000000011100010011111000010101100101001111110011111101100010110011111000001111101111101101011100100000111111101101101110001101100110110010010
01011000001011000101001111000001101111100001011110011100000010111111110000110010011111011010111010101111100110110010110011001111011011110000101111111011101001010110101100110110001110110001011001111100
00000101110000001110111011101010101110000110001101011111111100010100111111001011101111111000100110100101001011001111110110101011110011101101010111010110111001000111011011101110110111100010001100101011
11010100110111110101111000100010001011001011111111101111011011110110000111110110101001011101101000100111101111110110011101000111100101100001000110111010101101011110100111011010001111000011111110001111
11101001000001000110011101100101111100101100111000111111101110011111011010100111001101011111011111100100000000011001101000010110110001011111010111100111111001101111111010011101011010100110000001100111
10110001111111010111110100011011011111110100001001100101111110000111000011110111111111110110011110111010101010101001111001110110101100001111111000110101011111111111000110101100111011011111010111100110
01000101001000110111001100111111111101100110011000111110111001101101010100000011011111111111110011011101110001010101111111011101101100111111010001010011011010001010110100101000011001000100101101110010
00011011011010101110110101001010001001110110101101010111011111100100101111111001111101011111011100010111110110001110111111111111001010011111100010110101111111010111110100010011101110111111010100100011
10110100100000111110011100101100001001011111110001011010010100101101101110011101110000111110000110010100011011001011011111110101101110001111110011011010101110111101100110100001011101111101110010100111
00110010000100110011101100001101001111111100010001000000111011010100010111100011111111100011101011100001010001101101111111100000101111010111000000100111100000011110101101001111110101101101111100110110
00010111001111111011110000011110101111110100000000001100010010100110001000101011011011000111000110011111101000111001111101001011100010101000111010011000000011100001000110001100001001011111001101101101
10000010110011111001101000101101010100001101011100111000101000100011010011001111001011111000001010111011010011001111110011111110000110001101111100111111001111000100111110010111111000111001100001100001
10001110101010101011111001010101000101000111100001010101111011111011110100110110100101000001100110100000111001111100101100111000011110111010110001110011011001101101111000001010100010101100101111101110
01111001111011011111001100011101111011011010111001100100110101110110110110101111001100000000001101100010010110100111011000100101101100100010000101101101011001000111001111001111010111111011001100101111
11100010111101101010011110001111001101011110101011000011101111111011101111010010000001111110100011001011010001010010111010001110110110111001001101100100111111010011110000111000000100111010111011100111
00111110011011001101101111000010111101111111110010110001001010101111011000101011011101000110101101101110101010000110010010100011011010100010111010101101101100111110010100010010111001110001110110111010
10111100010001100000001111000100010111001110111000001001011011011111001001101011010111011010110101001000011011010111000111110011111101101010111010110100001010010100110110101101010001010110111111001101
11010100010110000100011101111000111110101111010000101110001111011011101011011011100010001100010011011000111000001111111101111111000101101010000110111111011011010111110111001011101011000100011101000100
00000001111010101000110011111010111100001011100101111000011010110001010101011010110011111100000110110010000110100010101000100110111111011000101101011001000100100011001110000001010101111100000011111011
11011111100100111101111001000000000101001101111110110010100111011010101010111011111001001000010111100110101010111011100011100101101011000011110001101011110001001001111011011000010110101101001100101011
01101111101101111111011011000001001111101111110101101111100001011111110111110101010011001010010101001010111101011100100111111000100101110010010011001111111111011000010000010111011100100101011111010000
11111101011101111100011111111101101011001011011000011001010010010110010100111101110010101010001011010000000010111100011110010110110010110111100111001010101111011000110110100011010011111110001100101000
00101101010010100001011100110011011111010111010110101111110100100000011011011001011101100110011001110101001111001001110001110010100111110010011010101101010110101100001101010110011110101101111110100111
01010001111110100101010010111111101111000100110100111011011000010111101110011110101111001110101000101010010001010110100111000001100001111100011101010011010001011000111101010100001111011010001010101010
10001010011111111110111010101001110000010100111011111100100010001001000101001110001000111100010111110111101001110111001000010010000110000111101000101111100111101111011111100001000001110101011111000110
00010010011100101011110011110111001100011110000100111011111101000010111100010110101011111010110101101001110110010110010010110111010111110110100110001010101100010010100101001001010101001011111111011110
01000111000111111001110110111011110100010010101000101111011000100000000000110110010011001011101010000101010000011110110001010111101111110011111110110011010111011100011001111110101111000000111001011101
00000110010111101011010110111010110110011111111110010110001101000000101100000011100110011010011101111100111111001100010101000111001110010001010010110010010001101110001101001001010111101100110111100111
11010000000000001011101111111110011110110111000011111111011101010000100110100101001101001111010010111011011001000111101111101100100010110101101000111111111111100010011100111110000011100000000011010011
11111011001011011100110100101010110100110011101001101111101001100000101010100011011110001110101110011111001111011111100011000011000101110101100110100001111111010110111100010011000110101110101010100100
00011101010100111100110111111111000011111000011000111001011001010111010010010111101110100000101100010111011010111110011111111111100001001110000001111111110001111110100011010111011001111111111110110001
01010101101110111111101101001110100110011010100101110100101110010000100111111011010011101101000010111101010110000111000111000000110110110011101110000101110110101110101100011011101011111000001001111001
10111001100111101110001010011010100011001010011010001111010011010101000110111001010010100010111110010001010001011000111011111011111001110001100010010111001100111001011010010001100001011110001111011110
11100001011000101110000100111010011111001100111100111000101101110110011000110001000010111101111001110101010010111110011011101111010100110110001101101100111001010110011000011010111110010100000011101001
11111110111100010110000101101110011011101111011101011001011011000011111000010100010111111111101010110000001011010111101101100111101111000101111010111000000100100000010011111100110101111111110111100101
10101100111100110101111101011101101100001101010101001011101010100000010000101010101101001110111111011000001011110101000110011110011000011110110111110101110100110011111001010010111011000111010111011011
10101110101100010001110011100011111001010111010110110110011100001011011101011011011110110100111011101001111010111100001101111101100110100000010011011111111101101111110000011010111110010101111111110010
01111011010010100010001110110000101010110101011000101001111111011000111110101001001000100111001110100111100100111000001000110011011010110111101010111001001000110000011110000110101101101111001101010111
11101110000010010110001100111011111111101000011011010111110111100000011001110000000000100101110101001110110100110010011101001110110110011100110100110111101111101100111000000111110011100110110001011010
00101010111100111110110011110101011110100111001001110000001101111010100010000011010111001011011101110010101101101011110101100100100011000001001001101010000100111010111000110010001000101110000100000101
10101000100010100000111001010000011000111111100111111111110001111101110001100100111011010101000011110100001110010110101010001001010011111010010111111111001101110000101001010101101110100010110100111000
01110111101110010100111101100011111100101011111111010111011110000111111100110100110011011111001010110010001010100101000011111101000001111011011111001100100100010111011100100011111011100110111001011001
10000111010011001010111111011111010111001101011100100001110101010100100001000011000110100011100100101001101111010110101001101101101011100101101111010000010001110110001101010101101001001101011011011011
00010101010001011101101010111100000101010001111110000110111110001001011010100111000000011100101010100010001111101101100100110110100001111001001000111100110011011001011100111111110111011101001000011001
00010100101100011001110010111101000110011111110111010100010011110011100001110010000111100001010110011101011110011001100010110110111010101101010101111101111010000010100100000100110011111110001111001011
10000001101100100001100110100011101010011011110100110110000011000111100011100100101010010100101011011010111101100000111110111010101000111110101111111011101100010001001011110111001111100011010001110010
10111101111011100101101011000010010110111001100111000011101101011101111110100111101101010101101111011001011111101110100010010101110011010001111101000001100110010001011110101101101001011100100101000011
10101000001001011011100000110101011100011111110111101110111011011010010011000111001010111110101101111100100000010011111001010110100011000101010101011101101000001100101111011100000100010110011010110110
00011111101000100011010001110111100110101001101101001000100110110000111110111000101001011011110111001011001110101101100110110110111011011000111111001011110010011111011011000111011010110101101010011101
01001000011101101001110110001110111101011111111001001010100000110100000110100011010111100111111000010001011011111010000011011011011101101100101111101110100111100100111011010000010011010100000010110010
00101101011110101010000111011101010011111110111001001011111101111111010111000101010001100101010010001111011001110100111110001001111100110110101111110101010110111111011111001101001100011010111010101011
11101000000110011111110000010101111000100111111010001101100011100011010111111011010111011000111111010011010010101110001111000000101011011011111011100101010100101001101111101000101110010011101101101101
11110000101000010110101110011101101010010011111110001110001111011111001011010101100001110001000011100001010100100001011100110100100110010000110100100101101010110100110111100101011101111000101001000110
11110010101111111110110100011110111101000110110110100000000000001010010110011111101010111010111011101101111110010111111010011111010111011110001001111010111001101011000011010110111011101011000000001111
11110110100110011100111111001011010101111100100100101110000001011001101111101000110111110101010111001111110011101010110011000001110001111110111001010000001111000100111101010011110100011000101111011101
01000101001000001111010100110110000000010011110000000011011010110110001101101100001000111101101000010010000110011011111111011000011001011001101001000001011000001110011111101000100100011011101110011111
01010000111111001101100100101000111111110111010101010100000111001101101111110101010111010101010011011110100110101010010001110010101010010000110011011111011101011110001111111100001010011011010001110110
01111001011011100001000111110010110110001011011010110110111000110101101001011100101011100100100000101001000111100111000101010010001010011101010000100111101110101111111111001111001000100110011011101111
11111011011100011100001101000101101101011011101111101001110100101011011011110011011110101111101000110100011110000001100010101001100101110100100010111001101010000111100011101101111111110100100111110101
00100011010000011011111101010110000001100010100100011111011110110100000101101110000111100111101000110111001110110111101100110110110101111110010110100000100101111101110000001101001100000101010111100000
01100010000101101011110101000000110111111111000101110100110011110110010110110111110001000011000111001110100111111111110101110110111001110100110011001001101111111110110001110111110011101001001100100011
00111111111000101111111101100100101100100001111011000001100110100111111111000111001111010100011011001101011110011011110001111001000110110010010000011010111001000001011101101000001011010011101111001110
10011001111011010101011101101101110101110001100011001111001001010111010001101000101111101001101100110011111111001110001001010101001011111101100010110111011101011111101110101010000011111101000001000100
11111100111100011000001010101000010011111110111010000100010010101101110100011010001001001001101011110010110100011110100110000000001110011101000100111000111110101011000101111000111001000010001001011011
01100011001101000001100111011111111101110101010011011100111001100011100000011101010100101100111001101101011011110101000001101100001001110000110000110110111000101101101011100001011110011001101110101111
00001100011010011001101101001000010110011100110111001000000010111011111100110000101010111111100101011010011111111111111001001011010111001111010011101100110000101111010101100110101011101001001110001001
01110100101011111101010101000011100101010101110010100101011000110100000000111100100101000001101000101100010100011011101001100010110101110011100010100111101011100001101100101110110001110100000011001000
00011000111100110111101101111110111111100000111101111011001001011110111100101000001110011111100010011111101010111011101010100100001100011101100001001101101011011010110100010001010111010111011100101001
01000111000111010111010111011101100001101101001010100111011010100111100011100111111110111001000011011011010111010011111001101100000110100110100000011010111000011111111111100011100101001111000010101000
10000111111010011100111001001111101110110100010000010000101010010101010000011110111110100011011111111101101011100101010110111011010100100110100001001011011110110111010011001011011011010110111111101111
11010101111001111111000101110001000111111101011001010110110110010101110111100011111010110101111111111011011101101111101010101111010010100100111111111000110001000100110001000110000011100111011001100010
00000110111100100101101101000011011110101100101101101010001011100111001011000100110110011000100100101011001110000111100110010111100001110010101110001111100111111111110111011001010110111110011101100010
10101101101111011100010000001111110101110101000110110000110100100000100101111101010110111110101101100011010110000011111100001101110100101101010101110101000110101001001100011100010101100110111011100001
00111110111101110010010000011110100010010110100010101010011101111001101111111010101001011001010001110111111000000000111110010110100111001110001101011111001101010010110010010001100111100111101001001101
01011110111111010010011110001011001101101011011111100001011110001101101100110100011010110100111000111101110010000011011001101011001101110111000011111001001001000110010001001101111010101100001101111101
11100101010010001110101110100001111010101100110101110111001101111111110111100011110010101101000101101111000111000001101111111111101000011101011111111011011010001110111001011111010111010011110111111011
10111110001110010110010111010001111001011100011001011111110001111011110110001110100011010101111101111101111011101000110011100111011010110101101101011010101110101100110000101010010101110011010010110001
00101000110111110000011110100000100110001011101111010011010010100011010011000101011001100011010111110011111111101100011111101011010010010101011111010100000110110110011001101101101110101010101111100010
11010101011000111100000010001101100101011011110111101001111011001011001010000110111111101001110011110101111011110110001101011010110110011000110001010110001011111000101010100101110110011001111011011000
10110110000111110100000000001101000001111101111111011101000110011100101100001100000101001011111000110001001100111011001110111010111011111010001010011011100101100111111001010101111110111011101110110011
01101010000010101110010111010111100000000111111110111001100100100010101110111010100101001111010001001001111010111101110101010011111011011110001100111111110101011000000100110011011011100010110001001001
01101111100010100110100111011111100011101100111110100011001101000110110011101100010100101110010101100100000101110101111000100110110100100011100011110001111111100111010011111101010011011101010101100101
01111111101011110101010111010010101111111000111101001110011101010011111101000011001110111101110010000100010111010111010001010100010100010010101111100101101111011110100011111111111111110101100000100111
11101011001100111111111111010101110110010101111111000011011011001111111110101101100001010100111100111011101000001111101010001011110000101100010100111111111001011000101010000000011111101110000100001110
11101110101101011011001000000101111010001001011101110111111010010010101110110101111100100010001011110010111110001111010100000111110101000111011111111010010001110001000110000111000001111010011110111000
00000100111111011101110101110011001101100011111001100011001110111000101001110001011111110011011101111000000101010100111010001010010111010011111001100110000100101001111000111000001111100101100100000101
10100001110000000110010100011110100110111000110011101001001000000010101101101011100100011001010010010011001110101101110001010110001101110111011010101100111011011111000111110001010011111111100100101001
10011000010001000011110001000111011010110111111001011001110100011110100111101101111011100011000001101010011011110110000110101001100001011010111100011101111101100110100111110001100011100000111001111011
01011000101000001011101111110110100111111111010011001111100110111101101111011000011101110001001101100001100111011111111101111001011100111101011110010011111011100100000011110100011011110101010100101010
10110011000111101001100001000100111011111100111010010111010001011101101110110011100010011001100010011001000111101111001001100110001101001101101011100100100101001010100100000111010110100100110011010000
10000101000111010011000100101001111111001111101110011010111111001010111010101100111111101110101011100000100001110100111101100100010101111000110000111000110010110110101011010011110110010111011110110101
01100010111110001100001100010010110001011010000000101110100100010000011101011010001010111001110001100001100110100011111111110010101111111110010111011110111011010101101011011010100001100011111110101111
01010000000111000100010101010110111110010001111100110110110000001100001011010000101100111100011100101110010000001110011000001011010100110100011110001101100110011111101101000101111111000010011011000101
00111011100101111011101110111111000110000101101101111011101010111101010110101000000000011011000011010101111100111000100110111011111011100110011111100000011111000100000011110100000000101101010110100110
01100101010101111101101001010001010111011000011111101100110110111110010010111110101011100111001100011101001010010011111000010000010100100111111011011110110010010110110100001100111100101101011100111000
11000010001110110101111110111101110110111110000100000011111011011001101010000111110011110101110011101011100001011000011000111101110100001111101011111110110111100111100010001111111000101111001111011000
11101010001100001101110011001011010111111100100010111111001111011011011100110011111100011000100011111010101111101010010101001010111110010110111101111011010111100100101101100010110010110111000110011011
10001010111010101110001000011001111110110010110100101000101111011111011101011011010110101111111111111110110001001111111010011110111000101010011000100011011010000111100011110110010100110111111100111111
01110110001001101010101001101001101111101011111011101011100001000000100001001011011100110101110101001101010000110100111001000111110001010101101101111000010011111110111000001000110001011011011010111001
00011100111001010111101001101101101110101011111101000000000101110011100111011000101101011001100111101101011110111111001001101011011111101001000100111111011001011111100100100011111010110101111100100000
01010110010000110100011101010111110001000011111100110111011110111000110101010011000100001101100001010001101101011000011110111100010111110001101001101010011010001111111100100111101100011110111111101001
00101111010000010100101101001010111001101111111101001000010100101111011010010101111011000100010100001101110000101111000100111011000011001110101001111101011111010011110101011110011100011011011011011010
01000110101100001011001001011011100010110001011011100110110100111011011011011000100110111110111010101010111111000010100110010101100011101011001111010111000111111100010001011100100010010100110000010010
11111010111111110011001000001110101100101011101011100110011011001100000011101011001011100110101101110011000010100101100001111110111110110000001101001011011100011100110111001100111010110110110000101110
10100010110001011010110100001110101100110001000011001110100011101010010110010101110110111101110000000000000011010111011010111111001111111011110000110010010010111110111100101100010110101001110101111011
10111110001111001110110011001101100111111110000001011001100101011001010101001011101111111010000001000100000011110111001011100110011100101100110000110001111110001000001111100111110101010011111001101010
00011101100011100110101011110011100110011110011010000111001110011101011011110011100100111100001011101001100011001101010110101011011111000000100001001010111001111001100100101000111111100010011011101000
01000110001110111011100010001111001011111010101000111000111101000000100101100111101111111101111000100001010110111111100110110001010111101011110010000000001010110010111100010111011011000010101111111101
00001001000111101011111101110110011111110111010101111111010010101111100111011110011100011111000111001111100010101100001111111001100101111111001100001010110011011010110111011110111110010110101010011110
11100011111100110010111001001011001011011101111011100011100001001110101011111010111101001001101010011110001010111111111101100110110011101101101100000101011011010000100010110110100100011100100111111100
00111111011010001000001111101011111101110100001011010101111110110010100110110111011101110001001010110101011111011110011001101100111011101111010010100011011010111110111001111101011010111101110101110000
10000111011111101111111100011000111011001011010101011111001010100010111101101011011001011110001100001011110001110001101011011101011011000101100000010010101110100110110111001010111011010110111100011001
10001010100001110000010011101111000001111110101101100001011101111110101000101110000100110001001100011010101101010110111001110010010011110110111010101100100111110010000011110011011000001001101011111011
01110000101110110000000000100100010101110011110101110101111011101011111001111010001111101110011110101000110101111100011111000110001000110101110100011000001111000110001110011101110100110111010100101111
01010001101110011110010111110001011001111110011100001100011100110011110101101001011111110011000111110111111011000010011111001111111011000000000110100110000010101100111001111100001110100100100000011110
01111100100001011111110100110001110110001011110000111001011011001111110101100000111000101101011000011111001110000100001101101110110111111111011110111000001111110011111000111110101000011101100100111001
00011001010101110011110000011001010110011111111001111111001100010011001100111010001101000011111110111110111100011110100111001110010100010111010111011101010111000000001110101101101111010101100010100001
00101011100100111111001101110000101100100101011001001100101110111011011011101111000110011100101101101100000101110011011110010101001101100001110100000111011010000001110010111101111011000100110011001111
00111110110111010010111111111011110000000001111011001011001110101011010000001000011010111010100110100100110101100111100110001010111111111011101101111111111101010011001001010011010101000000100110111001
11010000000101001000011100011111100001011111010011111001011101101111100100101010110000010001101001111000110011011000111111101111010101101101100010110011011010111011001110111110010001101101101111111000
10011110010101110100000010101011110111000011001010100100100010100110111011111110100000011111000101100111100101100011110100110110100001101000101011001110110001011010000001110110000111100011011011111111
10101010101001001010111101111110010010010101011100001111001101011001101101010111110110101010001001101000011101010001101011101000111010001101111011111010010011100110101111100101110011101111011001110110
01101110011111010001010111111011010101000111101100100100011111101100111000101100010001101101011101101111011001100110101011011001001000001110111110101000100001100100001010010100000000110111001101111111
11010001111100110010000110001101101111111111011101110111000010101101110100101001100001111010111111101011001111001111010110001110111111111110111000001101100000011011111100010010110100011110011110010101
11111000101110101110101110110011011111111111110100011101100000110111110101100101101000101001011110101101011101011101010110001101101011011111001001101111010011110100101010111111010111101010010111101111
11111001011110111000011011100111101101101011011010111001110000100000001001100001010110101101000111011111101101100000010100111000011001010111000010000000010111000100101011101110110011111010100011111101
11101010001100100101000011010111110110110110111101101011010101010001110001101110001001010110100111101010111011010110110011010101111011111111011011111100110100010111001011001111101110101101010111100111
01001111110110011110111101101010100010101010110001101111011101101011001111111101010010111010110101110001011111011111010100010000000010001011111001101100110100000100000111111000000110110101001100111111
11100010011101101011010110010001011010111010000101110000110011101111011101011111110111111100111100011010101000100101110001010000111000101010001101001001111011011111100101000110011101010100111001011110
11101010011111111111111101011111001100110101111111010111100111110111010000010001111011001110111100011101111001100000001000101101001010100111011111100101001001010100011000100001111111010001000100000001
01111101010001010011010111110011011101001111001011010011110100100000101010010000000111111111011110001010001101010000100111101110110101010000010100110111001101011011110000010011110001011110011001010101
00110111000110111110110111011100001111101100000100010001010011111100100011000010100101111111111110110111001111001101010110001110111100110001110100101110100010110001111000011010100011110111111101000010
11101111101101011010010111100011111010111001101000001010000100101010000010000101010110000110011010111111101000000011101110011110000100110110001110011010111101110011010100001101001001100010110000010000
11110110101100111111011001000100001011010110010001001100011011001011111111100110110101010001101000100100010001110100011110011110110100010001100001111011110111101110010011001101111111110100000010000001
01011101111111111100000001101100011101101111100110111011010000011110010110100000010011001100011111011100100101101111000110010000010011001001111010101101111101000011110001110010011101011100010001110010
00010100110011001110110110111110010010111011000111010010001011001010100010011010111111101011001111100001100010101101110110100011001111010011111101111001111101111011101000110000110001110011010011010000
01110101101000011100110101001000011001011100010101110101001110001011110101111101010100100001100100101001101110000110001010100001110001110111000101110110010011100111101011001001000101000101100110010100
01101100000101000011011100011001011101100010011101010011101100110101111000001011110110101010100111100010011101011101111110101101101001000110000101001011001110010010100110110010100111000010001010000111
01011100110100110101111101110111010100101001010101100101000000001000011111111011111010000101110010100101101000011001110010000100111011101110110110110101011100010101100111010101010101111110000001001001
10001110101110011001110010111000101101101011101101010110111110010100100111101001011000110011100010100110110101101110111111001011101011111101011111101111000111010111001110011100100010111010111001001001
11001111110000001100111001110010110111010111111011000101001011001000110101110111100110101111001111010111000100001001011011010010001011000111010011101110111100000000101100111000000011111011110101011010
00011110101100011011100001110001000011011100011100011000111011011101000110110010010101001110110011000010011001110111110011010001101010010011001110110001101010100110111100011011100011111000000001101011
01100101111010000111111110000110000111011111010000110001010111001111010101101011011100110101001010111011010111011101111111011111101000100100111011101100101100110011110101010001011100101011001001010110
11101111001111100111110100000010110001101101101110010111100101111110111011011001111110010011000010111101111110110110001111111110011000001000000111000100001111110011001111111111101100111001111111011111
00101010101100101100111111101111000001111010011101111100111110100111110010011111001100100011000110101001100011111011011011111111010111110100011010001001100001111011110001110100111111000010110100000101
01011111110011010011100101100000110011010001011011011110100101100000111110100000011011111110111010011010110101000110110110101010100000111111110100111101011000001101011111011100111101000110111010000010
10000100001101011101100000111011110111100001011111111000110111010101111010010100111010001011111000101011001001001001110101101000000111001011001000011010010001010111100010001000111111000000110000111011
11101011111010100111101001100110110011100011111110100011111110100101101111111101111011110000000111001000111111111000000111011011100111110110110000111101111101011100111011011010100000010000011001111111
10101010011110100010000000001101011010001111010010011010000101010001101011011111001101001101011100010100011111110111011001101000111001111011010111100101000000111111000011100101111010110000101001110100
01111110100011100010010111110101001100010101011111010100011010110000100011110000110100100101011001111011011010010110110110011010110111111101001100001011011001111000110101000110001011000000111001111110
00111001011010011001100110010011100001100100101101101110000010011101100010101011000010101110110010010010000100110101111010011101010000010110111101111110111111000001001001100010011001111011000100101010
01111101010111101011110111111110010100110101011100001111001010111100100011101011100101001000001101000000010111100110101100100111111110011111111110001101000100110110101011101100011001111101000111011111
00011110010011110111001101111000111101011100100110111011011111111001111000110001111001101110110100110111010111111001110000100100111011011111000111100110000001111100011011000001010011010111000000101011
11110101000110011011111011010000010000101101110110110111011110110100101011110110001010000100110011110011010101001101010101111010110111110110001001011101010011001110110101000010001001100000110001100100
10111111111010011100110111010111010010100101001000101110101011110111101111100000101001111000110111010011101100100111110000100001111101101011000011110010001111100111100000010111000001010000010001000010
10101101011101111111000111010001010010010011100011101011101000111110011111111001101110000110101111011100100111111101101100000101001001000011001111011010000101111011101011001100111111000111010110110000
11111001011001111101011110010010011111011011111111111100110111000101110110100010000101011100001111100010011111101111010110101110110110011110011111011011011011111011110000001000000100001111101101001010
01101111111011111000010111101011111011110000100100000100101000011010111001111011110101110000111010000100000000001110110000100101100011111001101001111110110011111101011010101110001011001111010001000001
11101010100001010100001111001010010010011100000010110110110101011000011101001011111000101101110100010111111100011100101001101110010011111011011111110111110111101011011000000000111101001101111000100001
11100001111011011011001010011111111011010111001110111011000010111101001010010100000001100111111110011010000100011000000111010000111100010000010001110001100100111111111010000011000011100111010100000010
01001010111011010000101101110101010110101111111100111100110011110110001001111000101111011011011100110110000111000101010011000110010100110001111100100011100100111010111001001001001111011101111010100101
10101111000101101111001111101000001110001110011011011010110010001110110111010101111010101101110110100111010100111110011110011100111000111010001001000111011110101111110110010001110101101100011000011010
