011111111111111111101111111011101111111111111011111101011111111011111011011101111010110111101110110111011111111011101111111111100111111111111111111111111010111111111101111111111
101101111111111110110111111111111101111111111111111101010110010111110001110111111101011110110111100111101111111111111011111111111111110001111001011111111110111001101101111110111
110111111111111111101001111011111110110100101111111101011110111111101111111111110111111110111011111101111101111101010111111011111101110110111111111011010111111110101101101011111
111011001111101111110111111111011100111011011111111101111110001111111111111111101110101111111001111011111011110111101101110011111111111100111111111111111111110111111101110111111
101101110101110111111001111011111111101110111110111111110110111001101111111101111111111110111011101111011111111111011100111111111111110111111111110111111101101110011111111011111
111110111110011111111111111011111111101111001111111011111011111111111111111111111111111111110111101101111111111110111110100110111110111111111110110011101111110001111111111011110
111011001011111111111110011111101111011101111111111011101101111110111111111111111110111111111101011110110111111111001110111111111111111111111111111101111111111100110111111111111
111011001011111111001011111111101111101011111111100111101111011011001011111111111110010101111111111111111100100011111111001110111011111101101101111100111111111111011010101111011
111101110111110100111100101101011111111111110111110111111101101111011111011110010011101111111111110111110111111011111111111111101011111101011111111101110111011111101110001110111
111111001001011001101111111011010101111011111111111011001001111111011100110010110111111011110101100110111111010110110011111110111101011110110110111111111011111111111011110101111
111101111001011111111111111111111000011111111111100111111110110111111111111111111111111111111101011111111001111111111111110111011110111110111111110011101111110110111111011111011
111110111110001110111111111111011011110101101011111101110111111111110111011111101110011111111111101110111110011111111111011110110111011101111001111111111111111111111101011111011
111110111000011001101110111011111111111111110011111111111111011111111011111010110111101111111111111110110111111111010110111111111111111110111011111111111110100001111110111111111
111011111110101111011100111111111111111111111111111111111011111001111010111101111111111011111011111111111111111110101111111110111111111001111011011111011011111111110111111111110
111101110111110111001110100101111101101111111111111111111011101011111111110001100111110111111011111011011111101111110111011111110111101110111111111011101111101111111111111111101
111111111011011011111110110111011110111110111111111010111111111111011111111011111111111110111111011110111101110111111111111111101110111101110111111111111111101111111111111111111
111111110011011101011111111101111111111111011110110010110111111111111111111010111111110101111111111111111111111101111111110001110110010011011111111111011011111001110111111110111
101111110110111110111111111111111111111111110111111111011111000101111111111111111110111101111111111111111101110111111100111111111101100111111111101111011111111111111001011111101
111111101111100101010011101111111111110111101011111100101111011111111011111011101011111011110111100111101111100110101111111011011111111110101111101111111111111011110101101111111
010111101011010111101111111111011111101011011011111111111111011101111111111011111111101111111111111001011111111111110011111011111111111101101110111111111111100111001110111111110
101011111111111111010101111111110011111011011111011111111111101001111111111111011101111111111111110111011110011111111111111111111111111111011101111110110111111101110111111111111
110101101111111111011001010111111111111111001010111111111011101011111011111111111111111111011011010111111111111111111110101010111011111111111111111010110111110011110111111110110
110101110111101111110001111101111111111001011111111111011100110010111101111111010101111111101111111111111001101111101111111111111111111111111011111111101111101111001111111001111
111111010111000011111110111111111101111101111111111111100110101100011111111001011111111101111110101010111111111110111111111111111111111101010111011110111101111110110111111111100
111111011111111111111011011011011111110111111111011111011111111111111111110011010110111110111111010111000010011011111110111011111101111111101111011111110111111110111011011111011
111111110111110111011111101111011111011101101111111111111111111001111111111111111110111101011111111111011111111101111111100101111000101110111011011111111111111111110110111111111
111111111111110011111011110110111111011111111111111101111111110100111011111111111111111111010101111110111101111111110110111111111111101111101110111100101111111001011111111101111
010100111011011111111111011011011111111110111111111110010111110111111111001101111011101111101111111101111111111001111111111111011111110111110111111111011011111011111111111111111
111111110111110101111101111101111110111111101101111110111111110111111011111111011111101111101111111011111110101101110101101111101110111111111111111111110111111111111101101111110
111111111111111111111111110110101011111110111111111110111111111111101111111101101101111110111011111111111011111111111111111111111111111101100111111111111111110111111111111101111
111011110010111011101111001011001111101011111010111011111111110111101111110111010101111101010111111101101111111111111101111111111011101111110111111111111111110111111101101111001
011111001111111111111111111110001111111111111111111111011011110111011111111111100111100011111111110011111100110010111111110111111110111111110111101111111101011011111111001111110
111111111011111111110111111111110011110011111111111111111111101111011111111011011111111111100111111111110110101101111111111110111111111110011111111111111111110011111111110101111
111111111100111111110111111110110011011110111111110111111111001110111111111111111111110101111111101111110101011110110111111111111111110111111111111111100110111111111111101001111
101011111001110111111110111111111101110101111111111101111111111111111111111110111111111111011111111111111110111011111110111111111011111010111110111110111111111111111111101011111
110011111101111011111111111101111110110100111111111101111011111111100111111111111011001111011111101110101101100111111111110111110111011111110111111111111010100111110101111110111
111111011101111111111111100111111011011111110101111110110101111110011101010111101111111111111111111111101100101111111011111111111111111111110110111111111111111111111111111111011
111100101111110111101111111111011111101111111111111111111110100011111110111111011111111111111111101111011001101111111111010010011101111111111110111101110111111111110111111010010
110111111110111111011111011111110100110101101011101110111111111111110111111111111111111111110111110111110111101110100011111011101011111011111111111101111111001101111010101011001
111011101011111111100101111111010111111011100111101111111111111110111111110101111100111101111111111111101110111111111110111111111111111111111111101111111111011110111111111111111
110111011110111111111100101111111100110101101111111010101111111111111111111111011001111011111011011111110111001111111110111111110001111111111111111111011111111111101111111011101
110101111111111011111111111010111010111110111001111111101101111101111111011111011111111011011111111101111111111111111111111111101101101111100111111111110110010111111111111111011
111010111111111101100001111111111111111111011111111111101110111111101111110111111111111011111111110111011111111111110111111111101110111111111111111101001111101011111111011111111
110110111110111111011011101101111111110001101101101111111110111111111100001001011111111111111111101111001011111101111111111111011111111010101110111011111111011101111011011111111
111111110111011110111111111111111111011011110111111001101111111111111111111111111111111111111111101111111111111111001101101111111111111101110111111111111111110111111111101110111
011111111110011111001011111111011111110110111011101111111111111111101110110111110111111111111111110101111101111110111011111101101101111101111101111100111110101011101101111111111
111111111111111111111111111101111111011110101100011110111111111101110110011111110100101111110110101000111111011111111011111111111111111101111011111011101111111111111010101111111
111101111111111101111011111111011111111111111100101111011011011111100111111001110111111111111110111010111111111111101111111111111111111011111111111111111111011111111111111111010
111111111111111111110111011111111111111111111101011111101111111110110101111111110110111111111011111111111011110111110101101111111111101111110111111111111110111111111111111011000
111111101101111111111111111111111111110011101010100111111111110011111110111111100011111101111111101010111101111101111100110111111101100111111011101111111101111111101011111111110
111111100101111101111111111111111011111111111111100111111011101111111111111111111010111011011111111111111111101111111011011111011001111110101001011111111111101110111111100111011
111110011011111001111111111111011111111101110111111011101111101111111111111111111111111011101111111111101011110011011111111111111001111111111101111111110101111111101101110111111
000011111110111111011111110111111100111111110111111101111011111111111111010111111111111111111111110111111111111111111111111110000111111111111111101111101111101111100111001100100
111111111111111001011111111000111111010101111101111110111111110101011111111111111111111111111111111111111111110100111111110111111111111101111111111001111101111111111110110111111
000111111011111110111101011011101111111111111110111111011111111111110111111101010011111111101110101111111111011111011111011111111111111111111110111111110111111100111110111011111
111111001011111111011110111111111111111100010111011011100111111111101001111010111101110111111111010101111111111111111101110110001101100111111111111011110111001111111111101111111
101101111110111101111110111011111111011111111111111111100111111111111111111101111110110011111011111011111111111111111011011101011110101111010110111111011111111110111111011111111
111110111011100111111011111111101110111111111110110101111011011011111111101111101101111111101110111111111111111011111111010111010111111111111111111001011111111111111111111111110
111111010011111111111101111111111111011110111111111111111101101001101111101110111111111100111111111011111111110011011011111011101111111111011110101011101011111101011111110011111
100001111101111111111100111111111111101111001111111111111110101111011111111111111011111011111111111101011110111111111101111011011101111111111110111011111011111101111111101111111
101011101111011110001111111111111011111111111110111111111011000111101111111111110111101101111111111011111111111110111111110111111110111011101111110100111111011001110111101111111
111011110111110110110010111111110011101111111111110011111100000111110111110111011111111101111001111110110111111010111011111111111111111111111111111110101101111110111111111110111
101111111101111110111101110001001111101111111111101110111111000101110111111010100111111110111111111111101111111111111001011111111011111111011111001011110111101100111110010110111
011101101111100111110001101111111111101111111111101111111001111011001111111111111111111110011111111110110110111111111111100011111111101111111011111111111011111111111111111111110
111101111111101110100110100111111111111110111101111110111101110101101111111101110011000111111111111111111111001011111011111111111101101101111111101111011111101111011100111011111
111111011111111111111100110111111011011011111111011111111111111110101011101101111111110101101111111111111111111011011111011111110001101111111111011111111111011110111111111111111
111111100011111011111110111111100111011111111111111110111110111011011111111111100011100110010110111111111101111110111111101011100101111101111111111101111111101011111011111110001
110101101111111111111111111110011110111111011010111111101101011000101111110111101111111111111111011111011111101111110101101111101001110111111111101111101111111111110111111111101
101111111110111111111111111111111110110111111100011111011111100111110011110111110111110111011111111111011111111111111111110001100001111111111111010111111011111111111111011101111
001111101111001111011011110101111111111111111111111111101111111110110011111110101110111111100101111101011011111101111111111101111000110111111111001111110111111111101111111101011
101111111011111111111101111111111111011111101111011111101111111111111101110111110111111000111111111110111111111110111111101111101111111000111111111111111111101111101110111010111
111111111011101111111111111111111111101111101001101111111111111111111110111010111101111001111111111101111111111111111111010111111010001111011100111111111011011111111111111111111
011111110110111111111111111011111111011110101101111101111111111111111111010111111011111111111111111110111110111111101111111111111011111111111000101011111111111111111011111111111
111111111111111111111111111011111111111111101111111111111001111110111111101011110100111111111111111101011111111111101111111111111001111110001111111111110011100100111100110111011
101111111011110111111111011111011111011011011011111101111111101111100101010111111111111111111111101111111111111111111111111111111111111111111111110110101111001111111111111111111
111111111011010001001110011111110111111111101110111111101111110111111110101001101111111110100011110111110111111111111001111111111111111111001111111111111111101111111111111111110
011101111111100111111110111010111111111011101110111111010111111100111111111001111111111111111011010111111111011110001110111101111111110110101111111010111101111111101011111111111
111111110011011101111111111111111101111111111111111111101101110111111010111110111111011111111101111111111010111111111111111110111001111111110111011111111111111111101011111101111
111111110111111111110100011101010111101100101111111111011111101111111111111111011010111111010101111011111110111101101111111111001110111111010101111011011111111101011111111111100
111011111110110111011111111110101111011111111111101111111011110111001011111011101111110011111111110111001010111111111110010111111110111111011111111101111011101111111111111010111
110111110011010111111101011111001111111111111000001111011111010101010101101111110110110011111101111111111111111110111111101111111111001011111111101101111111001111100110111111111
011111110111111111011111111011111110111101111111100111011110111101011111011111011011101110011111111110111011110111100111101011111111010110111111111111110111110111111111111111110
101111111111111111110101111110011111111001111101111111101011111111111110101111111101111111111111101111011111101001110100110110110001101001110100011111111111111111111111111111111
011011001110111110111111001111111111111011111101010111110111111111111011101111010110010111111111101001001001101111110111011111001101110111111011101111111111111011110111110110110
101111101110111111111111111111111110111111111111111111111111111101111111111110111110011101101111110111101011111110101111111111111101111111101110011011111111111101101111011111111
111011110111011111101111111001101110111111111101111111111111011101011111111111111011101111111001111011110111101111111111101111101011111111111101111011111111011011110111101111111
011111101111110101111111111111101011111111111111111111100111111100010111111111100110110111111111010101111111111111111110111011111111111111011110110111101111111111111111111011111
111111111011101111011111111111101111111100011111110011110110111111111100111111100111111011111111100111011111111001110101111111110111111111111010110110111110111010111010111111111
111111101111111100111110101111011011111011111111101111111101001110111100111111111111011101101111111111110111111101110111111111111111001110111111110110111111111111111101111111110
100101111111111011111111011110111111111111111111111111111101110011011101111011111011111110010101100111111111111111111110101111111111111111111111111111111111011101111010110100111
111111111111111111111011100111011100111110111111110111111111111011010111111111011011111110011111101111001010101001111101010011111111111111111111001111101110110111111111010111111
011111111111111111111101111001110111111111111111111011011011111110111011111011111111011101101111111011101111110101111111111101101111111111111111111010111111011011111111111101111
101110111011111111011111110111010111110111111101111111111111111111011011111011011111111110110101111110111110110011111111111011101101111111111111111111111011111111101110101111110
110001111111100111111011111110111111111101111111011111110111101111111111111001111111101111111011111111111111111111111011011111111101110111111111110101110111111101011111111111111
111011011001111111111111110111111111111111111111111111111111101111111011111110010111101110110101111111011101110111111110111111111101111111111111111011101010111001111101011110111
011111111111111111111110111111111111111111111100111111011011111111011111111111111111111111111110111110111011111101110111110101111011111101111111011111101010111111110111111010101
111111011101111011111011011111111111111101111111111111101111111111101111111101111111110111111111011111111111111111111011111111011111110111111001011111111111001111011111001110110
101100111010111111011110111111111010101111100101101111011111111111111111110111111100111010011111100100101100111100111111101111110111110110111111111111111111101101111101110111011
001111110011111111010011011111101111110111011011111101101111111111111111111001101111010010111111100111111000111111111111001111111111101111111111101011101110111111110100110101111
111011111111110111101110111101101111111111111100101111110101011111111111111111011110101111101111111001111111011011111111010000111011011111111111111110100111111011111110110111011
110110111111111111101111111011011111111110111001111111101110111111111010101111111110110111111111101000011111111111111111101111101111100110111111111111111101011111110110111111111
111111011010011011111110110111111110111111111100101111111111101011111101011111111011111111110110101100111111011111111111111111111101111111111111101111111110100110011110111010111
011101111111110111100111001111111111101111001111111111111110111111100011101111101100111011011101111101001011111111111101101110110110111111111011111010111011101111111111111111111
101111111111111111011111011111011110011011101111111011111111110111111111111111101110011111001111101111001101110111111101111111011111111111111111111101011111110101111101111101110
111111010111011111111111011111110011110101111111111111111111101011111111111011111111101101111111111111110111111111110111111101111101111111111110111111111110011011111111100111011
111011111101111111111101011110111111101111101111011011111111111111111011111110101010011111011110110111011011110101101111111111110111111111011001001110110010110101111101010111111
110111101101111010111101110111101010001111111011101111111111111111011111111111111110111111111101100111101101110111001101111111111110101110111000111111101111010111111110100111001
111111101110111111110111011101100101011011111111111111111110111011111111011110001111111111010111100111111110110111111111011111011100100100111111111111111101101011111111101111101
111111111010111111110111011111111011111101111101111111011111111101111111111101111111111111111111111010111111011111101111111111110111111111111111111111111011111111111111110011111
111111101111110111011101111101110110000101111111110111111111111101101111111111111100101111011111111111111111100011001011111111111111011111110111111110111111010001111111111011011
111011101011111010011111111111101110111111111111011010111101111111111111111111111011111111100101111111101000100110111110011111011111111101101111110011110100111011011111111111111
011111100111111111111111011011101101111111111111111011111001101100111111111111111101111011010111111011111111101011110111111010111111111101110111111101111110111111111101110000111
110111111111111101111111101001110111111111101111101110111111111111111011111111011101111001001110101111111011111101011011011111111110111111010011111001110010110111111110110101111
111110111011101111011110111111101011110111111011111110111111001111011101111101110111011111111111101111111111110110101010111111111111111111111101111011100111111101001110011111111
110101011111011111111111111111111111111111110111111011011101111110111111111101111111111111111111111111111101101101011111011111100111110111110101110111110011110101111111011111111
011011011111101111011101111111111111110111110110111111111111111111111111001101011011011111111111111111111001001110101100111111101111110101110010111111110111111111111011010111111
110111111011010111101111110101111011110111011111011111111111111111101111111111111000111001111110111111110111111011110111111011111111110011111111111111101101111111111111111011001
101111111011111111101111111111111111010111111001110111110101100101111111111011111111111111111011011111111111101100111011111111111110111001111111111111101111110111110111011001111
111001111111111110111111111101011111111111110111001111101110110111101111111011111101111011011111111111001101111111101101100111101111110111111111111111111111101011011111111101111
111100011111011110111011010111111101111001111111101111111111111111111111111101101101110110111101111111111111110110101110110111110111111111111111111110111111010111111100011101111
111111101110110111111111111111111111101111111111110111010011110110111110111111101110111111011011110011111110110101011111011111111111111111111111111111001111111011001111111111011
111110101111111111111011101101111111111111110111011111111111111011001101111111110011101110111111100101011111111111111101101110111111111101111001111111111111101110111111111111101
111010111101111101111111101111101110101111111111101110101011011011110110111111101101111111011110111011111111111111111100110110101010011111111111111111111111001111111111111111111
110011111111111101001011011111111111100111111111111111111100111011010111111111111011110111010111111011111111111011110111111011110111110111111111011100111111101111111110110111111
111111111111111101111111101111111111111111111011111111110111111111110011111101111111111111101110111011110111111111111111111101011111101111101101111011111111111111010110111111011
111110101010101111111011111111110111101111111111111101101111111111111111111110111101111111111111111011011111111011111111100110111111101111111111011001011111111111111111111111110
111111111101111111011111111011111111101111101111110101100010111111111111111111011110111111111111011111101110110111111111111101011110111011111111011111111111000110111011111111111
011111110111111011111111111101111111110110011011111101101101111111000101111111011110101111100111111101111111111111001101110111101111011111101101001110101000111001101011111101111
011111111110110101111111111111111110111101111111111101111011111110010111111111111101111011111111101111011011011111011110111011110111101100011011111111111111000111111111111111101
111111100111111111111011101111011101110101111111110011111111110110100010001110111101101111111110111011111111111111111111110111111011110111110011111010111110111101100011101111111
110111111011111110111111001111111111101100111011100011101110111100000011101110111100011111110001111110110110111111111111111111111101111101111111100111111110011111111011101111111
111110111101111001111111101101101111111111011111111111110111011111111010111111001111111111111111111111011100111101111011110111011110111111111111111111101111011111100111011100101
111111111010111101111111111111111110111111111111111111111111111111111110111111110011111101111111111011111111101111111111110111101111011011011111111111111111111111011111111001110
111111111111110110111111100111011111111110111111001111100111111000111110111111110101111101111111110101111100111111111111111100110111101011111111111111111000111110110111111011101
100101111111111100111111111011111011111111111111101111101111111111101011111101111010111111111011001101111110111111000101111011111011110010011111111101011111011111111111101111111
101111111111101101111111111111111101110111101110111111111111011111111101111111110101111111111111111111111111111111110011111111011111000011101111111111111011111110111010111111111
101011100110101011101110111110111111111111110001111110111111111101011101111111111101111111111110111111111110110011101011101111110101111101111111111111111110111101111101111111110
110011111001010111011111101111110101111111101111110111111111111111111101101101111011111101111111101101111100111111111111111111110111110110111111001111111100111111100111111101011
111111110111111101110110111111110111111111111111111111110101110111111110101011001111110111111111111111111011111101111111111111110111010111001101111110101110111011111011111111110
111111101111111111001111010110111111111110101111110111111111011111111111101001111111011111111111111111111111110111111111111101101111111011001011111010110111111101111111111111111
111111111011111011111110111010001110011110110111011111110111111111111111111110011101111111111111111111111111101001001111111111111011111111110101011111011111111111111111101111111
101111111110001111111101101111111111111111111101100111111111111011111111011111111110111011111111011111011001111101101111101111110011111111101011011011010111001111110111111011110
101111101110111111110111111111111111111111111011110011111111111111111110011111011101101111111111011111111001111110011111101101101111111111010101101111111111111111111111111110111
111110111011111111101111110111111101001111101111111111010100111111111110011111111101010011111111111111110101111111101111111111111111111111111110110101111111011111110111010111011
101111111111101111111110001111111111111111111111110111111111110110110011111110111101011111011110011111111011111111111111111010001111111110110011011111001111110111111001100101010
111111111111111110011111111111101111111011111111101101111101110101101011011111110110111111011111110110111011111111111111111111101101111110111101101111011111110111101101111111111
111100111101111111111111111111111111111111111111111111111111011111110111110111111111110001111011111111111111110111011111111111111101111111111110110111111111011111111110001111111
110110111101110111111011111111111111111111101101111110101000110111111111011101011111001111101101110111011111110100111111111100111011111111101011111011111110110111111111111111111
111111000111111111111111110111111111100111011011111110111011011111011111111111100111111111111011111111101111111001111111111010111111110111111110111101111011111110101101001111111
111111101111111111110010110111111101111111111011111111111111001111111111110101111111111001101111111011011011101111111110111011101011111111001111111110011111111110111111111110100
110111111111101100111111111011111111111101011111111111110011111101111111111111011111111111111111111111101111111111111111011110111111110111110011001110011111111101110111111111011
111110111101110111111101110111111011111111011101111101111101101111101111110111111111110111011100110011111101111110110011011111101110111111011111011111101111111111001111111111011
110111110111111111110011011101111011101110111111111011001111110111111011101111111011111111111011111011111011110100001111111111111111111111101011111111110110101011111111110011111
011111111011101101111111111011111110111111111111111111111100111011110110101111101111111111110100111111011011011101011111111111101111101011111111111101111001110111101111101110111
111101111111111111111110111111101111111111111111101010111111101111111111111101111111111111111111111101111110110111110111111111101111101110111111111111111000111111111011011111111
001111111111011111111111111111111010111110111011011111111111111111111111111111111111111011011100110110110011110001111111111111101001101100011111111011110100110101111011111011111
111111110111111111111111111111101111110010101110111111101111011110111110110111110111101110101111011101110101101111111110110111010100110111111010110111111111011100111111011101111
111101111111010011101101111111111110110111011011110101101111110101011101100011100111111111111111001110011110111111111101100011010111111111111011111111110111101101111101111011111
111010111101011111101011111110010110111110110111111111111111111111111111101111111011111111011111111110101001101101011010111111010111111111111111001011111010110111111110111110111
101110111111011101011011110011100111111111011011111111111111011111011111111111111110101011101101111011110110100111111101011111101111111111011111111111110111111011110111111111110
101110011111011101110111110111111111110111101111111111011100010111111111101111011111011110111001101111101011101110011111111111101011111101101111111111011110001101111111111111110
110101011101111111111110011111111111111011111111110111010111100110111111101111111111111011111111111110111111111111111111101111011111101011111111111100111111011110111111111110111
111101101111111111101101110111111111111111111111111111111101111101111111111111011111111111111011011110111111110110111101011101111111011111111111111111101111111111011111011101010
100111110111111111101101111111111111111101111011101001111111111111111001111100110111011111110111111111111111111110111111011111101010111110111111101101101011111111101011001111011
111111011111101101010010101111111110101111111111111101111111011111101111111111110110101111111110110101111111111111111011111101111010101110111010111111011111111011110111111111101
111111101011111110111111011111111111110111101101101111111111111111011111011100111111111010111111111111111111111111101111111111001001111011011111011111111100111111101010111101110
000011111110111110011111111101011110111111111011111011111111111101111111101111111111111101111101100111101011111011111110111111111111111101111111001101111111101111111101111111111
111111100111011111101111101111111111110111111101111110011111110101111101101111110111111010110111110000111101111100111110111001111111111011111111110111111111110111111010011110111
111111110100111110111111011111101111111111001111111101110111110111110111111111111111011111011101011111111011111110001010111111111110111111111110110101111101011111001110011011111
110111100111111111011111111101001001110111110101110101101110011111111111111111111111101111110111011111110100111111111111111111111001110111110111010101111011111111101111101101110
111011111011111111111111111111110111111111111111110010111101110111111111101111111110111110011111100011110001011001101111111011111111111111111110011111110111111111111111110111111
110100111111111111111101111111111001100101111111011111011101111101111101111111101111110111111110111110111111001011110011111111111111001111111011111111110110101111111111011011101
111111111011111111111101110110110011111111111111111101111111111111110011111110111111111110101111110111101111111001111000111111101110011110111111011111111111011111011011101101111
101111110111111101111011111111111110101111110111111101111111100111011101111111101110111110111100011110111111111011111111111111111110111111111101111110111011110110111110111110011
111111101100111111111111011111011111000110111110010111111111111111011011101111111111111111111111101011110101101111110111011101111111111110111110011111001111111111001111111110011
111111111111110110111110111111011111110101111111011101111111111111001111111111011111111111111110111111111100111111110111101111110110101111111111111110111111111111110111111011101
111110111111101111101010111101101111101111111110001101111011111011111111111011011010111101110111011111101111111111111111111110111111011101011011011110111111111001011011101111110
