000000011100011001110110000111000101110110000010100101100100101011010100001111000110001110010000010110000011000001010
001111010101000010001110010001110100111100101111111010111100100010111100010011111011101110001100000111101000000011000
010001111110111111000000010100111001010000001000010011101100001001000111110011101110010001111010100111111101100010001
010010111011000110100100011001110011011111000011010000111000110000011010100001100010111110111000111001111000111110101
010100010011111101001101000010010100111111111101101101001100011010111101011111011110011001001000000111101101111111100
011000100011100110101011010010010000011110100011011010001101010011001110111000000001100010011111000010101000110001010
001101010010011000011010111011000101110000110001100111110100101010001110001111111110110000101000101110100010001100111
111110100111111000101101010011010100001101111000101110000101010011001001111010011111001111010011111010111111110100011
101100000000001011010100111010001010010101101101011100100110011100011111111100100111101100000101111110111100011010011
111000010011101111110010000111000010001011011101101100101000001111101110100100001010111011101111111000111101001011101
001111110101000001001001011110100011100000011011011100110110111110010111110101100110100111110000100011110110110110100
010111010110011001000111101001100111101100101110110011010011101011110110110010001111010111010101110110011100111101101
001011010100010000110010100111000001101011111000000010011011001111000001101101000011011101001000110101111011001110001
101010110001100111110001011110000000101111011101001000001101001011000011001011100010000010011110110111100000001101001
101010111101000111001111001101010100001011101000000101111011001111100001111111110010000000110111111100110000000100100
001111000100011001100110101010101101101010111010111111011101000101111001101110011110100111111110111111011000010111111
011101001100011001001100001010001010101011011101000010101111001011001011110011011111111001101100001011010010000101011
101010001111011110011000100111010100010101101010000100111111111000110101100011010111100010001010000111101101110010101
100101010100110100010011010110101101011011100000111101111110100110011010111011100100000010000111010111011100100110010
100000101100110001101111000111001111011101001101100111010110100111111101000010001011001110111000000111001100000100011
010011110010001011010101000110101111110000100001001110111101010010110111101100110111101100010001111111011100011010110
110110011001001110011001001101111010110110100101100011100111011001110000101000110010000100110100100001001101110101110
110001100101101100110000110000010010000110010101001000110011110111000111001010111000101100010111110010101110110000010
000011010011011000111100110000011111001000110100101110001011101001111000110100110100110101110110101110011111110101000
000000101001100101000011011000000100111111111111000010100000110011101101001110010001001010100000111101000101111110100
011101111010010000100011101001101011000110011100011001111110000110011010110010101010100000011010011010011011001011010
000100101011011110000100110101100011111111001101011111101001100001011101110100110000111111110110110101001100011000100
101000000110111001111100001010011010000110110101011110110010111101110010011001110111110110000011010001110101010010010
100011111110110111111000000100100011000100000101011011010000111111011001100101000000011000011101100011101100001101011
110100110101101001010100011000000101100011001000001001111110100001010010110111110101100001110110101100010111011101010
011100000011000100101100011010011110101001100000110101111010111111011111101000100011100110000011001010110111000000010
011111010000001001000111000100100101111111101100101000101111001111011101011011101111111000101010011111100100111111000
001000001000000110111101010100100100101110000111001000010100001001100001000010101101000101100011001010111011100101001
110010110001001101111001100001111011111110001111001000010010001000010001001010110100110010111010000010011010111111111
000100001111000010011111011110100101100100110101110101100001100011111010010100011111110101110010101100101011010111100
101100100011100100111001011011010110001000100011100100010010010110011111011101010111001111000011001111001100011101101
110010100011110110001100101001111110011010000010011010011110001001101101101100101111111011011100000001001000010110001
111111101000000001111100101000010100101100011110101100010001010101100001110110000010101101001110101111001101001111101
010111010101111110110001101000111101110001101001100001101001110110010001010011110101100100111101001000010001110001001
110111011001010001010110111110011110010001111010011100111101000011110110100111010111010011101000001011010010101101100
100111000100111110100110111101011100100000011001011111111110010000101010100111001111110111001001100110110101101001101
000110011100111011110000101001110000001100011110010111001100101011001011100101111011000000111101111011001101111100110
010011111001101101101101100100110011001100000110101110110010111100110111101101001111111100100111101000110010011101110
000010110110110110000011110100000010010111000100110100010100001110011101001110100110101100010111101111101010111011000
011010011111111111010000111001010100011111000111101100000001000000010110010001010101101100011110001111110100111011011
010010001101010010010111111110011110010001111000000011111001100010001101111000000011111110001010101000100100001001111
110101000011000101000000100000001101110101101001001101010011110101101010111101011011111111101101111111110101110001011
010111101110010010011110101110001111001010001010100110111011000111100111000001111100100101000000111110110100001100010
110010110101000100110101000000110011011000111001011001001111110011010100011111001011001111011111111101001111111100001
011101001011000100100000011110100010100111010000100011001110000001000011101011100100110110001110000001101010100100011
010011011110010100101011011111011100110110101010100011000011000111100001010111110001110001110000111100110110000101011
100010111110001101111001001100100011010111111011000010100001011000110011101001100111101000111111011010101010011000100
011001110001100110011101101110000000100011100101011100001100010000001110100110100110010110100110010001101110110101110
101010100001001100110100011011100010001011000110111000011110001101001111101011100101101011100001111001001001001011011
111100101110001011101110111101110010001110100101000100001101011100001110101100001111001111111010110110000111110100011
010100100011101101111010010111101101110110110111000001000100011010000110010110010111011010111100011000110000000000100
011111000100111111101001011001110000101111000101110011100101111000111000101000100101000011111110011101001111111111001
111011111010010111111100010001011000100111010000110011111010110100011001001101101001000101011100000111000010101000000
000000001011101011110111010101110101100010100011111001000101000101111111010110000011100110001010001000110100110111001
000001010001111111001111001000010010011100001111101100101010111001110001100000110001111010101010000111110011101010001
110100100011000001110011101111100010001001100110100000001101000011001011111101100000001001010100110101011110101010011
000111011010000001001110100110100001011010100010100110111101001001011001010101111011001101100100010110101000101111010
101010101111111011000101000110111100100001110000000101111001010110011011000001111101100001001111110101000100011111101
000000001110101100110010010110110001011000110011001001100110001011111110001000110001011111000110000011000111110011100
110011110111111010111010110010110011001101010101101000010000101101001111010011110000100010100101001011100010101100110
101001010101111110010111101111111010110101000011111001000011110110001010100001101000010111101110100010000011011010100
010010000101001101011101100100001010110110100011001100001011000100011111001000011101001011101111111101001100101001111
110110001011000101111101011111110111001100111000100100001111011100101101101101101111010000010110101010111100100011011
010111111100000110110001111010110011100011010110000011101110111111110001111110001111000000111111101010001110111010101
111011101111000001011010101000110001100100111101100011110010000110110001110110111110010001101111101010000010100110010
001101101111010010101010010101100011000111101011010111110010101111100000110110001110110000111011100001110101101101011
001010011010111111011010101010111101111001110101011101000111111010111100010100101110100101110110011101110000001011111
001101011111101111101101011011100000110111100110010111101001100001011110001000110011010011101111011111010010100110101
011011011011001010100001011101010011011000001110101000010010110010001111000110110111011110000011111110101100001111010
100011111000111100101110100100110101100000110110110101101100100100111000100111001000100100110010011101010011110000010
100010101110101100001001101011000011110111110010101010110110110000011111011001111111110101001011110010100001010010110
111010110001011111110010110001011100011110010000111011010010000010001110011001000101111101110001000001000100100010111
111110100010111011100000000111010001001111101011111101000100111011010000001110100001111010100111100011101110011000101
011100101010011000101111011101111100101001010001011111001101111111010101110101011001001101000101000010111101011000011
010010110000001111001111101101000111001101001011001000010001011110100100110100100011111101010111000110001000010000011
011010110101000110010010010000011010100011100011100000100100011001111111001100100101011110110001000011111011011101111
101010111011000111101001000101011111101110111001010111111000001000111111010110001001011010100001011101100101111010010
111110111111111111011100010100110011110111110110100110110010010000011111110100010000100011111000001011100010101100111
010001011001100011011000100101111011101111101110101101111111011100111000110111111100111011011001011011100010101001100
010101101110000111001011011101110110111010111111011101000011001010000011001111010011000011111010001000011010011011110
001110100101100010000001001110010110100110100110011010010001000101010110110111011101001001000110001110011110111101110
110110011100100010011010101010010001110000111110100101110001110100100000010011111101010101100100001111110110111111101
110100011011100100011111001100101011011010111111110010100110010101000001011110111000001001101010001100111111101001000
110101010111010101110000101100100101100110000110110011111011000111100000110001001111100000110010011000011111110000100
001010010111100110000001001001001011110110000011101001101100111101100101100110110011111100100111111010010110101111001
001100100110001110010101101001011110001101100010001111111001010011101111101011001110101111010111100101010000011011000
101101010011011100011111011011000110101001011000101100111100100000011011001010011011100010101111111101001011101011011
011111100100110111010000010010010100111111001110110100111111001001101110100100000011100100010101111101111101010011011
010001001101011110100111001011000000111001111010110110011100111111111101100001110000011001111010110011001011110010111
001001010100011101100011011101111111010000111100110110101011001101111111111101010000110111110100011110010011100110000
000001011101001000101010000110101001001011110010100101000000001010101110110111111101000001111000101110011001110010101
001100111111111100001111101011000010010011110111101001100000101001111110010101000000000001111101000010001001111010100
100100011101111100101010111100010000000001000011101111111000111000100001111100000101000011011110001100100000001110001
000100111100001110001001110001111011011101111111101101011010000010111101111000000111111111011011010101000001001011001
111010101001111101111001101001010011010010011011101000101101111000100001111000010100011100111011011010011000010010010
111011111011010111111011010010111101010111011011000100100101010111011100110101111011011001000111100100011000110000001
011110000010110111111100101110010001110101011010110011001101101110100011101011001111001000111100001000110101100111110
011111111110111001000010000110111010000010111111011110010011010010010011010101101111001100001000010001001101111101110
001100011111101110101001010101101100001110101011001000010011100000010011101000101000111111101011000111000111010000001
011111011101100101111111011010001111110001010000110111001000110000111000010001111000110110011101100110100101010100000
001010011111000001111111101111110001010011001111101010101010101100111010010011100100011111001000000001111001101110011
100000110010100010000011010001101110000100110000111110101101100111001100101001001011111111010110000000010001111101100
101010010100100001000101110101101010011011000010100001101001000101000010001100101100000110011111101001111110000001011
001111010011000001100111100000011100001111011010110010101111110110111110101010000111011111010111100011100110001111110
000111011011000101001111101101010111101001111010100110101010001101001000001101111100111010101101100110111010001011001
000110101101110000001000111011010101010111111101100101001101111011101011010001101111111101110000111000100110110100100
000110110011111110110101100011011111110101100001111010101010011010000110110000001010011001000010010001101110101011000
011110001110100101101000110100010110110000011000000001001011111101011101110110000100101001111111111101000100110101010
110011000101010110000101010011011111011110111110001011001010011100110011010000001001111101111000001001100011110110111
000110100111001101001100101000000111010111100100000110010000001111101001100111001011111010000101100001100010101001000
100001111000000110111110010111100100000001101111011011100000110010110111011110111110110000011100000101100101100011001
001100111101110111010000000010001101111010001110111001101011101000111011100011111010001001011101011010010101010001010
