010101110011011101011011111110111001010001111011101111111011011111101110010011110111000011101101010011100001111001101010111101100100011011011111110111101101011111110111001111011111011101110110
101100111011110011111110110011101011110111000111101111011111110110000100100111111111111101011011111111001101101110111111101111111111110010111111011100011101101101010111101111111111111000111011
010011111111111101111111011111110110011111111111111111111111110111011111110110101010111001111010111110111111100110110011101111101111110101111110111111111101111100111011111111011000101111110111
110011010111111101111110111011010010010111111011110110101011000011011111011111111100111111111011111111111100110011000111111101111001011111010101110111111101110110001101111100111110111110111111
001101111111111101101111110111011001111111101111011010101111101111111110011101111101111111111011101110111111011101101111010110001111111110111111101111110001010100010011111111101011111110101011
101110101010111001110000111110111110101001101110001111111110011111011111011111011111111111110001001111111101110111011101101101111011110010101111101101111101111110001111011101111011110111110110
111011001101010001110110111111110111001110111110001101011010001111110111101011011111111111111101001100100011101110111100011110111110011111111110100111110000111111111011011111010111011111101101
111110001010111110111011111011101111110111111111001001111010111111101110110101011100101111101000001101010011111110100110111111101101001101011111011111101011111111111011111010110101101000101011
011011110101111111110100011011000100111011111001010011110011101111111111111011101011111111111011111011111111111011111111111111111000010111101011110101111001001111010110001111011111110011111101
001110101001111111111111011010000111111110110110101111111010111111111100011011111001001110011011111111111110111011110110011100111111111101001101001111011101110111111111011110111111111111110111
111111010000110111111110110111111110101011010101011001101110111110011111100111101100101010110111111010101101011111011000110110111011111001110110111111101111111111101011111101011011111001111011
111110101100000111011111011111100101110111110111011101111110101101011101011111101100000111111010110111111111101111101011101011001101111110111011011111111111110111111110111101011000111111101011
011111011110010111110110011101011001110101101111010001001111001001111111111101011111101111101110100101101111110111110111110111111110101111111011111111011111001101001111111111101110101111011101
111111111110100100110110111010111111001111111100101111100110110110001010111111110111111101110111111101001111011101011111111100111110111010110010111010110101111010101101011011001111011001110110
101111011100000111011110110101001110010101111100101111111111110110011010111111111011111111011011101011101011101111111011101011100011101111111010101101111101011101111110110111101110111010111111
101110011111111011111111011101110111101111110111001111100111101111111011111001011101010110000111111101101101110111111111011100111110111101110110011001101100101101111110111111010101001011101111
010000011111101101111110011111001011111101100111110101100011110111111001110100101101111111111011110111011000010111011110110101111111110111111110110111111001110111111011011001010111100111101111
111111101111101110111111000111101101001001111011101111001101011101110111101110111101101111111010111111110101101001011110111000111111011011000110111111011111011101110111011101111011101011111111
011111111110110111011111101111101101111111111111111110111100111110111111111101010001101110110111011101110111111111011111111001111111101011111101111111111111111011101011000100110101011111111011
111101111111111111101111111110110011101111011100111101101001111111101111111111101111111101110110001101001110111010010101110111111011010110011111010111101101111111111101111001110111111100110111
111110010111001111110110111111111111111111110110011000111100100011101110011001101110111101101111010111111010010101111101111111111110000111011111010011111111111000011101100100011111110111011111
011110101111111111111001111111011111110111101010110011101011111011111111100000101111111110001001110111011101101111000111111111001011100101111111111111010111010001110101111111100101011111010111
111110110111111111111001111111111011101101111111011110011101011101111111011101000111111110111101101110101111111111101001011111100011111010100110011011110101110111111101110101101011111110101011
101010010101000101110110111111111011011101111111011101110111111111011111111011111111111100011111111010111010101111101111110110010101111011011110111110101101111010111101111110111010011111111001
110111110010011000111111011111111010110111101111111101111111110110111110110111101111111100110111100111011010111111100111111111101101110011010011100110111101101101010111111110111011111111111111
111111111111111110011111101111110110001111001101111111011111101111111111111111011011111011011111111110100111111110011011001101101111101101001111011111111011111100111011001110110111111010111111
101101111101110110111111110111111101111110111011111010111101001001111111111111011101011011011110001100000111001111100100011111111010111111100100111010110100111111101011111011101011000011011111
101011100011101111111111111011111111011111110101111111110111001111111111010111111111111011111011101111001011011111111110101011101111011111100110001011101101101011111101100110111010011110011101
111111111111010011111111111101111111100110011111111111111101011010111001011101100011010011011011110111011110100101011111111110111111111111111111110110110111101010110101111010011110110101101011
011110111011101111101111111110110011000101011011000101111111101111010110111110110111100100101111110110101111011101110001010111011111011011011101101011110110110011111111011111111010111100111111
111001110011010101111011111111011011011011110111111101111111111111111101110110111110011101111111011111111011111111110011111111101111111101111101111111011010011110001110111111011010100111111100
101111100010110100011111111111101110111011001110100111111101100111100001111111111011101101111110111101111111000100111111011111011010000001101111111110101001110111110100101010111111111011010110
110011010010111011101111101110110101111110111111001110111011111101111101111011111111001111110010111111111111111111110000011100011101011101001101111011010111111011111010100100101111110111111100
001001111111011101101100011110011001101111111111111110111101101111011010111110110110111101110101111111110110111110100101111011111110011111111001111011101111101110111111110101110111110110111110
011101110110011110011111110111110001010111111011101001100100101111111011111001111010110110101010100101011110110101111101110001011011110111001101110011101011001111011101110111101110111101011101
110010110101110111111111001111101110010001111001100000010111111011111011101011101101101011111101110100111101111110011111111001111101111010111011110011011100011011010111110100110100111011001011
010011011111100110111110101010011100001111111011110111111111110111101101101111110110000011011011011011111111101111111111111011101111111111111010011011111111111101110011101110110111011001111110
111110011101101010101101101100111011001010111101110011010101101111111101110111101110011011011111100011110111100110111011111111100111011001101001101100111101111011111011111111110111010111101011
001011101110010111111011011100111100110101110010001001111111010111111111001110011011011100111110011100011110101111111011110111001101000111110110111111111111111111111111111111101111111100111110
011110110101111110111111111111001110101001111111110110111011111111110100111110111110101111110111101111100111011111111111110101111011111111110110010101111000110111111011111111011001100101011110
011110111111010100111100111110111110110000111011111111111111101111110011110101111111111001110100111101111001111110001011101101111110111100010111111110111111111101011110111111110100111110110111
111111011011111111111111110101110111101100010111101111101011111111101111110110001111110011111111111111110011111111110111110011111110101011100001001111000111111011111111111011101100111010001001
101111111101111111101111101100101111111110000111111110111110011110110110110111010011011010111110001111111001110110111101111111110101000010101011111111011101111001110111100011111000111001100111
101100111111011101111011001111101111111111001101011110101111101110111110101101110111010111111111111010110111111110111011001101010111110111111110111110111111111111110111110101101111101111111111
101111111000111001110111111011011111110110010111010111100100111111111111111011111111010110110111101111110101110111010101001011000111011100011010011111011010111111101001100111110001111010101001
011011110111111110111011110110111100010101111011011010111111001110111010011110111111111011100111110110011011010110111111111111111111001101101101101011001101110111111111110111100111111101011111
111111110101100111101111101011111110101111101101101100111100110010101100111101110111001011011101101011110001011011011101001110111111111100111100010100111110001110111110111111111111011101110111
111110011011100111100011111111101111110111111110111010111010011010100010111111100111110111011111100101101100111111111111111111110111111001111110111111011111111111011101110111110011101101110111
111100000100011011110100111110110111110111100011011101111111101111011110110001101111111111000110111111101111101111101111011011111011111010111110101111011011100110100011110111101100011101101011
001110001011100010111111111110100100110110111101101111111110111111111011011111111111010110110111110101111111000111101110010111111111111011111100111011111101111111011111110110111101010100111110
111011110111011101111011111110101110001011110111110111011101111011111111111111111111011111101111111111111100111111111110111001111101111101100100001111110110110101001111011011111101001111111011
111101100101011111110011110111111100100111111010111011111011111111110110001101111010111101011110011111110001101111101101011111011100010010111110111101001111110101101111111011101101111101001100
111111001100011101100110011110011100110111111101011100010011111111111101011100111111101100111110111111011111111111111111001110100011111101001000111111100110011111110011111101011111010111110110
111001111111111111010101110111110010111011001000111100111101111110100111101111111100010000011011101011111110110100111101111101111111101110100101111111110110101111101111110101111111111111111010
101111011111011110111101101111111110101111111111110101011111010011010001110100111101101110001010101111111011111101111001101101111111111101111111110100111111110101111100100111111110011011010110
111001111101001000101011111111111101111110100111111111100110111110011111111111111011011100110110111101111011011001110111011011111111111111111110011110110101111110111010111011001010011110111110
111111110111101001111110111011111100101111110111111101100101011011011111111110111111001101111110110000001101111111111011111111111101011111111101010110111001111011111101101001011001111101001111
011011000011111101101011111111110111111010111110111001111001110100111110001111011111111111111011101111111001110111111110110010111011001111110111011101111111111011011111110101111110111001111111
111111111111111110000101110101101001101111110101110110110001101011101111111011111010111101111101110011111110111100111111011110111011111011010001011111111111110111110100101011110111111110101010
111110001000101111010111111111111101111111010100101111101110111110101100111100111111110101101101111110111111111111101011101110110100111111000011101110100111001111100111011110001011111111101011
011010011111011110111101110001111111110111011010111111010111001110110111011001111111111111110000111111111001101111101111111011111111111111111111110101111111110101101111011111011111011011010001
111001010110011011110111100010101001101101101011011111111101001011011111111100101011101111111010101101101010111111111111001111000111111101110111111011010100110101010010111011111111100110011011
100011111111100101110111011111101111010111111101111111011011110001010100010111101111111111111100111101111111111010101111001010110001011100111001111010001100110111110101111111101101001101001111
111011111111011111110011110101111110111111111100110111010101100011110111011110111011011100111111111010111110011011111001111111111101110111111111111011111110101011111101101101000111111111111011
111111111110011110111101110111110111111111111111111111111011110100100110100100101011111001111011011101111101101101111011111111011111101111111011111011111111111111110111010111111111111100101111
101111111101100111011111011101111111111111001000111110101010011100110111110111011010111100111010101110101011110111111111001111111111111010010011111111101111111011111110111001010111011011100111
100010111100100111111110111110111011111111111111011111000111100111010011100111111000111110010111110111000101011111110111110111111111111011111111100110111101101111111111110011111111111110011011
001111101111101111100111111111101111011110111100111110111100111101100001111110110110111110111011101101100011111100101011110011110111111111111111011111101010011011110111111101001111110101111110
101111011111111110111111111110101111111001011110111010011111010000000111011001011101011111111110101011011111101111011111101100010111010100010100111000011111101111110101010111111100110111111111
111111111111100001111111111101101000111101111010101111011111111111001000111111101111111011011111111101111111111111111110101110110101011111110011011100010111001111111111011011010101011101110111
101111111010111101111111111101000111001011111101111101011110110111101000111110110111111011011111111110001110111111101100111111111001111001111000111101110111110001001110110011111101111111100110
001101101011100111110111011110111011111011001000011011111010110101111000110011111011111111110111111111111011111111111111010101010111110111011111110110010110101000101011111011111111111110110010
011000111010111111110101111001111111110111111011101001111011010011110111011011110111111100011111011111011110111111011111111111010111110011101110011011011101110111101111101001101101111111101010
101111011101111110111011111111111110010111101111111010111011111101011111100000101111111011010111110101111111011011111011001100111111011010010111000111111111111001101011101101111111000111001111
000111101101111101111011011011011111101100011111011111011111110100011110100011110111111101111111111111011111111111111110111010011101000111101111101101111111010011011011101011101011010111111110
011111010011111011110010111111110100111111110111011111111101011111110110000011010111110111111110111011001110111011100101111110010111111011111111111111111110011010110110111111100001011010111110
111101101111011001010001111101111101111101101101011001011110001101110111101100101111011111110111011101101111111111100111101101111001011000111101101110101111110101111111101100011111011111100011
110111111111111100111011111110011011110010111011111101010110101001101101101100101111111111010011011111111110100101110101011011111101101111111111111101111110110110111010001111111101111001010101
111110001111011011011101100111111111110110011111111111111011111110110111111011000111111101011110010011110100011011100111001110101111100111111111111111100111011111110111011101111110011001111010
110111110100111101100001011101111110101110111110011111111111100101111011101100001101011111011111111110111111001100011001110111011111111111011101111111010111010101011011001110111110110111010001
011111111111101111011101111100111011011111001100111111111111111111101101010011010110111001011110111011101111011111010100110111001110111110011111111111011111101111101111101101111111101110111011
110111110011110111011111101101101101110111011111111011101101101000011110111111111010101101110111111101100111011011101011011101011111011011011011011111110011101010111111011111011111101110111111
111001101000111000011111110111111110111111111111111110011111111111010111111111101101001010101111000111101101110110111111011111101101101110111101110101001111111101111111111110111110111111011100
110011101100111111110111111111011001001011111111111010111101111110001111111111110010110111100111111011011001111111101110001101110001110010101111111111101111011111010101111111011111101111111011
011111111010111011111111110101010111000111000101100110100111111011110111111101101101011101011100100111110111110001011100111110111111110011111101110011110111011110101000000110001111111011111110
011111101000011110011111111110100110011011111101111101010111101111111111111111111001101001000111100011110101110101010101101111110111111111101111110111111111101010111010011101011110011111110011
011111111110111011111111111100111101011110100110101110111110111111111111111011111110110111111111111011110111101101111111111111100111111011101110101011110011110101111111111111011101111111011111
010111111101111111111111100001111110001100011001111110111111111101111001101111110101101001111101111100101001111011111011111111101111010010011101100011111111111111101110111101001011101111011101
100111111111101111100110011110001011110101111111111000100100111000111111010111010011001001011101111111110101111111111011111111011101101111111011111111011110110110101111111111010110111001101111
111111111001111011011000011110111101110111010111101100001111111010001111011111111101111110100010111101111110111111111111011111111101111011110110111111110010011101111110111101010110111010101100
101111111011110011111010100101111111001111111100011010011111111111011001001110000111001101010110111111001111100100110011111110000011010101111001111011111111111011111111011111101110110001111001
011111101111011011110011111110111101111111111011010111011110111111111111111111111100101110100111111111111011111111111111111110110111011000101111011111111110011110111011111101101111110111111101
111110111101101011001111011111110011111001110011001111101111011111011110101100111010101110000111110111101111010110100110011110111101101111111111100111101001100011110101011100111101011111111101
100000100010110100111011111001110101011111111111111110011011001100101111111110111111111110111011110111111111110111001011101111111111101111011110110011011111111111111110111110111111011011111111
011110001111111111111001111111111010111101111101111111111100010111111111111111111111011001111101110111111110101111111111101110011011001111011000001111111110111110110111011111101111111100000111
110111101110011110101111110111100101110101011111011001000111000110110111111011010111011110011110111111110111111111011011011011111110111011110101111111010100011111011101111100110111011100110111
011110001111111111000111110111011111010111011111111011111111111101111111011100011101111111111111011001110011100110110010111011101111111111101110101101111100001011011011111000110101111100101101
111100001111010111101101010011111101101011010100111110011011101110100111111111111101001111111111101111110000011001111101010100111111111111111111100111100111111111111111111100101111011110110111
011111111110011101110011011100111100101111111010101111110101111111011111101111011101001111110001110011010111111101101101111110111101111110110111110101000101111011011011111011011110110101101011
011111110101110111111110111111111111001111101101111110110101111011110111111011010110100111111111010011111010111001011111111010100110111111110011111111111110011111110011100111110101001000100110
111111001111001011001111110111101100110101111110101111100111100101101011101101111011111010111111011100010111111101101111111011110111111010111111111101111110011111101011111110111101111011110100
110101011101111111111100100110111110110111101011111111110110111010111101111111101111111011111111111100011101111101011100101101110011100111111011001110111011111111011101110011101110101111111111
101111101111101101101011010001111101110111111011111101110111111111010101010011111110111111011111110100011100101111001110101000111001000110001111111111111110111111011111111111111111011001101111
001111011101000011101101100010111111111011111110011111110111101110001101111001110001111011010111111111100111000100111111101111101010011111011101111111111101110111001110110111111101101010101111
011111001111111110011111100111111011101010100101111011111111111111001111111111011011000101111110000101100111110110111111100111111111111111111101101111100011110011111011110010111101111111101011
011111001111110101110110011011011111111100011001111011001011001110101110111111111110111011101111001011111001000110011100111100111010110111101111110011111011001001101111000111011111001110101110
001010111101111000111011111111111110111101010100110011110011011101011111111111011100101001111111101110011001111111111111110111111111111001111111111111100001111111101111011110111110001100111111
111011111011111101100110011101111001110111111110110110111101101011111101011010011111111110111101101011011110001111111110111110101111101111011100111111111111011001001010110111101000111111111010
111101111101101101110111110010101111111011111001101111101111111011011111101111000011111111110111101111101010011101111111110010111111101111111111111110110111011101111011111111111101111110111110
100111011110110110111010110101101111000111111111001011111111011101110111111110101111110111011101011111001010101100111111111110011011111011110111111101111101111111110111110111101111111111011110
110010111111011001110111111101101101101111010011101110111011111110111111111110111101001111010011011111100011110011010010010111101110111110111011011101111101110111110001011111011001001110011110
011011110011111110101111111111111111111111111101111111101111110011111111101011011011011011111111101011111111110001111111111111100110011011011011011010011110011111111111011011011011011010111111
011101111111101110110111111100101101111111111111111110001101111101101111111110101111000111011111100000101111001001010001001111111111001011100111110011111111111001111011111111011111111011111001
100111001111111111101111101111101010101101001011111110111101110111101111111111101101111111010111011111100011101110111101110110111001111111101111100101110101111111001101111010111001011111110000
111010111101101100001011101101111110111101110101111111111111111111110111011111100111001111111010111010011011110101011011111100010111111111111111101011010110111110111011111111111110001010111111
011001101110111111111000010111111011111101111111001011111110010111101101111001011010111111110011110101011111111111101111111111111100001000011001111111110100111111101101111101110001011011011011
110011101011011111101011010110010011111110110111111111101111111111011111111000010111101111010111011111111111110101110011010111111110011111111011011111000110011011101101110001111011100111100110
010111111100110111111101101110010111100101101111111111010110111001101111101111101011111001011010011111111111110101010011101111111111100101011101011010110101110111101010111110111101111010100010
111110011101111111100101110110110001111111010101111010011111111011111101111010100111001111111111100110111011111100111101101111110111001111101101100111100011110111111111101011111011011010100100
011111001001111100111111110011110111111111111111100111111011111111111001110111110110011111110111011110011010110111111110101111111100000111101111101111110111100111101010011111010110101001101111
111101011011111011111101100110100111111111100101001001101101100110111110101110011000111110110110101111111111110101110111010111110100101111111111110111100010111110111110101011111011011111111110
100110111110110111111111101011111111111101100101111101011110100110110011101101011110101111111001111110000111111101111000100111111110111111111101111111100101110000111011111111011101101111010101
111101111101011101101110111110111101110010111111101111111011111111001110111111100111111111111111101111110101010110110111000111110010110111101011111111110111101101111101101111111010011101011111
111111111110110110011111111011111000011110110111010111101011010111101111110110111111111111111110011001011111011111111111111000101101011110111110011100101111111101000110111101110111111111011110
011010111011101000011111101111110100111001101111110110011111111111110110101101111010111111111111101110011011111111011111111001110111111011000111010111111110101111111010111011111001100011011110
111101011001101010111110111101110111111111111101111101111000110111110011100011011111011111000101100011011010001110011111111010111101111111111111101101111101011111111111001011110111011111011100
111101111110111111111010111110100101110111100111111011111111101101110110010011100011111101011101111111111111101111011111111111011010111011011110011001111111101111111011001101011110001101101101
010101101110110111111001001011011111000111110111111101111111101111111111111111010101110011011111011011101110110011111111111011101101101111111110110110101101001011010101111101111101001111111011
011111111111110111111100111111111111101111000110111101111110100111100010011011111110100111001111111000111111111011011101010101110111011100111110111000011111111111111111111101111111100011111111
111010110101110111101001110111101101111011111111011101111001110111111101111101111110111111011101111110001011101110111111110111011010100110101111011101010111101110101111111111111111100011111011
011011100110111111111110011111110110110111011111110011110110110011111001110100111100111100110111110111011111111110101110011010101100100001011000001111101111011110111111110111110010111100111011
011111010111001011110111110111101011111100111111111011111110111111111111111111110111111111111110111011101011110011100110000111011000111010110111001101111101111111111001100111101111110111110111
011011000111111110100111111010100011100111010011111011110011110111110011100101111011111011001101111111001111111001100100111011110111001111111110101101110111111010111111110011111100111011111111
111111101111010111010011101111101111110110011011111110111011111101111111110110011101111101110001111110011110011101101000011111101001001111001011110111101110101010010111111101001110111101011010
100110110111111101100011011111101101110111001111111011111111111011110110010111011110011011011111111110011011111111111010110111111001110011011101111111101110000111111111011011110101110110010101
001110111101101110011100011110101110101110011110001011111101111110011101001001111010010010101110111101111101101001101111111101011100110011111010011110111111111110011001111101111110000111101110
110111101001111011111011101111000111101101110000110101011111100111110101111101111111111111001111111111111101111111101011111111110101111101111111110111110011101100110100111101001101111110100111
101100111110101111101101111111111110111101010101011010111111110110110111101101110100111011101111110101011111110111101111111011110010111110111111011111011011111111110111011000111010111110011111
011011101011111110100110001110110101111101110111111101111100111110110110101111100011111011111001111111001110111011101011111101011101100111011111000111001011111101101111010011111111101110110101
111110110011111110111101100011100101101110011011110100111110111111111111010111111110100111101111011111011011111100111100110101111011101111100111111111101011100101111011111101111111111110011111
111011111101101010111101010011111111110000111111110110111000101110110011101111111111111110111110110011111111101101111111111101111110111111100111001111111111100011110110111111000101111111111011
111111110110000111111111011111111010001110010111111101111100110100111001111111111011111101011101111010111111110011100111110111111101101011111011101111111010011100111111111110001111111111101110
111011111011111111011111110110010001101110111001100100110101110111110101111101101101011011011100111111100110111111101001101111111101110111111101111110110110111110110100111111111111111111011111
110111011101100000111100110011111111010011100100000001101111111111110101011111111111110110111001011111111110111111111111111011000101011011111110101110101111110011111110111111110011001100010011
101111101010111011100101101011111111011010110101110111100001111111101011001111111011111111101101111110111111110011110011111001011000111010010111011101101101111101110111110101111111011110111101
111100011011110111111111011010111111101110111011010111111110111111011111100101111111110011110101001110110111111110011100111110111100011111010010101111011010110110111111111111111011111101111111
011011010111111101100111011101111100111011111101111111010111011111011110101111111101001011110011100111111011111100111101011101101111101101011111110110111111111110111111111101111100011011111110
111111111111101011110101110010110000011111111011101111111111100001110111011111111111010011011011111111111011111001011011111111010111111111111111111011111110101111111111001111011101010011101111
101110110111110011111111111111111111101011111101111011011011011111110001110110111101111111111111010101111111100110111111111010010010011111111111011101011101111101111100111111111111011101011111
101111111111101111111110010101101111101101101101111111000110110111010010111101111111111111111111111110111111011011111011111011100111111011111100110110111111111111101110111111001011101111011111
101111111011011110111011111111010110111110010010011011111111100111110010011111100101111101111010110111111111111011010111111111110011111110011111101101011011011101010111111110111111101111111111
011111101101111011101110111011101001111110111011111001111110110110101111111101011100111111110111100111110101111111110101001011101101100111001110011111100111001100011111111111101111111101101111
111101011111101111111001110100110111111110111111110100101110101111111000111111001011010110111110100111110101011110000000000111111011011101111101111111100111111010000100111111111011011111111110
111101000111111101111111101111001101111011110111011111110111111111101111111111111011110110110111111110110001111111111101011111111111111100001011101111011011011101011111101111111110111110011011
000000010011100001101100010011101110101011011011101111100111100111011111011111111111111111110110010111101101100110101011101110101110111111111111011101111101111011000111101001111110010111011101
111111011111111011111111110110011110111011110101110100111111100011101110111010111111111100101100011001011111111011000111011101111111100111111001101011111110101110001111111111111101101111011101
011101110111010110111011111111011100111111111101111101111110111111101011110011001110011110101110011001111010011011110111111110101101110111111011111111001011001111111000011101010111111111011111
101111110111011011111111011001111001111111111101011110111110111011010010111111110011101111110111011111111011111111111110110101001011100101100111111011101110000111001001100110101111101111100111
111001111010111101111001111110101111111011111011010011011101000111111101010100101111110101110111111111100111110111111000101111111111110111100110101111111111100111111111101111100111101111111011
111111111111101111010010111000110110101110011111111111110011111010101100100011111011101111010111010111110010111101110111101111101111001111110110111111110101111011001101111111100110110101111111
100101111111010010110011001111111111011101011111110011011111001111111100101101101101110110111111111111111010011101111111100011111111111101001011011101001011111101110010101111011100011110111010
110000111111101111110110101101011011111111111101011111101111111111111110111010111011001101101101111111111111111111011111001111111001001001111001100111100110111110110101110101111110111101111111
101000110111011111110111011111011100111101111110100111111011101111111101110111101110111111111110010110001110111110111111111011101111101011111111111111000000101011011011101110111110001111101011
111010111101001111011111110111011111111111110111010010111110011111111100001111110111011001111111111101101000111110100010111011111011111111011111111110110100101011101011101111110111101111101101
001101110111111110111011011101101110011111001111011101111100100101100111111011011110111111110101111011111111100111111111111011101111101100110101011111010101111100110100111111111101111111001101
110101001101111101011111100111110111001011110111011101101111101111111110100110101111001111101111010001110110010101011010101101011110111011101111111111111111001101001010101010101111011111111100
111011111111101111100000111001101101111111110110111111010101110011110111111111111110011111110110111110111111110110100111110111101110111001111101111101110111001010110101010111111001011111111101
111111110110110011111111111111000111111101111101111111001101101110111101111010111111001010111011111111101110111111111010011001111111111101110100111100110111011101110010010111111000011110111011
011110010011101100011111101110111111111111111111110111111110011101110011111110001011001111010101111111111001110011111110111110011111110110011111111011111111011111111100001111011000111101111111
001111110111111111010111101011100111011111010111111111010101111011111111000100100111011111111111111011111011111111111101010110011110111111111111111011111001100101001011000111111111011111111011
111111111111110111010101111011110000111111000010001110011011111101010101111111111111011111111111111010100010101111110111111111111100011111011111011111111111101110111100100111110111001111000111
111111101111101101101111110101101111111110011111110011100101101110011000010111111111111111111111010110110111111010110101011100111111010110011111111111111101111111111011111011111111110100011101
111010111100111100000101111111110010111111101111111100110011111010101111001101010111101010100110001111111111111111100111111011000111101000101111010111111101011110111111111101111111000111110111
111011101011111111010110001001100110011111111111101111111110111111111111111101101101011111110010001101110101111110111011111111111111111110111011111111011111101111011011111110011001010101111111
010111010100101001110111111101011111111011111111111101100110011010101011111101111010000000111111110111111011110001111110101111011111101101110011111010111111011101111111011110010001011111111111
111101111111000111111001110111110101110110101011011011101110110011101111010011111111011011001101101110111110101111111111111111111110101101110011111110101111100011111011111111101111100111111111
111111001111111001001011101111111010001101110010111111111101111010111011111011111111111100111110011011111111111111101110111010111101110111110110111111111111010011101111110111010111101110011111
110100111100111110111100010010011111111011010110111111100110111111111111110011111111111011111111111111111110110010100101010101111101111110111110101110110111111111111100011110011011011110110011
110111101110111011011011111111111110111000010111000011110111110111110001011010111111110111110111011001100110010110101011101101101111010101110111110011111110111101110100011110011101100101101111
110011111110010111111110111000011100111100011111011111001011111111110111111111001101101100011111110110111100111111011110110111011101001010111111110111111001111000011110011111111110110011001110
011111011111101011011010110011111111001111111101000101001111010110111011100001011111101111110010101011011001110010001101010110001111111011111110010001110101111101011000100100011011011111101001
110111101111011000111111110111011111111011101110110111111111100111111111101111110010111011111111111010101001110111010110101101000011111011011110111110011110100111001111110101100101101111111101
111110110111111101110111110101010011101011111111101101111111101111100111100111101111111111001111110111111111111111110111111101110010110011111111111011111101111011111111111000101100110001011101
101111100101100010111111100111101110011110010111111111011011011110111111111010011111011100011011111001001111111001001000111101110011011111111111110011111111111111111111111111111110110011110110
001111101101101111101111111100111101010011011000001011110011110101101011111110011111111101011100010011011101111111111110110111011101101111111110101101101111111010111111011010111101110100101111
101001101111110111101101101010111011110100110111101111101101101101011110111011110011111110111100001011101001010011011001111111111101110100001110011111111011111101111110111011110011111100011111
111111111111011111110011110011101100111010111011111011010111000111011111101110101101110011111101111111111111100111101111100000111111100110101100111100111000011111110111110011110110110110011111
111101001110111001111101111101111110101110010111011011110100110100111101001101111111111100111101010011000011111111110000111111011111111001111011111011101111101111000111110111111100011101101111
010110111011101111101011111111101111111101011100111101011111011110111000111100101111101111111100101001111111111110110001101111111110110101011110111111111111101111111111110101111011111011110111
101101101100111111011100111101111110101110110111010110111100001011011110011101000110101111011111110111110110111100101011111111101001101111110110111111111011110101011110101111111011011111111010
111111010111011111111110111011010101111110110111111011111111011111111111111110101101111010000111011101111111111100111101101110011111110111011111011111111100111111100001111011111111000111111101
011110111111101111111111111111000011010011111111101000001101111111101100010011011101011110111111111001111010000110110001011000111111101011111011110111110111111101111011111111111110111011111010
