0101111111111111111100101110111111110111111110101011111111011111111101011111111111111111111110111111111111101101111111111101111110111111011111101111111111111110111101111111011111110
1001111101111011111111111101111111111101011011011111101101111110111111111110110111111111111110111011111111101111111111110111111110111111111111110111111111110111111101110110001111111
0000111111111111111111011111111111111111111111111011101111111011111110111101111111110111110111011111111111110111110111110111111011110101111111111111011111011111111111011111111110110
1100111111111111011111111100111111111011111111111111101111101111111110111111111110111111111111101111110001111111100110011111111110111111111111101111111111110111010111111111111111110
1111011111111101011100111110011011111101111111101110111101011000111011111111111010111011111111101111111101111110111011111111111101011111111111111111111110111110111011110110111111111
1111101111111111111111111111111111111111111111111111111111111111110111111111101111110111111111111011001111111101111110011101101111111111111110111111111011111111111111111111111011111
1111110101111111100111111111011111111111111111011111111111111111101111111111111111111110111111111111111101111111111110101111111101111111111111110111111110111111101111110111111111111
1111111011110111111111111111111011111110011111011101111110110111010101111110111111011101111111111111111111111111111110110111110111111111111111011111111111111111111011011101111111111
1011110101111111110101111111101111111111111111100111111011110111101111111110110111110111111011111111111111111111111110111010011111111111111011111111011111111111111111111111111111110
1111111110111110111101111101110111111111111111011111111111111101111111111011111111111111111111011111111111110101111111111110111111111111111111111110111111111111111011011111111101111
1111111111011111111011111111111101110111111111111111001111110011111111111111111111111111110011100111111111111110101110110110011011001111101110111111111101111111101111111111111111110
1111111111100111111111011111111011101111111111111111111111111111111010111010111111011001111111111101101111111001111010110111111111111011111101101111101001111111110011111111110101111
1111111011100110111111111111111111101111111110111101101111011111111111111111111111111111111111111111110111110111110101101111111011110110111111111111111110101111111111111010111110110
1011111111111011111111101111101110101111111111111111111110011111101111111101110111111111011111011111101101101110110010111111101111101101111111111111101111111110111111111110101110101
1111011111111101011011111111111111111101111110011111111011111111101111111110111111111101111111011111111111111111111011111111111111111111111110111111100111111111111111101110011110111
1111111110110110101111011111011111111111110011011111111111111111111111111111011111111110111111111110110111111111111111011111101111101111111111111111111111111111110111111111111111111
1110011111111101011111110111011111110111011111101111101111111001111111110111110111111111111111011111111101111111111111111111011011111111111111111101011111111001111111111011111111101
1111110111111110101111011111111111011111111111111101111111111110111110111111111111111111111111111110010101111111111111111111111111100111111111110111111111111011101110111111111110111
1111110101111111110011111010111111111111111111111001101111111101110111111010111111100111101111101110011110111101111111110011111111111111111101110110111111111111111111011111111111011
1111111111011101110011111111111111101111111111111111101011111110111111111111111111111111111111111111111111111001110111101111111111111111111110100011111111111010111011111111111111111
0111011100111111111101111111101011111111111111111111110111111111111101111111111011101111111111111111111111111111111111011111110111111111111111111110111111011101111101011111111111111
0111011111111111111110111111011111111111111111111110111011111111011101101011101011111100111111011011111111111111100110111101111111111111111111011111111111111111111111111111111111111
1101111111101110101111011111111110010101111111111111111110111101110110111111111111110111111111111011111111111111010110111111111111101011111111101111101110111111111110111011010101011
0111111111111011111111101011101010111101111111111001111111111101111111101111111111111100111111111111011111111111111111111101111111111011101111111111111101111111101111111110111111111
1111111111111111011111110111111111111101111110111111111111111111111011011111111101111111111111011111111110111111101111011101001111111111111111111010111111111111001111011111110111011
1111111111111111110111101011111111111101111110111110011101011111111111111011111111110110001110111111110101111111110011111111111111101111111011111111011110111011011101111011101101111
1010111110111111111111111100101111111111111111101100111011110111100111111111011101111111111101111101111111111101111111111111111111011101111111111111111111111110110111111111011111111
0110011111111111110111111100110110111110111111111111111110111111111111001111101111111111111101111101111111111101010111111001111111110001111111111111111011011111101111111011111111011
1111010111111110011110111111011111111110101100111111010111111011110111111111111111111111010111011011111111111111011111111101111111101110111111110010111111111111111111011001111111111
1111111101111011111101101101101111011111111101111111111111111111111111111111111111111111101111101111101110111111111111011111111111111111011111010111011011111101111111111110111111101
1111111110111111111111111110110111111111101110111111110111111011111110111101011111111110111111111111110111111110111111111110111111111111101111110011111101111111111111110111100101111
1111011011101111111101101111111000111011111101111111111011111111111101001111111111111111111111111101111011111111111110001111111011110101111001111111111110111111011111111011111111110
1111111111011111111111111111111001111111111111111111111110111111110111111111001111111111111011011111101111111011111111111111111111110111111111101111111111111111111111111110111111111
1111111111111011111111001110111010110001101111011111001111111111011010111111101011111011100111111110011111111110111111111110111101111110111110111010110111111111111111101011111111101
1111111111111111101111011111101111011111111100011111111111011111100011111111100111101111111011111111011111111111101111111111011111111011111111111111101111101110111011111111001111111
1111111111100011111011111111111111101101111111111111101011111111111111101111111011111101111111110111001000101111111111111110111111111110111111001111111110111011011011111111001111111
0111111111011111011111011111111110110011111111111111111011111111111111111111111111111111101101011111111111111111111110111111111111111111011111111111011111111111111101111011111111011
1110111111111111111111111111111010110001011111111111111111111101011111111110111111111111111111111111111011111111111111010111111111110111111111111101011101111111110111111111111011111
1011011111111101111111000011111110101001101111110100111111111011011110101111101101111101011111101100101111110111111111111111101111111101011111111111101101111111011110111010111111111
1111111011111111111111111110011111111110011111111111111111111110111011111101111111101111111111111011111111111111111111111110111111111011111111111111111111101111111111111111111111111
1011111011111111011111111111111111111010011111111111011011111111111010111111111111111111110111111111111111110111111111111111111111010010111101111111110111111010011101111110110011111
1111111111111111111111111111010110111101101100111111111101101110100111111111101111111111110111011111101110111110111111101001111011111111111101110111110111111110111101110111111011111
1111111111111110111111111111111111111111110111110110111111111111111111111011111011111111111011111110011111110101111111111111111111111111101111111011111011111111111111110111111111111
1011111111111110111111111111111111111111111011011110111110011111011111111111111111011111111111111111111111111111111110111111101111001101111011111011111111111111111111111111111111111
1111111111111111111111111111001011011111101101111111111101111111111111111111111111111110110011111111110111111111111111101111111111011111101111111111111011111111111111111011111110110
0111111111110101111111110011010111011111101110110111111111101011010101111100111111110011101010101110110111111110110111111111111111111111111111110111111111111111011111111111111100111
1011110010111100111111111111111110011111111011011111111111111110011111111111111101111001010111111011111111111111111111111000111111011111111111011111110101111111110111111101111111110
0111011101111111011111111101111111111111111111101111111011111011111111111011111111111111100111011110111111111111111110110110111101011011111111111110111111111111111111101111111111110
1111111101111111111111111111111111111101110110110111110011111111111111101111111111111111110111110111111101101111110011111111011001111011111111111111111101110110111011111111111111101
0101111111111111110111101111111111111111111111111011111101011111111111111110111111111111111111111011011111111110011111111011111111111111111101111111101111111111111001111110111111000
1111111011110111100111101101111111111101111111111101010111101011011110110111111111101111111011011110111111111100011101011111100111111111111111111111111111111111111111111111110111111
1111011111111111111110111001111111111101110011111110011111100111111011011110111011001111111111111110111111111111111111110111111111111101011111110011111111110111111111111111111101111
1111111111011111111111111011011110111111011111111100001111011011101111111010111111011111111111111111101111110111111110011111111011110111111111101111111111111011111111111110101111110
1000111111010111010011111111111110101111111111111111001111111010111110101111111101011111110111011111101111111110101111111111111111111111111111111110111111111101111111111111111101100
1111111111111111111101111111010111111111111111110101110111011111111111001111101111111111111111011101101111111111010111110110011001011011011101111111111111101111011111011111111111111
1111111101111101111010111101111011100111011111100111111011111111111111100111111111111111111111110111101111111011101101111111010000111111111111111111011111111111111111111111111111111
1011011111111111111111111011111111111111101101111011111101111111110101110010101001011111101111111110111111110111111101111111111001111111111111111111100111111111111110111111110111111
1111111011111011111111011110111101111111111011111111111110111101111111111111111111111111111111111111111111100111111111110110011111001111111011110111111111011101111111111011111101111
0111011111110011111111111011111111011111111011111011010111011111110110000111111111101111111111101110111001011110011111111111111111011111111111111111111101111111110111111111101111111
1110111111111111111111111111111111111111101110111100111111101101110101111111111111111111111011110111111111111111111111111110101111011111011111111111011111101111110111101111111111111
1111111001011111111111111101111111111111111111111110111111110111111101111111111111111111101111110110111111111101111111101111111011110111101111111111110101111111111111011110111110111
1101011111011111011111111111010111111101111110101101001111111011111111011101111111111111001110111111111111110111111111101111111111111111111111111111101111111011111111011111111111101
1111011110111111010111001111111111111011111111111111111110101101111111111111010111110111111111111101111111111111111111110000111111011111111111101011111011101011101101111111111111101
1011011111111111101011111111111111111110101111011111101111111110111111111111111111101111111111111111111111100111110111110110111111111011111111111111110111111111011111111111111110110
1111111011111111111110111111111110111001111010011101111111111111011110011011110011111111111101101111111101111110111111110111111111111111011101110111111101011111111110111111110111111
1111110101111001111111111101111111011111101111111111011111111111101111011101111111110111111011111111111111111111100110011111111110101110111110111101011111110111111110111111001111111
1111101011111111110111011101011101011111101110111111111101001111110111111111111110111011011111111101011111110111110111111111111111111011111111101000111101011001111110111101111110111
1111011111101111111111110111111110011110011111111110111111111111111011111111111111111111111111101111111110111111111111100011111101111111100111111111111111111111111101111111111111111
0111111011111111111100111111111011111111111110111111111101100111111101011110111111101010111111111111111111111111111010101110101101001111111010111011101111111111111101111101111010110
1100111111101111101111011111110110111101011111111101101111011111011110111111111011101111111011111101111111111111111110101111111001111111101111111111100111111111111111111111111110010
0111111111111111111111110110111011111111111111111110110111011011001101001111101011110011111111101010111101111111111110011111111101111111111100110111111111100110010100111111111100111
1111111111111111111110101110111011101101111111110111100011011111111111000111011111111111110111101111111111111111111111110111111111111111111111101111111111111111111111111011110111111
1111111111111111011111111111111111111111111111111101111001011111111111100111111111110101111111001111111011101101111101111111111111011111111111111111111111011111111001111111111101111
1111111110101111110110111011111111111111110111101111011101111111011111111011110111111011111110111011101110110010111111111110111111111011111111111111011111111111011111110111011111111
1101111111111011111111111111110111111110111110111111111111111011101111111101011111111011110101111111111111111111111110110111111101101111110110001010110010111111111100110111111111111
1011111001101101110111111111111111111011111110111010011101111111111101111110110111111111111011111110111101111011111101111111111111111111011111111111011111111111110101111101111111111
1111111111111110111111111101110101111111111111111111111111111101111111101101011111111111110101111010110011111101111111111111101111111111111111111111111111110111101110111010110111111
1111101111111111111110111110111100011101101111111111110101111111111111011111101111111111111101111111111011111101111011111111011111011111111111111111111111111111110111110111111111111
1011111101111011011111111111111111011111111111111111111111111101011111111010110011111111111111111011111010011111110101111110111111111111110111111001111111111111011101110111111111111
1111011111111111111100111111111110101111110111111110111101111111011110011111110011111111011111111111111111111011111110101111111001111111110001101111111111101110111111111100111111111
1111111111111111111111110101111111111101111111011111101101111111111111111111111100101111111111111111111111111100111110111111111010111111011111111111111101101111111110111111111111111
1110011111111111111111111111111111111111111111111111111111111111110111111111111100011111101111111101111111001111111111110111111011111111101111111101111111111111111011111111111111111
1111111011101111111111111111111111111111111011111110001101111111111111111111111110010111111111111111110011110111111110111011110111111111111101111111111111111111111111011111111111111
1111111111111111110101111111111111011110111111111100111111011110111100111111111101101111110110101111111001111111111111111111111011111111111011111111111101111111101111111111111111111
1101101101111111110111011011111111111111111110111111111111111101101111010111111111010011111011101111111111111011111111100111111111111111111111111111111111111111110111111111111111111
1111011111101111111111111111111110111111111110011111111111111111110101011001111111110011011111101111101101111110011101100101111111111110111111111111100110111111111111110011111111111
1111111011101101111110101111111111101101111111011111111111111111111111110111111111111101111100101111111001111111011111111111111101101111101101111011111111101111011111110111111111111
1111110111111110111110101011110111111111111101111111111111111111111101111111111111111110011111111111111100101111111111111011000011111111111111111111011111111111111111111111111111111
1111111111111011111111111011011111111101111111011111111111111011110111111111111011111010011101110111111111111111111101111111011011110111111111110111111111111011111111111111011111111
1111111111111111110111111011101110110111111110101111111101110011111111111111111110111111101101111111111111111111111111011111111101110111111111111111110011101111111111111111011111111
1101111111011111111111111111011110111111001101000111101111111111111111101101011111101111110111111111111111111001111111110111111111111101111111111110111111111111111111111101110101110
1111111101011111111111111111111101011111110100111101111111101111101110111110111111110111111001001101111111100111001111111100101111010111011111111111111101111111111111111111111110010
1111111111111111111111111100111111110111111111111111111111111111011111111101001111111101001001101111110111110111111111011011110111111101111111111111111100111111111101111111011111011
0011111111111111111111111011111111111111111110111111111111111011111111111011111111101101111110011110110111111101111111110111111111111111100111111111110111110111111010111100111111011
1101111110111001011110110111011101110111101111101101100111111111111111110111111111111111111010011111101111111111011111101111111111100111111111111111111110111111111111001111110111111
1110011111011111110111111111101111111101111110111111111111011111011011000111111111100001111001101111111111111111101011111111111111111011111111111110111110111111111110111111111111100
1111111111011111111111111111111111101111111111110111111011100111111111111111111111111111011111110111111101111011111111110111111111010111011111111111111111011111111111111011111011101
1011101111111111111110011111011111111110111111011011111111111111111111011011010111111111111111111011110111111111011111011000100111111111111111111111111111101110111111111111011011111
1111111111101111111111111100111011111101111111111111110111111101110110111111111110111111111011111100111111111111111111011110101011101011111111111111101101111111101111111011111111111
1111111111111110100111111111111110111101110110101100111101010111111111011110011111111111111110111100111011111001110111111111111111111101111111110111111111111111111111111111111111111
1111101111111111100111101111111110001111110111111011111111111111110111111111111111111111111111111111010111011111111111110111110101111110111101111111111111111110111111011011110111101
1111101111101011111111111111101101101101101111111111000011111111111111111011111111111011111111011111101110101011111110111101111101111101001111111011011111111111111011110011111111011
1110111111110110101111111011110111111111111100111111111111111111111111111111011111011111111100111011010101111111111110111011001001111111111101111111111111111111101011111101101101111
1110111111111111111111111111111011101011111111111111111111011111111111110111000111001101111111111110111011111011111111111111111110011111101111111111111111110011011111111011111110010
1110010111111011001111111011111111101111111111110111111111011111011111011110111111101000111111110111110101110111111111111110111111111111111110111011111100111110100111111111111111111
1111111111111111110111110111101111101111101111111111111111111111111011111011110111111110111111111111101110111110110011011111111111111111011011101011101111100011001110111101111111111
1111111111111111111111111111111111111111111111111111111111011111111111111111110110111111111111111111011111011111111111111111111111111111111011111101111111111111101111110111111111111
0011111111111011111111111111111111101111111111110111111110111110111111110111111110111110111011111111101111101111111111111111011011111111111011111100111111101111110111010110111111111
1101111110110111111111111111111111111101010111111111011100111010110111111011111111011111111001111111111101110111110011111111110101111111011101101111111111111110111111111111111111111
1111111111101111111011111111111101111111111111111111111011111111111111111010111011110111110111110110101011111011011111111111111010111111111110111111111110111111101111111111111111111
0111101110101111110011111100111111111111110111111101111111110111111111110111001101111111110110111110111111111101001111111101110111111111001111111111111110011111110010111111111111111
1111011111011011111111111111110110111111101110111001101111011111011111111011111101111011111111111111111110111110101010100111111111111111111011111111111111110111111111111111110111110
1111111111111111111111011110011111111111111111111001110111011111111111111111111111111001111011011011111111111001001101111111111111110111110111011111111111111111101111101111111111111
1110111111011111111110110111111111011111111111111111101011111111101111111111111111111111111011101111111111111100001111101111111111110111111111011111111111110110111111111111101111111
1100111111110011111010011010111111111111111110110111110111111110100111111111110111111111111111111110111110110111110111111111100111111111111111100111010111011111111111111101101111111
1111011111101001111111111011111111111111111111110111111111111111111101111111101111111111111111101111111110110110111011011101010111111111110111111111111111111011111111111111111111111
1111111111110111111111111111111111111111111111111101111001111111111111110110110111111011011111111111111111111111011100111011011111111111101111111111111111111111010111111110101111011
1110100001001011111110011111111011110111111011101111011111111111101100011101111001011111111111111111100111111110111100100111111111001110101101110111111111110111011111110011111101111
1110101111111110111101110111101011111011111111111101011111111111101111011111111111111111101101111001111110111111111011011111111111110111111111111111010111111111111111111111111111111
1111110111110111111011111111111011111111101101111111111111110011111000111111111011110011111111011111111111111110101110101111010111111111111101110111111111111111111111101111011110011
1001111011001111110111111111111111111011111111101110110110111100011011101101111110110011110110110111011111111110111110110111111010011111111111111111001111010111110111111111101110111
1111111101111111110111111110111111111111101111011011111111111101111011111111111111011110111101111011110111111111111101111000111111111110110111111111111111110111110011111111111111111
0111101111111111111110100110011111111111101111011111111111111101111111111111111111111011111011111011101111111101111011111000111111111001111110001111101101111101111111111111101111101
1111111100011111111111111111110110101110111111001111110110101100111101111011110111111111111011111001111101111111111111111000111111111011111110111111111111111101111111111111111111111
1111111101011111011111110111111111011111111111110111110010111111111111111111101111111110011111111111110111101111111001101111001111110110110001111111011111111011111011111101111111111
1111101111111010111111110111111111111101111011111101111111101111111101111111011111111110111011111001110111111111110111111111001111111111111111110101110101111111111011111111111111111
1111111011111111111101111111111111111111111111111101111011111111111111111111111111011110111101111011011111110101110011101111110110111101111111101011111111001111111111111111011101111
1101111111010111011111111111111011111111101111110111010001110111111110111111111000101110011111111101110111101011111111110111111011111111111111111111111111111011111111111011111011011
1111010111111111111111111111111110111111111111100111110001111111111000011101111011111101101111111111000111110111111111111111111101110111111111111101111111110011011111111111111111111
0010111111111111111111111111111111111111111111111111111011111111101111111111111101111111111111111111111011111011111111110111110110011110111111101111110111110011111110101111110111111
1111011111011111111111111101111111111111011001001111110110001101111101110111101111111111111011110111111011111111111110110111111110011101110111101111111111111111110111110111101111111
1111111111011010101111011011011111111111111011111111111110111111101101111101111111111101111111011101111111111111111110111111111111100110010110111111111111111111111111111001111111111
1101111111110111101111111110111001111011011111111111011111110111111111111111111111111111001011010111111111111111001111011111011101100111101011110111111011111101011101111111111010110
1111111111101111111111001110111111011110011111100111110111111110110111111011111111111111111111101101111111111111111111111100111111111001110111001111111111101111111111111111111111111
1101111111111011111111111100111011111101111011111110111111111111111111111111111111111111110101111110101111111111111111111101110111011000011111101101111111111001111111111101111111111
1111111111110111111111111111011110101111011111111111111111111111101111111111111111111011111111111111011111111111111110111011011110101100011111111111111111111111101111111011111111111
0111111111111111111111111111101111110101111111111110110111101111011111111110111101111111111011110111101110110101111111111111111111101100011011111111111100111111111111001111011101111
1111111111011111111111101111110111111111110101111111111111110111111010111111111110111101111110111111101011111101111100111111111111110111101111000101010111011011111111011101011111111
1111111111111111111111111111111111111111111111111111111111111111111011111101110011111111111110111111111111111111011011111011011111001011110111100111111110110111011111011110011111110
1111111101111111111111111011111011111111111011111111111110111111111101111111111011101111111111111111111110001110111111111111011111110111011011111111011111110111101101111111111111101
1111111111101111110111111111111011111111001111111011110111111111011111011111111011011101111111111111010111110111111110101111011111111111111101110011111111111111111111101001111011111
1111101111011101111011111111111110111111111111111111111111111111101101011101111111111111111111111111111101111011111111111100111111101111111110101110111111011111101110101111111110111
1111111011111111111110111111101111101111111111011111111111111111111111111101111111111111111111111111111111111111001111111101111111111011101111011111111111111011111111111011101111111
0110111111101111111011011111111101101111111111111111011111111101110111101101111011111111111111111111111110110111110111111101110110011001100110101111111011111111111111111111010111111
1011110111111111100011111111000111111111101110111110111110111111011111011111111111111111011111111110111111111111110110101111101111110111100101110111111011111101111101111101111111111
1111111111111111111011110111010110111111110011111110111111111101110101111101110111111101111111111111101100111111111111111111110111111111111101111011110111101111101101111111111111111
1111111111111111011111111111111111111011111111111111111111111111100111111111110110111111111111111111111111001111111111111111101101111101101111111101111111101111111111011111111011111
1111111110111111110101110111011110111111111111101111101111111111110111111101111111111111110111101111111111101111111111111111111111111111111110111110111111101011111110111111111110111
1101111101111111011111111011101111110011111111111111111011101111101111111010111111111110111111111111101111111111110111010111011111111111101011111111011110111111111111111111111110111
1111111111101001111111011111111111011101111111111011111101111011111100111111111111111011111111111101111110111111111111110101111111111111111111111111101111101101110001011101111101111
1111111111111101111111111111111110111111001111011111111101110110111110111101111111111011101110111111111111111111110111011111101110111111101111111011110110111111101110111111111011111
1111101111101111111111111110101111111111110101111111111111111101111111111101111111111111101111111111111111111111111111111111111111110111111111100111111011101011110111111011111110111
1111111111001111111111101111110111111001111111010111111111010111010111111111111101101111111001111101111101111111111111111101101111111111011111111111111101111111111111111111111111111
1111010111110111111111011011111011101111111111111111111111111111111111111101111111111011111101001111111101111001111111111111111111111111010111111111010110111111111111111011110110111
1101111111111111111101111110111111111111111111111111111110111111010111110111111111111111111111110111111111111101110111110111110111111111101110111111111111011111111111111110111100111
1111111111110111111111111111111111011110111111111111110111101101111111011111111001111101101111111011111110101111111111111111110111111011111111111000101011101111111011111111111111111
1010111111111111111111111111111111111111111111110110111111111111101111011111011111111111111110111111111010111110101110110011111100111111110011111111111111110111011111011111101111110
1111111111111111001011111011111111101111011111111111011111111001110111111111111111111111011111111111111010111111111011111111011000111101101111011110111011111001111111111111011111011
1111111111111111011101111111101111111111111111111111101110111111110111111111111111111111111111111111111111111111111111111100111111110101111111110111101111111001111111111111001111110
0111011111111011111011111101111111011111001111110111111111111111111111011111111011111111111111111011011101110111101111111111111111111111111111111111111111111110111111111111111111111
1110111111111111111111110011111011101101011110111111110111111110111111011011110111111101111111111111111010111111111100111111111101110111110111111111111111110111011111110011110111111
1111110111011111101111100110111111111111111111111111111111111101111111111111011111101111111111111101110100011011011111111111111111111110111010111011110111111111101111111110101011110
1110111111101110111111111101111111111011111111011111111111001111111111011110101111110111111111111111111101101101111101110011111111011111111111111111101011111111110111111111111111111
1111011010101111111011111111111111001111111111110011111111111111111111110111111110111111111110111111100111111101111111111011001111111111111111111111101111101111111011111011110111111
0011111111111111111101111011111111110111001111111011111111111101111001010100110111111111111101111111111111111111111111111111111111110111111011110011101111111111111101111111111110111
1111111111111111101111011111111111111101111111111111111101111111000111011101011101111111111110101111111110111101111111111111111110111111111110111110110111111111111110111111010101101
1101111010111111110101110111011111111111111111111111110111110011111111111111111111011111111111011111011111101111111111111111111111111111000111111101101111110111111111010011111111110
1111111111111101111111111111111110111111111111101111111111101111111111111111111111111111111111011111111111111111011111101111111110111111011100111111111111111111111111101011101110010
1011010111111111111111111111110111111111100111111111111111111111111111111001100111111001111111111111101111001111111110111111111111011111111111111111111111111111011111010111111011111
1111111111110111011111011010011010110101111101111111111110111111111111101111011111111011111111110101001011111111111110111111111011101110111101011111111010111111011011001011010111101
1111111011111111111111111111011111111111111111011111111111111111110101111110111011111111110110111111110110111111110111111111011111101101101101110111101111111111111111111101111111111
1011011111110001111111101111101101111101011111111011011111110111111111111111011011111111111110111111111111101111111101111111111111111111110111111111111111011111101111111110111111100
0011111111111101111111011101111111001111111111111111111111111111101111111011111111111111001101111011111111111111111111101111110111111111000111101111111111111001111110111011010111111
1011111111111011111111111011110111001111111111111111011111011111101111111111111111111111111111111111110111111111100101110101111111011111111111011111111111110101101111101111101111111
1111111111101111111111010111110111111111011111111101111101111111011111101111011111111111110111011111011111111110111111111111111110111111111111101111111110111111011010111011010011111
1111101111111111111111111111111111111011001111111111111111111111111101111111111111111111111111110011111111111111111111111111111011110111111101111101110111111111101111110111110011111
1111111110101111111111011011110111111111111110111110101110111111111111010111111111111111110111111111110111111111111110111111110111111111011111111111101111011111111110111111111101111
1101111111110001101111111111111111111111111100111111111111110110110100011111111111111111111011111111111011111111111111100111111111110111111110111110011010011111111101101111111110111
1111111111111111110111010110111111110111111111111011111111111111111110111111111111111111111000111111101011111111111101101111111011111111111111111111111111111011111111101111111111011
1111111111111011011111111111101110111111111111110011101111111001111111111111111111111111111111100111011111111111111111111101111111111111111011111111111111111111111110111010111111101
0100111101010111111111111111111011111111111101001011001111111110111100111111111111111111110011101111111011111110111111111111111111110111110111111111111111110101101111001110111111110
