01110111111111011111101111000111110101100110000001111101101101000011000111011101111010011110110111
10110110001011000100110110000001111100100011000110000111111110111011000011101111101110110011101011
11001100110110111001110100101111001001001001101110001101110011101111101111101000101000100101110011
11001001010100011101111111101111000100101111101110010110111000111100011010110111100000110100011110
00110010111111011011110111101110100010111010001000000101000111111000011101100111001110110001001100
11100011100111111010111100101110010011110011011111110011010011101010101111111111110010011110111101
11001101100101111111101101110000101001111001111111001111011110011111011100110111100111100110111111
10010110010000011101011000100100001011011110011011111101100110111101110110101010101110110011111110
10101110010110011111111111110111010011000000111110000101001111111010110001100011000111010100001100
10111001101101101000010101111111110010000101001011011100001011011010111010010100011101110111001011
11001000010011101001110010101100111101111010110011001111101110100010101110001101000100110101011101
10111110110011001001010110111101110100011110110110000011011011010011010010101110110011011011111100
11101100101101101100011110100101101101111001111001101111010011101100111001110101101110011011000011
11001110011110010110010101111101110001100101010100000011100010101101110110111101001100011101111011
00100110011010011101101101110111001011100100000111100101010111010011101110101111111111011011111000
10111111100001101111110110101000011011111111101111000001101011010111011011110110000011111110100111
10111111111110110010100001100100101111011110111111011110101010011000101110110110111111100110011100
11010011100011110000111111010111000111001110001101111110110011111101000011011010001101111111011111
10001110100001011001001111111110001000101111100100011100110111111110011100101010101011110110111011
10111011101100110010101010101010100011011110011100000000110110111001010001101110011110110111111001
11111110101000111101011111110001111011101101111000011100110111111111101001011000011111111110000111
01111101111111010100100011010110111110001100100101010111110111110111010111111110100101110010100100
10010111100010100111100000010111001110101110000100111110110001101101100111101101001000111111111111
11111110110111110110100011011011101101110100111111110100000101101011001111000011111111111111101010
11011000101110010111110101011101101100100000111111100110101111111000110110001001111001110101001111
10011010110001101110110110111010100111001111111100111100010011001011010100010001111110101010001011
00111111111111111011100001010110110101001001001011001101100110111110111000111100110010010001011110
00000010110101100110111111101101000111111101111101101000011101010101100001111001010011111111001001
00111100011101010011000111010100011000001111110111100101011111111000000001101101110010010101111011
10111101111111101110011010111000010001111011001111111010100011011010101011111011010101001010101111
10111100110000100111011101100001000110000010001000111001011101011011011111100111101111111100011111
11110000110111100100101110010010101101010101111111000111100011111001000010000011001111011010111011
11001010011111001001110111100001011111011000011000011111101101110101010110101010001111001111000001
11000100111101010000110000101100101101011000000111011010001111111101110101111111111001011101111001
01100011001010111010111110001001110011111000010010011110110110011011010110011000000101111011101100
11010000001110001100011111110011110000011111110011001111011110101100011010101101100101100100001111
00001101110000111101111001010010101001010101100101011010111001110001101110111101111110111111111001
10100111101011111101100101110101111010111101111001100111101111011011111110011101101010101100111010
11011110001011110010101110010100001001011100001101111110110110100001101110001111011101101111111000
00001111001110011001000100010101111111101101111001011111001010001101101101011101101110010101110111
00111011001110011111111001111100111101110000101011111011111111111111110111001111101110111101101101
10010001010101111111111101011001000111110010110000111010100111110001101111011011100110101011100010
11011101001100011111001001001110000100000100011010011100001101101110110011001111100001010010111001
01110110010011010010100001111101000111010000110000111001110011000111100101100110101101101101011011
00110010101110011010110111011001000111011101000010111111000111101110110101101001110101101101001110
00000111101111001001100111011001101101010111000110010001111100010100101111110111001111011111010000
00111111110010011101100111110111100001111010000111101011111101011111111111000101010111011110101111
01110110100101111111011111011101010010100000011011101110110101011001111111111111000011111111100110
01110111111100111000000110101101011100001010111101011010101010111011011111111111111011111101111000
10000111011010111100010110111101010111111000001110110111100001101101101111111100111010111011010111
10000101000010100100001111011110000001101101101101000011110010110111111111111100001100110110011011
10010101010000001110111101000110111010111111110011001111001011111000001011110111100011001001111111
10100011011010001110101001110110111110111111101110010100110110000111100111111111101101000001101111
11111011111010101110111111101001101101110010100101011001111110001101101110100110010010001001010101
01010110001111001100011010000101111111111100101111110001101000100010101110111111111001111100101011
11101111101111110000010000101011100101011001111001110110111101011011011011111000111111010101110011
11110001001001011111111010100101101011101101011111101111011111010110011001111010111101111111001110
01110110000110100111111001011010001110101001011100101101101001000011011001010110111111111101101011
11010010111100011000000010011010110111011010011010010111110110110101101011111110111101011011111101
11001011101000100011110110111010111101101110111100001101101011101101100011110111000110101111011100
01101111111111111111110011101101011101111101100010111100101101111011100111000001100010100100011100
10101100110110110110111111011111110011001111101101010001110110110010000101110111110001011101101110
01111101101011000111111110101001110110101110100011110010001111001011100001011111010111101110111000
01011011110100111111110010111111111011001100011110110001101011001011100111011111001110011001011001
01111111110011001111101111101111011101011010101111010101000110110101110011111101111101110110100101
00110011000011010110111000110000110100011011111001101100101100001011010101000110100011111011110110
11100110111100110010110101100110001001001011101010101011110011110101111011101101000111111100111011
11100011000101110101111101010011111011111101001111101101011110111110111111111101100001010000011111
00100101111011101000101010110100010011111111111101101110001110111011001111111110011111110111101100
00011011110111010011010011100010111101001010101110100001110000001111000011110011011001101101111100
00111110011010111010100100100110000111110100011111110111111000000011100110111111100110111010111011
10101111001001101010011111000010111011111101111111101110000011010101101001111110011100101111111010
11110101011101111100011110000111101111101110011111111111001110011011111001111101111110110100011001
11101100100010010101111100011110010000011111111111111001111111111111110110111111110010110100111111
01111111100111111011011000111110110110000001110111111111101101001011111111011100001101111110110100
10010110010011011100110001110100011011010100010111111011111101111001111111101101111011111110101000
11100101001101100111111010111100111111111110100111101011101000111011101111110111100110111111111001
11011110011111111001011000101010010111111011011111111110011101111111101111111011101110100100111110
01011111100100111111010100000111110000101111010110011110111101110100111101001101111110110100001011
11011110101011100000001111011111010111111110111110011010000111111011011011011110111111010001010001
11110111000110101010010111101010010111011111100011011011111011001101001011011111011111010010100100
10000100010100101001100111111100010010100000101011000111111001101000110111010011100111101110100011
11101001010011101111101111000011110011111001010011101011111000011000110110110111100111111011110101
01001011111011101101110101000111101110111101111000101001111100111010101110101111111011011011110001
11001111100110111011100101111011100011011100011111010101010110110110101011011111111100010110001101
00000010110100111110110110010111111100100011111110011011111001101111110000110001111100110011101110
01111011011000011111111111010010001111101101100111100010110110101110111111111110011001010101110110
11011101111111110111111110111011011010011010011111100011111001011111101011111011101111101110101111
10000100000111110100101101010111111011101101111111010110111101110110011100111000011100010100111111
10110110111001011111101110011010110111111001111110100011110111101010110111111110010010111011101001
11000111010110111111111101010101101010100110011101100000101100101100101100111000111111010101111100
01101001011111100101001110111000111010111101110111011101111101010100110100001001001101100110101111
11100111000101110011011100001101011011111110001110011011011001101110111101111100111101111111011111
10110111001101101111001000101011010011110011010011110101001110110111011111101101001100101010100010
01011111111101101111001111111111011111101011101010111010111111110011111111011110000011011111100110
10011111101100011100111010100110001100011000101101011100101111001101110001100100101011111011101010
11110011010011010110101111101111000101010101101101111011110001000111001101000110010001111001111100
11100110011011010111101011011111110110011011001001111111011000011011001011001011011110011101100000
