0110111100111100101111001100110101011111111011010111
1011111001011101001110110011110001110111100101110111
1101110101111011011110000010101100001111010010011011
0110001100011110001111100000100001111110100100010111
1110010110111001111111001010111011101011010111101101
1110101111100100101101011110100111101011000111111110
1101010111111011010111111111001101100101011111111010
1011111000101101011001111111101000000111110110100010
0000111001001101011110011001101111011110101001011110
0110011010110111111110111010011000011111111000111101
1010111101010111011010100100011101111110101100011011
1111101001100001011101001111111100111010110001111100
1111101110000010011111110110001111101111011011111011
1101010111100001101111101001001001101101011111111101
0011001001101000011010111111001011011001111011011101
0110101111110100001111010011100110010001011111110011
1000110001000100010111110011111111111000000011110100
0010101111111010101100001100111110110110010111101110
1111110111111111010110110111100010111101011100101101
1111111011011101111010110011000010110100101011101110
1111101011101111101101111111000111111111101011111110
1001111100011101100010111111101110110100011110101001
0101001101101110101111001110110111110001111111011100
0100011111001011101111001000111111101100111011100011
1000111111010110010011110110110001110110001111101111
1000011100111010011011101010101010010101110010010000
0110111101011011101111101100101010111001111111011111
0100001110010111101111000000011110011001010110011100
1111110110010001111001111110011100100111111001010101
1100100001110000110000111001101011001010011001111111
0010101111111110110001010111110111111011111001010011
1010011010111001110011110001101011110111101100111110
0000110010001011111111110111011101111001101110111101
1101111010101110100010111000011110111001100100111000
0101111000111100111111111010101111010010101000001101
1101000011110011111111101111001111100011011111000110
1011110011111110101010010011011011000111010111011111
1111001111101100011111011100100100001010101100101011
1111110111111000010010001000111100111101011011100111
1110111101001111001010100111101111011010111110101010
1101000111110010000110110110101111100101010111100110
1010101101011111011001110111111000011011101101100111
1000001011101111001111111010111110110111010110101001
0101111100100101011001101011000111011101111011011011
1010111100001111110111111111000010011011101101111101
1100111010011111110110111010111000011010110110101111
0100111101011101111111011000010111000111111011011110
1111011011111111100010100111111111001000000110100010
0010111011111110011111101011010111101101001111100111
1101110011010110111110101011110110111010110011101010
1111011110101001010110011010011100011111110101111101
1111100001101111001001011010111010101110011111001010
