00001101011110110000111001001100100010000111101101011001110110111100011100001101010111110100100101111001111110101111111001101000000001010100101
00110111011111111111001100000011011111001101011011011110110010011101111010111001011110111110101001001111100010011100010110010011110010011011101
01010010101101111101011100111110001111111111101011101110001000011100000100011100111110100111111110101010111011010011001101110101010110111010111
01101011110100111101110001111101111000010101011101010001011101110111011010011001111000101011111111001111001100100110001011101011010000100110110
10010101110101001111000111010111111110111100001000111011011101111111101100010111011000111100111001110100110110000000011000111111001101011110111
11001011110100011111110001101110100110101111111011111110110000010001110111111110101101101101000010110000110100100101011000011000111000011011100
01110100111000101111000110100100100101110101110010111101110100011000001100001110100101101010100000111001001001111101010110000010111110010111000
11011100001001111000010101000110100111111110001111110100111111011101101011111000101001001010110101100110010100001101111011000111101010101100111
00111110011110111100111111101111101110101000110111001111111011110111000111111011110111000100110111001010001101101111001010111100001001110110010
11011110100010100001001111111101000010100011101000001101100000100111000010101111011100010011010000111010110011010111011111111001011011100100110
11100011100010101101111111111101100100011001110101101101111110011001000010111010101011011011111100110100001100110001111101111000101001010001010
11111100100011111110101100010001010011101101110101000010101110100111100100000000111111101010101101101111101000111110100001010110011010101100000
11000000111101011000010011010110000101011101000001000111111101111111011011110111010111110111111010101100000010010011000010101100000101101110010
01101001000110100101101110011101111011111111010000110001001111000011010001011011010101110110001010011101011011001011011100111001110111011000001
11110011111101001111111110010100010111000011000101011010110001110010000100011110111110111111001101001010111100100001001011111111110111110000001
11110101100110000011111001001011010011001011000111100001001111110110001101111011101011111010010010101011101101011110011011000011110101111110011
01111111101110100110110110000110101101111000010010101110100011110001010010010000111111110010011101011100010111111000111011111111010001111100000
01111110101101101010001110011111111100101111110010111011001000111011001111101111011001000001111000010010101111111111100001001110011100001001101
01001110000100111100101011111100110101101100110101101101010010100111100011011010101100110110000010110000101010111010111100001011111110010110111
01111110011001110000010111011011111101110111100111110101100111110110001001101001011010110111111010100100111100010111111101100111000111101111101
10010100101101111010010111101001111110001100111010010101010001110011010010111111100100111010100001011010101011001100000001011010001110100001011
10110101101010111001100111100101111111000101111100110101101111110010001100100100101110001100101101110101101110100110111010110011000011010111100
11100000111101110110000001111001100100111111010110111111101011010101101101011110110111110000011101001111011111010001001110100010010010000101011
01101011111101101101110001010011111000100010001111111001000011011100101111111110100010110111111110111011101001011110101101010101010110011011101
00001010111011101111110000010110000010111100001011101111001110111001110011000000000001100110101111101110000011111110100101101011000111110100100
10011101111010010011111100110111101111111111010011011100101100010100111110000010001110111000110111101011101011110011000100101001111000010110011
00110110111000000010111001011110111101001110100000011011111111010100000100101110000111010110111010101001001111010110101100111011111110100001101
00111000011111100111001111101111101100111010001000100110010101110111110001110101011111111010010101111111011111110011110101100100110011111010110
10110100111001010111101000110010000111011010100111100111101111101110011101101111110001001010101101110011110101001011110110000011111011101100001
10111111111011101110010011110011110101101110101000111110100011100000111100100011011101110101111000110001100010100100101010011110100101110110010
01101101100010011101000111111100100111001111110001001011001011100111011101001101000111101101101010111010011110101111111111011011101110000011101
01011000111101010101111101010100011111010001111100111111010111100110110001111100100110001010001110110110110110101000110110101011101011101011101
10011111101001001111111101110110011110000000111011011001110111000101100101001101111100111110110001111011111111011011101100100100101010011010101
01011000000101110111110100100101101001111100111101000010111010111110111111010001100101010101010010100111000000001100011110011011111011110111011
01111000100001001101110101110001110001001001001111111110001111011111001110110001111010111101001001011110101110010111011110011110011100110111111
01101111101010101111111001111111100011100010011110100110011101000111110100111110111001110111110101110000001100111010111111110110111011010010010
11101101110101110000110011001011100100111111011100111111010111110111111010011010000100001010110011011010101101000110011111110101011011101101010
01100011000111111011010001101111011100001011110110111000001001010011111100011000101001101011111110111110011001010101111110101110111011100011000
00101111110101001111001111010100010110000001011100100100001110111110111101000110100000001000100011100110111111101011010110110000100111010011111
00111011001011001001001011011001010010001011001110111111100110010011010111010000111101010010010101110110001111001010011100110100011000000111000
01101101101111011110101011111110011011010101001110110111001010010111010010011101100000100111111010111010010111100010000000111001110010111100111
11111111000111000111111011100110010010001011111011111100111011001001111100011111011011000111010011101001000011100000111101110011110110111101111
10100101010001110101001101111110000111010100101101100001011111111000111011011110001100110101111110011110111100111001110111001101011101101101011
11110110011111110101011001000011001011111100001111111110011111111001000010100000111101110111010010011111010011101110100100011100101110011010011
10100110111100000111110000101111110001000110000001001011111000101111011111111001101111100000110000010100010000111111110111111011001010011001111
01010110101101001110111001000011110111100100000100110110111011100111011110001101111100110111111101010001000001010110110100101011101101011100111
11111101010000000000110110010101111110111111000011111010001001111011011011110010110000000011011101111000100111110111110101101111101101010111111
10010001101100110011011100001001011111111011010010101111001110001111110100110111011110111111011111111110101110011111100100011111011111101011010
01100111100000011101101111001000101101011101001101111100010000100000011011010010001110011011100110001000111111110011100111100110110011001011010
11110101101110110011000111001010111000000111101010110111101111101111010100101111100000110010011111000000111100110010101111000011111011110100111
00101111001001011111011110011101001111111111011111001101111101101111011001110011101011110110100010011110110111000001000100001001010101001110111
11011111000001100101111101100101101011011101011011001111110111001101010111111101000011001110100101100101001101111010100000100010001111110001110
11101110111000101110001111100111101011010101101110110010000110111111111010110111111010001101011110100111111110011000110100110010001100011110010
01100111111010001011111011011101001110111101010111110010110111100110111010000010101110011001011101011110101111110100011110010110110101100010011
01101100100110101100001010111111011110011001111101011101001110000001001100001101101001110011101111100011001100000111001011111111101011110001111
10011010111011010111111110101011100010011010100101110010100001001100001101100011101011111100111011101011111000110001101110100010001111010101111
11000111111110101001011001101100110000010100110001110101001110101011011010110100010101011001001011111000100101100001011111110110111101101011001
11011111101010100010100000110001110110000111110010110100001010111111110111111000111111011101111111100011111000111101111001001111111000011111100
00111001101111010100011011101010011101101111111101100010110110001011110110111110101001110001011011000111001011111101010011011001001011111011110
10011011001111010001010011111001101110110011000101111110101011100000110011100001111010001110000110000001101110011111011110001100110110101111010
11000001101101011011011110101111111010111111010101011110111101101111100110111101111101010100110101101111100011010101010011101011001111001011110
00011001100011111001111100111111101111000111011001110101000110000111111111100001110101111101110011011010111110010100111001101011110001010001110
10011000110110111111110010011111010010100011111011101100110110010110010011101010011100100000010101111111111100110001010001100011111100001111011
11111111101010111101111111110000011011111011001000001000010000101111110100101011111110000111000111111000100011111100011111110010111110100111001
11101011001010000100000110001000011000100111101101111001111010010101011000101110101110110100010100101100110101110000100011011100101110110100011
11111001110110010011001101111011111110101000110101111101010011111011100101111100001010110001100111101101001111010010001110111010111101100100100
00011000110111110111110000011011011111111000111101101100111011110101101000110111100101101111110100000111011101101010001010101110111011101101011
01011101111111001110101010010010101111011101111101111010111011011110111111010110001101111011011001110111001010001110111101010010101010011011111
01001101000100000010001111010101110111100110000100001100011111010111011100100000011110000011010010011101101011011101011110011000101010110000010
11010100000011001000100011011111010111111110111111111100111101111001101000010010101111111001000100001010001110111110001101010100111101100000101
11011011000010010101011101001110011011100110111010101111100001001011110001101111101011100011101111111011101101000011011100111111100011010111100
10101110100100110100011101101110111101110100110101010011011011010101100010111010110011001011001011011100010001011101111101110101000011111011011
01010101111010001110100111000000011010011011111010011100111111100001000101001000101010101111111011111011111001111100000101101110010000011011110
00000101100011010111001110011011110000110010101010110001010101100101001010100110010101100100010100110110000101010001110111110111101000010010100
01000101111010010101110100111101001100000001101101111001111111111110101101001110010100001111111100001101110010110010101110110111110110000000011
01111101101011111010101100010001011111011110101110111000111010000111010100000011011001011001000111001111110110110110101101110111001000000101011
11110111111001110111101100101011100111001110110001010010011010111100001110100001011110101100100011001001111101110010010101111110101110010011111
10101110010010100100111100111011100100101110010101011010101010001111001001100011101101010011111011111110101111110001010100001111100011001101000
00001110111011110110101101101100000110100110001111101101001000111011011101110101101001010111000110010011101111111111110111011110000011010110100
11011000110011010101100000011110111000001100110101111011000111010010001000011110010101111101101010101111101110001111110100100010011101100000111
00110111101100111010111100001001111101111001111001101111011111011010011110000110011101000110010011010010111000100011111010111001010101011111110
11111000110111101101001000011100101100010101011100001000110111110000100101111001101110100010011011111110001110101001101011101001101000101110000
01111101011100111111010001010100101101010111110110101111011110111101111010011110110111110100110001101010010000011010111110110111110101001111110
11100110110111101010111001110111110010010011110110000100110011111011110001101101111011010111010101010111011010110010111000101110011010100101111
11100000101110111001011101110011001000000100100110111101010100011100111110001000011101100100111101101100000010111001101011111000111011101111010
10000111101111011100001010111110010101010101100000110011111011000011011101010111101110110000101111000010101100011110011110011001101100101000100
11111110000111111011101111010110101101001011110101100011001001101111011011001001011011011011100101000001011110010101101110100101101110011100111
11001000011011111011101101110100111100010011010111100111111011001101010000010111001101100010010111000010111000110001001111011111110100001011000
01011111001100110000110001011011101011100000000110011101110101000011010110111001000000100111100001101111001101101101111111110010100101101000110
11101100100011100011010110100110111100001111010100111001010111011010000011101011101110001000110101111111111111101101111100001010101000111011000
01110011011111111011100110111001100111011101011111110010000100010011101110100110110100111000011111100011011011000101001011101101011101101011001
00110100011010100101000100000110011101001111011110001110111001010111111110110111000100101000110110100101111110000000011111100111000101110111100
11111011101110000101110111101110100111101010110010110011010011000110001010101101001011101101011001111111100111001110111110100110110110001110111
00111001111010011101001101110100110111011111111101001101011011101011100011100100111110010111100111000010001011001111111011111010011011001011011
01111000001111101101011110101111001001001010011101001111111000000001001110100101010011000010100010010010001101111000011110111010101110011100001
10110001101100101000011111011001000101010010011111011110010110111110011001110010000111110111010001110110110100010010101011011000100101000010111
00110100100011010011000111100011010011101111000111101011111101010100101110011111110001010011011000110110001001011110110010010110110001100111111
11011001100100101000111011011000101110110100011101010111111011110101001110011100111111111110110100110110011001111111100111111010111101110101011
10101111011110010011010111111111110101111100001100011011110010111101001011000101011010001111100111011100001111110110001110101110110001101101110
10001110011001001110110100011111101111011011111100100100100001110001101111000110110100000100101111101100011011000000011010111011001101110111010
11110010110111111000101111110010101011001111001110100101100011111100111110111101011010001100100000110111101100101101100111011011110111001101111
01011001001111001001011010010001011001110011100100111100001010101111100101110101010110001101100111111011100010011010111001011111110001111101001
01110001110100110100101111011011111011111011000100101111011011100011011011010111111101011110111111001101010011000011011110111100010111101111010
11010010000101010000011101111100110000000101010000011011011110100111101010111011000100101111100000001110110100100010101010000110101011011000110
11101100010100110111110101001101101010100010001111101101110111111000101010111111100001010101100100001101010011111100011101100101111100110101011
10101101010001101001001000011011100001101011100011101001010001101010000110111000101100110111000101010011100101111001110011110001001101011111111
10110010101101110111111101110010101111110010000111011111011101100111111010001111110101111111011011111000000000101110000111100011111011110110100
10011101101000111101011000111011101110111010001111111110100101101110011001011111010001101101101100101001010010110011001100100100011111111101011
11101000010011001110111011110111101000111101001110101100001111010101110000110111010110100111110000110110100101110011100010101010011101101110100
00100010110001011100101111111000100011111101011010110100101010011110101111001110000000001110111011110010110010010001011111100111010101111010010
10010110101100101110010011010111000100101111101011010101111000111010010010111110110110011100001001101001111110011001100010001111111110100011101
01100010011110011111001111110000101101000010111111011101011111111100110111111110001111110000001111100100110111101001111111110010111111101111011
11000011100101011110100110001011110100110011100100011000011100010011110110000011011011001100111011001100111000110101001011011011111000000111110
11010111110100010101110110100110011011000001111100000110011111010001110110010011000001101110110011101000101000001011011110101000000110011001101
10110000110111010111010111111010101110111001111111010010000100000111011000111011101101000000110111100111001110000100010111001111110110001100011
10100111111011100101001001011010101001100010101110100011111110100000101101000111110010111110010001001010010111111100001111111101101101101111110
10000001001100001111010110111111100101000111111111011001010001001001000101110011111110101100110111001101010010110000001101001100100100110111101
11001111011001011011010000011011011111110110111000001100111111110001101101001111101101001101111010010110110001010110001111010000110111101111000
10111101111001111011011100100110111111010100000001000111110101010111111100110000111111111111111100110111100101011101110110111101011011011011001
01100010011001000011001111111011111111110111111111101101100100010101111111111111001001111101101001101010101101010111111000111011111001110100001
01010011110010111000011000001111011111100010100011000111101110011110100001100010111011111011111111111011011011111111011000000110111010110100110
10110001011100111101100110010010000110000110101011000010111011111001010111011010010010011011010101001100111001011011110000101100110000100011110
10111000111011101001011011110001100111111100111010011011100011110110001111111001111110101011111001110010111111010101001101000101011110101100011
01101100111101101000110100100110011110111101100100001110101000011101111101111010101011011000011111011110010000011001011100001111001010111110000
10011100111011101110100011100111011001001011111100100010011111001110101010001110110111010110011101111110000010101111101101010101100111011010111
00101001100110101101000100010100101111010011001110000110110100001010011111111110001100110011100010100111100101100011101011111010111110100011110
01011011000100111111111010101111011101000100111111011111110011110111001011111111001100011101111011111101001011111010000110010100110011010110111
01111001010001111011010111101011010010001110111101100010011011100000001101110100111001110011000000011100111001101011001100111000011011111110101
01000111001001110010000001111111110101101101011011000110110101111111111001101100011011111100101111101101101000111011110111001110011100111001000
01110110010101111110001101111000011111011110000111100100110101110110010010100001101110010010110011101110101111111010011111100111101111111000000
00001111111100000110100001101011111111010011111101011011111010111111110001011001010111100110011001010001111110111001001110110101110101001011101
00101010000011110111100110100110001000100111011100111101100110111100010000101001101001111011101101011010110111110111110000101100111011010010011
01100011010101100011111110111011110111101101100111010011001110011011101100101110000110100000111000001011001100110110011010111111010101110110101
10001000111011111001010010011101010111100010011111110111101011000110011100000111101010001011010111111111011111010001011100001011011110100011101
00110001110110111001100010111101011011001110000101010110101100011110110100000001010111001111000011110110101111110001110111110101110011000111110
11101110101001111010010111010100111100101101111001011011011001001001101111001010100000100101001001010101111101000100101110011011110110000011100
01101101000111011101000100011001100010001111110110101000111110100011000110000100111011111110111000101111010111010111011000111001111000000000101
10011011110110011011011011001100011010011110011001101001010100111110001000010110111110100001101011111110111110011011110110110011000010100011100
01111110100010010011010101010111111101110001001110101100111110110001001111001010111010010111110110010010011011111001111001011111001111110101001
01000110001000000101111100100011011011110110101110010011111111110011001110011100101110010111010011111110110100111101111001000100101001110110001
11111101010000000111010110110011101000101100111001110011011011000101011011001011101101101001100110101001011010101101100011001111001011111100001
00111001111010010010101001010100011110101111111111111111001111101011100110111001101110101000110111111011110101011011000011101110000100100000001
11101001000001110111101101101011111000101111111001100111100000111011010100111001000100100010111111001100110100110110101100101011001111001011110
