0111001111110111101011111111111111111111011111111111101111111111110111011111111011110111111111111111110110011110010010111111111111011111010111111111110111010111111101001110
1001111111111111111111111111111111111111011111111110111111111110111111111111011011011111011011010111010111111111101111111111111110111101111111110111111111111111111110111111
1001011111110111111011011111101111011111101111011011111101011111111111111111111111101011110101111011111011111110110111111111010111110111101111111111111010111111111111110101
1110101011111111111111111110111111011111111011111110100001111101111111111110111110010001110111101101101111111111110110111111111111111111101101110110001111111111101111110110
0101001110111011111111111111110111100010100001111011011111111011111111111111110110111111111111110111110111011111111011110011110111110111111111110111111101111111111011111011
0110001011101110111011101110111110101101111110110101111001101111111111111100111111111111111111111111000111101111111111110111111011101101111101111111011011111101101111111011
1111110111111111011111111101111111011111110101111111110101111101110101111111110110001101110111100111111011111111111100111111111101111111111100101110111111110111011111111111
1110101010111111111111111111001010111111110101111111011111011111100101101111111101111111111111110111111111111111110111111011111110011111111111101111100101101111111011101011
1111111101111111111010101011111100101110111111001111111111110110011111111110111101111111101101010110111110111111111101110111111011111111111111110010111111110111111111111111
1111011010111111111111111011111001111111011111101111111111111100011101111111111111100111111011111111111111111010111111111101111111111111111111011111111111011011011111110011
1111111111011101110111111111001110101101110111111111010111110010010100110111111110110111111101011101100011111110111011111111111111100111101111111111111101101111111111111111
1111101111101111111101111111111111010111111111001111110011110111111011101110110111011111111111111111111011011111111101111010101110101111111101101110111101111111101011011111
0101111111110111111011111111111111111101111110011110111110101111111111111101110011101110111111111011111101011111111111111111101111111001111110111110111110111111111111111110
1111011111111011101111011101111111101111101111111111111110111011111110110111111111110111111101111111111011111111011111110001111111111111111011111011101100111111111110110110
1111111111011100110110101111111110011111110111001111100111111010011001110101111111101111110111111111110100111111111011111011111111011111111101110101110111101110111111011111
1111101111111100111101111111110111111111111111011111101000111111111111111110011010111111110110011011011111101110111101101101011001111111110111011011011110111101111101110111
1111110111111111011111111111011011111011111111111001011111011011111111111101011111011111111111111111111111111111111010111110111101111111011101111011101111110111011111111111
0111111111111011101011011111110111111111011011111110111101111101110101101111111110111111111111100110111111101111111110111111111101111011111001111001011111110111111101101111
1111111111011101110001111101111110110111101101101111111011101111101111100111111011111111111111011111111001011111111111111111111110011110101100111111011111111111100111111111
0101101101110111100010111111111111111111111111111111111111111110110111111111111110111111111011011111111111111101111111101111111001101111011001111111100111111111111111101111
1111111111101110110101111111111011011011111110111111111110111111110110101111111111011111011110111110111011001111111111110111111011001011101111111111110011110110110111111101
1111111101111101111010011111110111111111101111111100111111111111101111111111111111111110111101011111111111111011001111111110111110101101111101111101110101011111111111011110
1101111111111011101110011011110111111111111111111111111101111111111110111010111101111111111101111010100101111111110100101100111111101111111111111111110011111111110111111111
1111101101111101111111101110111110101011011111101110111101111110010111111101110110111111111111001011101110111111101110101011111111011111001111100101111111111010111111011110
1111111111111111111111110111111110111111111010111111011011111111011111010111001101111111011111001111101110111111101101111111101111101011111111011011101111111111110110111010
1111111100111111111111011011111111001111101111111111110111110111111111111110111111111110110111111111100110111111111110100111011111101011111111111111110111111111111111111110
1111110111111011110111111101111111111110110101111111111111111111110111110111111111111111111111111111101111111101111011101011101111110101111111111111111111011111111110111100
1110101111111111111111101110111111101111111111111111111111111111001000111111101111110110111111001110111101111101110111011111010110111111101001101111111111111011111111101111
1111111011011111011111111111001010110101101111101111111111101011110111111101111011111101011110111111111111111111111111111100110111111111110101110101111101111101111111010101
1101111011011111111111111111001010100111100110111111111111111101010011111111111110111111111110111111110111100010101111111110011110100111101100111011011111011111111111001111
1111011111111110101110011111110111111110010111101111111111100111111111011101101110111010101101111011111101111111111011111011111111111111110111001111111101100011110111111011
1111111010111111011101111111001011111001011011111111011111111011111011111101110111110111111111110110111111111101101011101110111101011111111011011111101111100111011011111111
1111111100111111111111111111111101111111111101011011111111111110111111111110101101110111111101111111111111101111111110011001100111111011111111111111001111011011111111111011
1111101001011101110111100111001110111011111111111011111101011111111101111110111111110111111110111111000111111011010111110111101111111101111110111111111111101111111111101111
1100110111101101111101111011111111011111111111111111111111111110111110111001111010111111111111101111011111110111101111111110110101111101111111111100111111111111111111101100
1111001101011011111111101010101111101111111110111111111111111101111111111111110100011111111111111111100011110111110111101111101101011111111111110111110111011010101011111111
1111011111101111110111111111001111110110111111111011011111111110101011100111111110111101110111111111111111110101111001111111111111011010111110101111111111111110111111010111
1111011111111111011101101111111010111011111111101110111111110110101100010111110101110110110111111111111101111111111111010111100111011111111111010111011011110101111111111101
1111101111010111111111111111011011111101101101111101111011111111011110111111101111011111111110111111111111001011111111011111111111111111110010111101100111111111110011101011
1111011101111111111111111101110111110110111111101110111111011111111011111111110111110111111111111111011011111111111111111111011001011111011111111101110111111111011111111111
0011111110111111101111101111110011111111001111101011110111111110111110011101111111101111110110111111111111111111101100101111101101111111111111101111011111011111011111111101
1101011111111011110110111011001111111101001111111111111111111011111011110111110110110101110111011101111101011110111110111111111111111111111111111110101101110111110101111111
1111010011011101111111111101100111111111110111111111110111111111001111011111111111111110111111111111110111111111011110101110111111111111111111111111111111110111111111111111
1110011111111111101111110111111011111111111001111011111011111110011010111111111101111011101111110110101001011001111111101011111101111111011101111101111111110101110111101101
1111010011111111110111111101111101111101111001011111111111101111111110011111111110111111011111011111111011111110111100111111111101111011101111111101111111111111111111011011
1111101111110111111101110111101111101111111110111111110010111111111111110101111111111111111011101111101111111111111111110101111111011111011011101111111101011111110111110111
1101111101100100111111111111111101111111111101010111111110111101111110011011011111111110011111111111111111111011111111111110011101111111011111010111111111101101011111111011
1111111100101101110111101111010111111010011111101111011011111101111111111111111001111111011101001110011100000111011111111111110111111111111111111111111001111111111111101011
1111101111111111111111111111111111111111111111010111111111111111111111101111110110111111111101110111111101111111101110111111111111101111101111111111111111110111011101100101
1101011111111111011111111111111100110111011011111011111010111111111111111110111111111011011111101111101111101110111011111110111111111111111111011111111111111111111110111010
1111101111111111011110111111111111111101111111111101011101110111111110111101111110111111011101011011111111111101111111100111110111110111111111111001111001010100111111111111
1010111111110111101110101111111111111010111111111110111111111111110111111101111111011011101101111111111111111110111111101111101111111101101111111111111111111110101111111110
1111011011011111011111110111111011110111111111101101000111111111001111011111110101011111111011111111011111111101111111111101111101111011101110111110111111111111111111111111
0110111111111100111111111111111111111111111111111111000111110110111111101111111101111111111111110111111110111111111111111101100110111111111111111111101111111111111111111011
1110110111001101111111111011111111111111010110111111000110011111111110111111111110111111011100111101111111111111110011001110110111110010111111010111101111011011101110100111
1110101111101110110111110111111111111101111010101011111011111111111111111111111111111111011011111111111111111111111111111011111111111111111111011011011101011111111011011111
1100100111111110101111001111111110111111111111111101111101111111011111111111111010111111111110111111111111111110111110111011011111011111111010110011111110111111111111111101
1111111111110010111101111111111111111111111110011011110110011111111100111011111111011111111111111110110111111111111111111101111111111101111111111111110110111111110111111111
1101111011111111011111111111111110111110111111111111110110011111001111001111101111011011011111010001111111111111111111111111101111111111110110101111111111111001111111011111
1111101111110111110111111111010111111111111101111111111111101111011111001111111110101111110111110101111111110111101111111111111111101101111111111111101111011111111111011111
1111111101001111111111111011110111111011111111111101101111110111101110101111101111111011111111001011010011110111111111111111111111111111110111111111111111111111111111110001
1111011111011001011111111111011011111111101111111111111111111011111111110111101110101111111111011111111011100111111111001111111111111101111111011011111111111111111111001111
1110110110111111101111111111101111101111111111001111111111111101110011111111101011111111011111110111111111111111111111111111111111101111111111101110011101111011111111111110
1011111100011101111011101111111101010011011011111111101111111110111111111111111011111111111110111110111110101111010111101111110111111111011111111111011111111111011111011111
1111111100011101111111100110101111111101110011111111011101001111011111111111111111011111111110011111011111111111111111111101100111110111011111101111111111101101011111011111
1111111011111111110110111110111111110011110111111111011111010111101011111111101111111101111011110101110111111001111011111111010111111111110111110001111111010111111100111111
0111110011011111101001101101001111111111111111111110111111111101110111011011111111110011111111011111100101010011111111111111111111110100110101111111111111101111111101101111
1111111111101101111111111110101011110110101011111111111111111101101001001111110111101110001111011111101111110110101111011101111011111110111111110111111110101111011111111111
1111110010011101101111111110111110111011111111111111111110111111111001101111111111101111111011110111011011111011110111100111101111111011011111111101110111101111101111011111
1111111111011011111101011110111111011001011001011101110110110111111110101111111101111111111111111011111111011100111111111111110011111110111111010011011111111110011110001111
0111111111111111111111110111110111111011010101011111011111001111110011010111111010111111111111101100111011001111111111111111101101111111101111111010101111011111110111111111
1111111011101111100101111111111111110111111111110111101111000111111000101111111101101011111111011011011111110111011110110111111111111111111111111111111101111110111111111111
1111111111011001110111110101111111110011101110111111111111111011111111010111011111111111110111111111111111111101111011110111001011111111110111111010111101111111111111111111
1111111111111111111111011111111111011111111111011111111110111111110111111011110111111111111110111111111111111011111111111101111110111111011111011111111111100001010011111111
1111101111110101011111101111010011011111011110111100111111111111111111111101101011111111000111011111111111110111111111100100110111111111111011111101101111111101011111101011
1110101101101110111111011011111100111111111111111011111111111111111111111110111101110001011111101111111111011111011011111011111100111110011111111100111111011111011111011111
1011111111111110011111110111111111111111111111011111111111111111111111110111011111101110001111111101111111111011111111101111101111110111111101111101110111101111111011001111
1111111111111111111111110110110101111101111111111111111111010001101111111101101011111101111011010111111111100110110011001111110111001010111111111011010111001110011111111110
1111010111100111111111101111111011101010101111110111011111111111111011111011110111111110010111111110111111101110111111110111111111111111011001111111111101111111111111111111
0011111111110110110111111111011111011111111111101111111101111100111111011101101011111011111111111101011111111111001000101111110111101111110111011011110011110111011011000111
1111111001111111111111010111111101101011111011101111001111111111111110101110111101111111111111011111111111111011101111101011111111101101111011111010111111111111011111111110
1110010111011110101011101111100111000111101101110101110101101011111111011111111110111011001111111101111111111111111111101101111111111101110111111111111111110011111111111111
1010110111101111011101111111111111101101111111111110011110011111011111111111111111010111111101111011001110111110111110101101111111111111011111100011101011110011111111111111
1101110110110101111111111111111111111111011111111111111111101011111001101111011111101111111011111111101111111111111111111111011111111111111111111111111111111011111111111111
0110111110011011111111111110111000111010101111111111111111111111110111111110111111010110111110010111101110111011111011101111110111111111111100111011011111111111011110011001
1100111111111111111111111111110111111111111011111010111111010111110111101110111010111011011101111111111111110111101011111111101111111111111111110111101111111111100111111110
1110110111111111111111111111011111110111101111111111111111111111101111111110101111111100111111011110111011111111111110111101011111111111111111111111111011111110111111111111
1111111111110111111110111010110111111011110111011111111111111111111011111111010111110100101111111111011111111111111111111110011111101111111011111101110111101111111111111111
1011111111111111111101110111011111111111111101001001110011011101111011111100010110111011010111111011111111111111011111111101111110101111111101111111111000111110111111111111
1111111101111111111111111111110111111111111011111110111111111111111011111101011110111110101111011111110111101111011111110111011111010111111101101011110011111011110111110111
1100110111111100111111111011111111110011001111111111111111101111111111110101110111111111010111111011111100011111111111011111111110111111110110111100111111111101111110111110
1011111110111111111011111111111111111111111110111111011011111111101101111111101111101111111011010111111111111011110101111101111111111111111111111101011111110111101111111111
1101111101011011111110011111110101111111111111100100110111111111111111111111111111011011111101111111111111111110111110111111111111111111111101011011101110111111111011011111
1111111111111110111101111111001110111101011111111111110101111110011111111011111111110111111110101111111111101111111111111101001111111111111111111111110101101111101101111110
1011111101011110110010100110111111111111101101101101111111010011010011101101101101110101101011011111001111111111001011111111111110011100011110111011111100111111111111111111
1110110111111111101111100110111111011111111110101011111111110111111111011110111111111111111110101101111111110111111111101111111111101111011111111111110001111111111111111101
1011010001111111101111111111111011111111111011110111101111001101101101111111101111110111111011110111111010101111111011011111111110110011111111011111111111111111111111110101
1101111111110110111111001111110111111111111111111101111111010111111110101111111111011111010111111011101111111111111101011110111111111111110011111111110110110110111011111111
1110111111011111111111111111111111111111101111111111110111001111101111011111011010111111111111101101111111111111111111110111101111111101111101110111111111111111110101001111
1111111101111111101101011110111011111111111011101111111110111110111111011111110111111101111111111110111111111111011010101111111010111111110010111111111110110001110111011101
1011101111111110111111111111111110011110111111101111011111110111011101101111111011011110111111011111011111111110111011101111011111011101111111110100011011110011100011111110
1110101111011111111111000001111110101111111010111011111111111111110011111111111111000111111111011011101011101110111101111111111011111111111111111011011111111110011111111101
0011001111011101111111011011101110101111110111111111111110110111100111111111111111111111101111111111110111111100111111111110011111111111111110111011111111011110111110101101
1101110111001011110101111111111111101110111001111111111111110011111101011111111111111101111111110111101011011110010111001111111111111111111011111101111011111110111111101100
1111111111110101110111011110110111111011101011100111111111111111110111111111111111111111110111111111111101111100111101011110011111111111111110111110111011110110111011011111
0111111101111101111111100011111111111111111111101111101111111110111111111111111111010111110111110111111110111111111111111101111011101111111110111111111110101111101110111111
0111011111100111110101111111111111111101101011101111111111111111110110011110111111111111110111111111111011001101111111111110111111111011111111111110111111110001111111101001
1111101111111110101101111111101101111101111111101011111111111010111111011111100111111111101110110111101111000111001101100110111111101111111110110111100111111111111111111111
1111111111111111111111111111101111000111111111101111111111100011110011101101101111111011111111101111111111100111010110011101111111110111110111001110111101111111111111010111
1111111110111111111110111111101110111101111011011111111111111111100101111011011101110111111011111111111111111011011110001110101011111001111101111101111000110111111101111101
1111111111111111111011111100111011110111111011111101011111111111101110110111111111111111111111111111110101011101110110011111111111101111111011111111011111110011111111111111
0101111110011110111111111111101111111111101101111010111101111111111010111111100111011111111101111111000001111110111011111101111001110111110101101011111101111111111111111111
0111111111111011111110111111111110111111110111101111111111111110111111101110111011111111001111011110111011100011001110111111101110110111110111101111111111010111110110010111
1011111111111111111110100111101011011111011111110111111111101111111011111111111001111011111111011111111111101111001111110110111110111111101111100111111111110111001011111111
0100111011111111111111011110111110101111111111111111110111111110111101111111101111111111111011111111111011110101110011111111110111011111111110110011111111111111101011111111
0111011111011101011111111101110011110111111111111011110111111111101111110110101011110011111111010110011111111110110011111111111111111011011110101100111111011010101111101111
1111110101101110111111010111111111110111011101111111111111111111111111111111111011111111111011111011101101101111111101111111011111110111111111111110110111100111111011101111
0110110111111111001111001011111101111111000101110111111101111111111111101111111011011101111101111110111111110001011110111111111111111110011110011111111011101111101111111111
1111111111111111111111111110111101111001111111111111110111111011111011111111101111111111110111110011111001110001111111011011010111110100111111111111101011111011111101111111
1111111111111110111011001001111011101111010011111100110111111010111101111101001000010111111111101110011011101011111111101110011011011010111100011101111111001011101111111111
1111001101111011111101111011111110111011111110111101111111111111111101100101110111111111101111111101111111101111101111110111011111010101101011111111010110111011001110111011
1111011011101001111111101101110101111111111011111111111001111111111111111110111101111111111111111111111111111111111111011001110111110110111011111111111111111101111111110011
1111111110111010111111011111011101111111111110111111001110111111011011111001111110011101011010111111111110110110111111111001111111111111101110101111111111111111110011111111
1111111111101111011110011111001011011111110111011011110111111111111111111101111111111110111111111011110101001011101111101110111110101101111111111011111011101110111000110101
1101111111111110111111111010101111111110111111011111111101111111101111110111111111101100101110111111010101111111111101000111011111011101101111101111111011100111011011111110
1111111111100111111111110101111100101011011111111110101111011111011101010111011111111011111110111101111111111011011111111111101110111111011111111111111101111100111101111111
1101011111111111111111111110011101011011111111101101100111111110001110111101101011110111111111111111111111111111110111011011110111110110110111111111101111111111111101111111
1111101101111110111001111111111111111110111111111111111111111111111010110111111111111111111111111110101110111010111111101111111011110011101111101111111011111111110111110000
1111110111111110001011111111111011001110011001011111011111111111111111011110111111111111111111111111111111111110111111111111111101111011111110111101111111110101110110111111
1011111011101111110110111110101111111111111111111111101111111111111111111010111111111111010111010110111111111111001111111110101110111100001111111111100101111111111111011111
0111111011111101110101101111111011100010111110111111111101111111111111111111101111111111101111011111011111111111110111100111011111011111110111111101111111110111111111111111
1111101111001111111000010011101111111111111111110111111111101101111111111111101001111110011111101111111110101101111111111110111111101111110011110110111111101111111100111011
1101011111011111111111111101101111111111111111111101110111111111010111111111011111111111101111110111111111110110011101010011110011110111111111111101110111110111111111111111
1111111111110111101101110011111101110111111101111111010111111111111101111111101111111111111111110111111111011011111011101111111001111011011111111011111111101111111111111110
1011101111110111111110111101111110011111111111111110111110101011110111111111111100111111111111011101011111111011111111010110011110111100111111101011111111011111111011110111
1111111111111111110111111111111111110111111111111111110111111111110010111110101111111111111111011111111111111111111110001011110110111100111110110110010011111101111110111011
0111111111111111011011101111111111111110111010011111111111111110011101111010110111011111111111001111111111111111111010111111101110111011001110011111111111111111111111001111
1100111111011111110101101110101111111111111101110110011111111111111111011111111111111111111111111111111111111111101111110101011010111111001011011110111111111111110111111011
0111111111111110111111111111010111111101111111111111111111010111100111110111111010111111110111111010111111110110011111111111110111001111110111111110011001011111110111111111
1111111111111011101011111110111011111101111110111111111101111111111111111101110101111110111111111010111011111101111111110011111111101111101011111111111110111111111110111110
1110100111101101000010111110001111111111111011111111111111111111110111111111010111110111001101111101111111111010111111101111111111111111111100111111111110111111010101110111
1111110111110111110111111111101110110101111111111111011101011111111111111111111111110111110111011110110100101111110010101101111101111110011100111101110110111111111111101111
1111111110111110111111110111110011111011111111011011110011111011111110111011111011111111111101110111111111110111111110101111111111111111001111011110111111111110111111111000
1111110011101111111111101110110111110111011110111111111111011101011111111111111111011111101111111111111111110110001011111101011011111101111111100011110111011111011111111111
1010011101111101111111101111011111101011111111011111110101111111101010111111111111011011111111111101011111101111100111111111111111101110111111100111111011101111111111111111
1111111101111010001111110111101111111111111111111101111001111011101110010111101001010111101101011111100111111110110111111110111111111001111111101011001110100111111011101111
1111111111111101101110101111011111011100111001111101111111111111101101111100011111111110110011111111011011111011111011101111111101010111111110111101111110110111111110101110
1110110101100111111111111111111111011111101111111111011111111101111111010110111101111111110111111111011101010111111001111111111111101110100111011110111111111110111111111111
1110101111111110100111111111101101111011011111111111111011111100111110111111101111110111111011111111001111111101111111110111111111111110110111111011010111101011001011110111
1110111011111011011011110111111001111101101111111111100111101111111111011101111111011011111101111111111111101111111111011111110110111111111111111011101110110111111111111111
0111111011111101111000011011111111101100111111111111111110111111111101111111001011111110101110101011111111101111111101110111111110110110111110101111010111111111001101111101
1101101111111111111101011111111111111011111111101101111111111111111111111111111011011101001111101111011001111011111110011110011011111110110111110111111011111111111111111101
1111011011001011111110111111010111111111101110101101111011111101111111100111110111111111011110001111111111110010111111111111101110111111110111111111111101111101111110111111
1101111111110010111111111111111111111111111111111111111100111111111011111111111111111111011101011010111110111011111111110111111111111111111000111001101110111111101111110100
0111111110111111111110111101101101101111011110111101110011101111101111011110101111111111111111111111110111111111011011101111111111111101110111101111111111001110111111011111
1111111011011101111111111111110010111111111111011111111111111111010001111011001111111110111110111111111110111111111100101110011111101011111111110011011111001111111111111111
0111110101111111001101111111110011111011100011110101111111111111101111111011111010011111111011111010011101011001001101111111011101010111111111111001101111110110111110101111
1111111110111111111111101110110101101111111111111111110111011101111111111011111110001111101111111110011111011101111011000111111111111111111111111111011111111011111111111110
1111101111111110111111111111011111111011111011011101111111011111011111111001111111111111110111111110111111011111111111111011101101111110111111111111111101111100111011101111
1111111111111101111101101111111111100111111111111100111111111111111110101111101111111101011111111011100001111111111011111110101111111111111111011110111111010100011011111111
1111110110111111011111111111111011111110011111010111111111111110011010111000101001110111111111111111101111111111101111110111011111111111111101101111010111111110001011111111
1110101111101111110111111111111111101111111111111110110111111111111101111111111111111011111010111111011110111111100010100111111111111111111111111111010110111111000111111110
1111111111111111110101010111110111111101101010111111111110111111111111011011111111111011101111111100011111111111011111111101111001111111100101111111111111111111100110111111
1111011011101111111111111111111011101101111111111111111011111111111111111011011011111111111101111011011101111111100101111100011111111101111111111011011111111100011011111001
0111111111111110101111111111111111111111101111110111111111111111100111111111111111111111111110111101111111111011111111011110100111101111111101111111110111111111111101011111
1011111111111011111111110101111111111111111111111011110111111111101110111111111111110111110111111111110110111111011111110110111101101110111011111101111101110111110110110111
0111111111101101111110101111001111110111111101111111111011001010011100111110011011110111111101111100111101110111011111111111111110111111011111111111111111011111111101011111
0111111011111111101011111110101110011101111011100111110111111011110110111101011011111111111111111101110011011111111001111111111111111111011110111001111111110101111111101011
1100111110111010111111111111011111110111111110110111110111110111111111111111111011111111101111110111111111110111011111111010111011111101111101111111011110111111111110110111
1111001010111111111111110111110101111101111101001011101111110111111111111101111111110111111111111111111111011111111111110011111011101110101111011111111111111111111011101011
1101111111111111111101111101011111011011011011110111111101110111111111111111111111110111111111100110100011011011111111111110111011111111111111011111110010111111111011111101
0110111111110011111110100001111111011111111111111010111111111101111111111111101101111011110110111111011011111111111111111111011011111011111011011101111110111011101111111110
