010111111011110111110111100111101111111101110111011111111111011011011111111111111111101110111111111
101101111111111111011111111111111111111101111110111111111111111111011111011111111101011011011111101
010101011111111111111111111101111110110111101111011111101010111001111101111011111111111011110111110
111011111111101111111011110011111101111110111111011111111111111111111011111111111111111011010111111
100101111011111110111111111111111111111111111111111111010111111011111111111110111111111110110111111
111110111111111011110111111111111011111111101111111011111111111111111111111111111101011111111111111
110111010111010111111101011111111111111011111111111111111111111110111111111111111111110010111010111
111111101101111010111001101111111111111111101110011111111001111111011100111111011101111111111111101
111111010111101111111111111111011111111011001111111111111111111111001111111011011111111111111111110
011101111011111111111111111111101011111111100110110111111111111111111111110111111101111001111111111
111111101101111101101110111111111111111111110111111111111111111101011110111111111111111111111111111
111111111110101011110111111111011011111111111111111111111111111111111111111111111111011111111101111
111111011111011111101101110111111011101011101111011011111111111101111111011111111111010111110111111
111011110110101111011111111101011111111111111110111100111111111111111101111111101110101111001111101
011111011111110101111111001111111110111111111111111110111011111111111111011111111101110101111111111
111110101110111011111010111111100101001111111110011101011111110111111111101111111111110111111110111
111111111101110101111111110111111101111011101111111111111111011110010111101101111111111111110111111
111101101111111110111111111101101111111111111111111111111011111111111111111111111111011111111111101
101111111111101111001111011111110111110111011110111111111111011110101001101110111111011001011101111
111111111101011111001111111111111111111111111110011111111110111011111110111110110101101111001111001
011110111110111111110111111111111111111011010011111111111111111111111011111111111111111101111111111
111011101111111011111011111101111111111111101111111011110111011101111111111111111111111111011111101
111111001111011111111101111110111111111110111111111111111111101111111101111011111101001111111111111
111111111101111011111110011111111101101111100111101110111111010111111111111111111111111111111111111
111111011111110111011110011110111101011111111111111111111110111111111011011111000110001111111111111
011111101111110111111111101111101111010111111011111111111111101111111111111001111111111111011111101
011011111111011101111111110111111111111111011111011111110111111111111111111111111111011010111111111
111011111111111111111111111011111111111111111111011100111111111111111011010110111111111111101101111
110111111111101110111011111101111111110111111111111011111011111011111101111110010011111111110011010
111111111111111111111101011110111011100111111101111111111111101111111111111110010111110111101011110
111111110110101111111111111111011111011010110011011010111110111111111011111101111111111111110111101
011111111011111010111111101111101111010001111111011111110111111110110111011110111011111111111110111
111111111111111011011111111111110111111111111111111011111111111111011111111011111110111111111111111
111110111010011111111111111110111011111111111111111111111111111111111111110111011111011111111111111
111011111111111001111110011111111101111011111111111111111111111011111011111101111111111111111111101
110111111111110111111111111111111110111111111110111010111111111111011101111111111111101011111111111
111111111111111011111111001111001111001111111101111111111011111111101111111110111111011111111111111
111111111111011011111110111110111111001111011101011111111111110111111111111111111110110111101111111
110111111111111111011111101100101111110111001111111110011111110001110111111101111111111101011111111
111111010111011101110111111111001101111001100111111110111111100111111111111111111111111101111111011
001111111111111111111111111111101111111001101111101111111010110110111111111111111111111011111111001
111011111111111111111101111111011111111110111110010111110110111011010101011111111101111111011011011
111111110111111111010111110111111111100111011110111101101011011111111101111111111111111010111010111
110110100011011101111010111111111111110001101111111111100111111111111111111111011011111011011111111
011111111001111111110110111111011111111011110110111111111111111111111011111111111101111111101110110
111111111111111111110111101111011111111111111011111011111011111110111100111011111111111110111110011
111111111111111111111111111110111111001111111101111111111011100111111101011011001111110111111111110
101111101011101011001111111111111110111110010110101111111101111011010111111010110111111111111111111
010011101111011011101111110011001111101110111111011111111101011111111111101101111111111111111111101
111111111111111111111110111111111111111101111110101111011111111111110111111111111111101111111011101
111111111011111111111111111111111111111110111111110111101011111011111111111011111101111111111111111
111110111111011111111011111101010110111111111011111011111111111111111111111011111111011111111110110
111111111111101011111111111011111111111111011111111101111111111111111111111111110101110001110111111
111111111111100111111110111011011110110011111111111110111111111111101011111000111111011111111111111
111101111111111011111111111111111111110111111111101111011111111111111111111011111111111111111001111
110111111111111111111111111111111111111111001111110111101111111111111111111101100110111111111111111
111101111111111111111011110111101111111110101111111111110111111111111101111111111111111111111111111
110111101111110110111111111101111111011101011001110111111011111111111111111111111110111111111111011
111111101111111111111111111111111111111111111110011111111100111110101110111111111111111110101110111
110111111111111111101111011111011111111100111111111111111100111101111101111111111110111110111111111
011111111111111101011010111111111111111111011111011111111111011101101101110111111111111111111111111
111111111111111111111101101110111111111011111101111111111111101111111111111111111001111100101111111
111111111111111011111110111111111111100001111101111111111111110011111010011111101111111111111110111
010101111111111111101111111101111101110110111110110111111111110011111111111110111011110111111110111
110111111101011111111011111111111111110111111111111111111110011101010111111111111111111110111111111
111111011111111101011111111111101111111101111011111111111101111110011110111111111111111111111111111
001111100101111101111111111111110110111110111110111111111111111100011111101101111111111111110111111
111111110111111111011111111111111111011111111111111110111101011111101111111101111001111101111111111
111111111111111101111111111111101111110110111110101111111111111101110101011110111111111111111111111
111011111111111111010111011011011101111111110111111110111111110111111001111111111101111111011111111
110111101111101111011101111101111110111110011001111111110110011111110001111111111111111111101111110
111111101101111111101111111111111111111111111011111111111101110110111110111111111011101011111101111
101111111111010111111111011011101111111110111101111111111111110111110111000111110110111111110111110
111111111111111001011111111111111111111111111111011111111111111111011111001011111111001111111111011
111111111011111111111111111011111011111111111111111111111111011111111111010111101111111111110111111
110111110111111111111101101111110111111111111000110010011111111111111111101011111111111111111101111
111111111111111101111111101111011101110111111111011110101111111111001111111101111111111111111110111
111101111111111111001111111000101111011111111110111110111111111011110111111110101111011111111101111
111111100111111111111111011100111011111111101101111111111111111111111111111111010101111111111111010
111111111111101111111111011111111111111111111101111111101111110111111111110110101111111111111110111
111111111111111111101111011100111111111111111110111101101111111111111111011111010111111011111110111
111111111111111111111111111101101111111111101111111111111111101011101110111111111011111111111111101
101110101011110111101101111111111111111110110111110101111111101111101011111111011101110111111111111
111111111111101111111111011111110111101111111111111111101010111111111111011111111110111111111111011
101110111110011110011101010111111011011111111111111010111111111111111111101110111111001100111011111
011111111111101111101101011111111110111111111111101111111111111111111110101111111111000111110101111
111111011111010011111111111110111111101111111101111101111111111011111111111111111101100111111110111
100011011011111111011111110111111110111101001111111101111111111111111110111111110111111011110111111
111111111011110111010111111111111111110011111111111101111111101111101111111111111111011101111111011
011101011111111111111111110111111111111111011011111111111100101101111111111111111111011110111101111
101011111111101111001011101111111111110110101111111111111111111111111011111111111111111111011011111
111111111111101111101111111010111111101111110111111111111101101111111101111111111111111111101101111
110001111111011101111111111101011111111111111111111101111111111111011111010111111111101011110111111
111111011111111111111111111100111111111110011111101111011111111111111111111111111111011111011010110
111111111110111111011111111011111111111111111111111111011111111111111110111010111111101110101101110
111111011111111011111111111111101111111111010011111011111101110011111111111101100111110111111010111
111111111111111111101111111101111111111000111011111111111011111111111111101111011110111101111111011
101111101111101110101011101111011101111101111111001111111111111111111111111111111011111111111111101
110111110111111111111111111100111111111111110101111011111111111111111101011111011111111111111001110
