010100110111101101110100000000101011011110111111111111000110100001101111001111111
101111101110101101101111011011111110111011110100101110111111001110111111110011101
010101111111111101111000110110101110110110011111111011010111111010101001010110110
111010111111011011001101111101010110001010010111101110111110101011101101110110101
010101111110010000110111010111111111111000111110001010111111111111101111101111011
011010000010010110110111111011111111001111111111111111100101111111011010110010111
111110011001011011101010111001001111111011111111111010111111010010010110110011011
101110101101010110111011111111111011111111110011001111111001011001111101001111101
011110110000110111111101111111111111111011110101111010010111111110111111110000111
111110010011111111110111111111110111011111001001011111111111111011110111110111111
111111000101111001111110101100111111110010001010101011111111111111110000110101110
101100110110101111100111011011110111011110011101111111111100010110001101001110111
111000001111011101111110111101111101111110001000111111001000111011111011101011011
001111111110100100011010111110111111111110110100101101011111110101010110101101110
111100100111100111111000111111111011101010001111111101101110011101010100110001000
111001011101111011011110100001101111101111010110111110011111011111110111111110110
000101111101001101111101111011110101101101101111110100100101101111110011110111111
111100101111101110111010011111111111111010111111110110100011101111111111101011101
111011111111101011000111101101100110111111010011111110111110111000110110010111111
101011011110111111001111111111111101111111101011101010011111001011001101111010101
011100111010111111010111111111010110011101101000010001010110011110101110100011000
110111001111100110111011111101110011010101111111111111111110111110011111100011101
010011110111110101111101101011111101111110001100111101111101011001111011101011110
010111011101000010111110100110000000101100111111111101100111000000111110100111010
001101111110111110111111001101111111011110110111111011110010001011111111111111111
011111111101111011011100001111111101111111111111101110111010111011110111000111101
010101111111111011111110110100011010111011100101111110110010111010111101111001111
001110011110111001111101111010111101011001111010101101010010010001010110111101101
011011011101011011011011010100111011010110110110111110100111110110011010011101001
010111111101101111111110110000011001000110100101000011110111011101001101111101111
111011011111111111110110110110011111110111001111111101011101111110111000011101011
010111011111111011011110111111100111001110111111111111111110011101111110111111100
111011111010111101010010111111100011111011111111011010011011010100011001111111111
011111101111110111111010110100110011111111101110111010100111001110110101110010101
111111111111011101101100101010111100110011111101101111111011101101101111101111110
100011111111111111010110110111111100011101110010111110011101011110010111111111001
011010111010111111110011011000101110011110010111110110011101011111101111001011011
111010111111110001111110111110101111100111111010111011001111110000101011101010011
110111111101111111111011111100011101100001110010010111110110110101111110111111111
101001010101110110111111110011110101110011111011101111111111010111111111111111101
111101111111111101110010111011111110110100111111111011001101100101111101111010011
010001111100000110111100011100101111011100100111110000101011011001101111110111001
110011111000010011011101111111011111011111011001110101110110011011111011101010001
111111111001010101100101110110011011111110101011011111110111111001111100110110111
101011100111101011011111010100111110010110110111101111111011111101110000001010011
111111101001011111000111111011111110100011001010011111111110111111101111011111101
101111110010001111110101110110111101111111011101101111101101001000111110010111011
101101111101001011110101111001111010100111111010010110111011111011011101101101011
111101101011111111110111111110110111110111101010000111111101111101101101011110001
101001101101101111101111101010111101111011110101001110111111111011011111111001101
111111111111111100110111111110111111010110011110010101110011110000101110101100111
110101010101111111100111011110110011101100111111111000101110111110111110101101111
111111111111100101110100111011011111111110011111110001111110011011100100101010010
101001010111111000001111100101110010011110111110101010111101111010111011011111110
010111110111001011100111111011010110001101111111111111011001010111110011101100111
011110111111010100111110111101111011101100111101111011101111110010110110100110011
010110110111111100110110010000111011110111001111110111110111110101001011111111001
111111101111011110111111000011110101111110110110110111011000111010111110101111111
111110101110011101111101111111011110011101111101011110011001100101111111101110100
011011111110010111010011000011101111110111011011111001111010111011010110010101111
101111001110110011100100011010100010011010011101111101011111011111011110010000101
001011111111111100101110011111111001111101111101111111111101101001111101111010111
011111011110101111111110111001110111100001111111110111000101110111111101111011111
010011001011011111001100000011111111101110001100100100101010101011001100111110111
011111101111100111011100111010100101100100100101010111110101101101011010111111111
100111010110111111010010110101010010101111111101110010101011111110011000100110110
111110011110100111101011111000110110111111111110101111110110011000010111011011111
010001111110111111100111111110111101001110111011010101110111111011101110101011111
111111011001100001011111101011111010111111110111111101001110111111010011001111011
110110111101011101111101111101010111101111010111111110010111111100110010111010111
110011101100110111101111110110010011111101100110011101111111100010111100101101110
111110011101100111010110111001001111110111100101110001101010011000101000010110101
010111101110111111011111101101011111011111110001011110111110011111010110011111111
011101101110001110110000101111111101001111010110110001001001111110100101101101110
100010010001110101010010101111111011111110101101111111101110011110111110110011111
101110010111010110100001110111111011001101010111101101111111000111001011110000010
111111110101100111111111110000011111111111111110100011011110011111111101101000111
110010110110111011101111111111111011101101000111010101001101001010111010111000100
111101011111010111110110111101011110001100010100011101100111111111110111111011011
101011101111110110100011101001101010111010011011001111110101011111111110111110101
110111111101100011110100111111101101111111111111111100111101111110111101101010110
