000101010000001111001000111000011101101110111110111111001000111110100011001010011111000011
000100111001010110011000111100010011000110011011110010010000111111111010111100000101101101
000011011011100100101010000000100001010000101111100111110011101001011100000100011011011010
110001100110011111101110000100100001110010100010010011011001110000010110101011100011111001
001000010001010100101110100001110111110011010010111000100101001111001101010111000110011101
101100010111100001000101000101011110011101100010000010010100001000000101011000101010010001
010100001010000010010010000111110000010011100011110011010111101010011000101011001110101110
111011001101110001011101011000011010100111000111001101100011000101010010011111010101010100
011000110001000100101101110010101010100001001100110010001010100101001010100000000111001100
000101010001111100011011110010111111100101111001100101000101100110101101000000111010011101
001101100001011000010100001110000111110001110100101010110111100000010100101010111110100010
011011011110011010000010011110000110100010101001000111111101110111011111010011110000011110
001001010100000100110000010000010000110010011010000011010111101101011110001000000111110011
010110010111001000110011101001111101001000100100010111101101011010100111110010111000010111
100100000111010010000101001001000000001000110100111001001111100101001001011000110010011100
111110001100100011110010101001010011010111010010011100100001111101001110101010000101001001
110100100001001101001010000111000100011110010100101000111110110010011101110100110000101010
100101010000000110111110100001101010110101100010011010101000100010001101110000011001110101
001110001000110101010100010100011011111100101111111100110000111001000111000111110001110001
010000110110110101100011011101010101001110010000100111101000010001111100001100101000110111
111110011100000011000110010110101110111000111110100100100101101000101100110000111110110110
000111011010001001101000010100011000101001010100101001111010000001011100111100000100011011
001110100101010111011001001010001001110101101011111000110111111001100101011111000010001111
000001011100011000010010010001101001100100100100111000110101011111100101001101000111000110
110010001100010101000000011111001110011010100110010010000110010010011111100111001001111111
110000011101100000111101101111001101010111110101011010100111111110111100000001100110100110
110000010011011100010010110101101110011100101001011101000001000001010101110011110000111011
010101100011000010111100111010000111100010100010001011000110011001010110001101000101101100
000000101111000010001010110100010100111010000100001011000101110000000010111011100110011011
000011100000011111010001111000011000010110001111010100001001001011110110011111011001000110
001110101100010001001001001000001110111101000111100110101001110101100010100010110011100001
110011110100110100110100000011001100100000001000011011011111100010101000100001000101110010
100001011100010001101111111001110110001111010000011010111111010101101101101010011110110000
100011000111010010011000111110111001111010011110000101001001001011111010100011010111000010
010011011111000101101000101100101001101111001111010001010111010001001011000001111001001100
111110000110010100110011010100000110100100111100000111111111010001010101001101111000111100
100110011111100001101111000110110111010101000000111000010010011011110100010011000000111011
001111100010100111101010111011100100100010111010100010001000101101100100010000111001110010
100001000000011010111100101010101110000001001001111000010110010100011111110111011010100011
110001010100000111110011011001101011100011010000000000110011011111011000000010000111001101
110110110001100110010000110111001110010100100101010011100011000101000111011010000100011100
000011111110000101000110010000101010101100111111001110000110000100000010010111101000010110
101101100111011001101011111100000001010011011100010100110011000001011011111111011011011111
110010000110101110011100010000001101010101101111110100000101110101001010110001110000000100
111000001101100000101010001001010111011001110010111010011110100111100101011110010110100100
101000011010011010101101110011100111000011110011000101010101010110110000110110100100001000
111111110000100101101010100101100110010001011101110100110000101011011110001000100010110100
011000110101000000100010011001100010001011010110111100101111100111000101000100001110101111
111010101110001010111111000000100000111000011011000100001100101010000111101001100010101110
110110101000011101100011111001011010101010111011001111000010101101101000011001010110010001
100010010010001111100111011110011000101001001001010000100010101111101000000010000110100100
101000010101010100111000001001100101000001110111110011110110000110101011110101111100000111
111101101011110001010000110110111001010011001000010100110000001111011010110110111101011101
101100110101111000010100001110010111000010000100010100000101011100111011111111100011010010
001010010011010111111111010000101001000110100011001110010110100100010110100011110000100110
011101100011100010100111000000011011101100101110000110100010101100100000101000001100100011
100100001001011011010100000001111101010000001001100000000101010000110111010001010100010111
000011100111111010001011110110011011001001011101100101101001111110110100010110001001111000
001000111010101010000110110100011011101111101001011100110001111010110001100110110010001110
001110110111111100001011011011111111000110110101000001001110111010100010110110111110110101
111100101111101111101010010010110000010000011011111000110111000110001011101010000111000000
110100000001010110110011110110101011101100010100000001001111000110110110001111010111011111
111011100000110100101011010101000100110100000010111011010111000011100001011001000010010001
110010011101101100000001010000101000011111011101011111110100110000100100000101000010011000
110010100101010011000001110001010100100100001111101110000111111001111111011011111001111100
011010011001101100110111001101101111110110111011011010000000001010100011010000000111010000
110000000100010000011011010001111100110000001100011101011111011111011001001100101111010000
011100110011100010010100111101000101101100100110000011101110010010100110100101000010011110
011010101101101111011100110000011110001100110010011111000000100010100000011101010010011011
001111000111110111111111111101001001111010001011100000101100010110010011001110111100110111
110100011001110100100000100111100110001011110010100111101001110011010101001111111111000010
100011000101011011100011101000001011001010101001100101001010101011100110100011010111011110
010100101010010111001100101010111100001000110100100111110011100000010001000110111110100101
010011010001011011001110001011000000111011111100010111001101001011001000001000011110010100
110101110010101100010111000111001001000010101010110001010000111010101110010110010011101010
011010010000000010110111100101000001001001101101000111000111010100111110101001001100000101
100110110011010100100010101011101100101111101100001011100111110010000111101000010000001111
000110110001000000100011111111010111101001110000110101101000011110011011000100000000100010
000101000111011010111000011010100011010001010110100111100011000010100110100000001111111100
101000010111011011101000001001101111011000111000010110101011010010001111111010000010000000
101001100110010001011000100001001011011001100001000110010101000010100110110100100011001000
110010111010100100001101010110011100000110001101011110011001110001100111110100100010001011
101111101110101000001011010010101100001100101011111001000011111101111011111000111100100011
111100011000100101100001100101110110010100100000000011000100110011100011001000101000111011
010100100010100011111000111100111001111000001011101000110101000010000100101001100011011010
001111010101111001111100101010011001110011100010010011001101011111111101010000100001101011
011110101101001110000110101110000011100110100101100010000110010110011001001010101101110001
010010111101011001011011110101000011000111111011101110101011010010010101110110100000000010
101000100011110010011111111011010100111001100001100101111010010000011111001011000111110101
110111000100110101110110101010100000101100100001010110011001011000001100100110000111011010
