00101001011101110011011101101111010101110000110011010010011100111000011110100111010111110101001111
00011011001001101101000011011011001011100111110011111111001011011000011100100101010001010101101000
10000001100100110101111111011110000110010111000101110111011110101110100111010001110101100101100100
01000100010011110100110000111011000110000100101110000000011111001111001010000001000100011001111010
11000000101110000000010010100010111011110000111011111100111110111101011110000101110010000100010101
00010000100110011001001110111101001111001011111100100111000000101101111001000001001111111011000010
01000001000001000100011110010101001010011101001000001001011000000110100011011101010100101001110000
11100010100100001110010101001100001111101011100101110110000110111010010000000011110010100101010110
00101101010110101001000100111010101010101001110001101010111111000101111101010110000110011101000110
10010000100001010101001101000001111110111011010001110110000100111000101000011000001001101110100111
11001000000101010000100000111010011010001101001001111110111000010100111000100100000010101111110111
10101101101011110000110111010100101111101110100100000011001000010100011111000001110000000101111110
00011100100100000011111010010100110101100000010110011101100001111110000011110110100100100011010100
11010010011100111110100000110111111100011110110000101110101011000010010011101101100110010001000101
11110000100101000010111000010001011001100000101100101111100011100110001100000101111101001101011000
10110100011101000010100100111100010100000100110000010000110100011000010111010000100110110100101011
01000101100001000110010101011100010101000011011100010101101111001011111110000010001000000001100101
01110011010001001000010011000011101100000011000111000011011000111110011011000111100000101100010111
10000001000011111000011100110011010100110001110101001010111100100101111101001110010001000000100001
11100100110010000000100110011011101111011000001100101001000011000001101101000101010000101011101000
00110000001111110001001100010100000101101111001101110100001111011101010111110001111001100100110001
10111011000110101110001011101000100101001001001011000010011011010000000010000000010111101101111000
10100110010010100010110001110011111101001000110001111011101000110101000111011100000100101110110011
10100111110100011011100001101001110001011000011011111001001111000010010000010110101101101101011011
01101110000110000101010000100111011110001101101101000110011000011000011100110000011011011111011101
11100001010100001100011100110101011101000111110011011010100010000011010110100100101001101001110001
10011100101001010010011111010110010101001001110011101001101111101111011110000100100001000010000110
01110110101111111011101001100010111100010010100011110001111001010011001100101111100011001100001100
11110101101000011001010100000110010100111001001110000100110100100011110110100011101000011010000111
10100111000111011000100011101010110101111011101100010001110011111001100110100010001001111001100000
11111000101001000111001010111100001100010111110001000001000001011111010010110111010001001100000000
11010110010001100111001111000000000011000101111100110101100011111001101000101001100000101100111011
00001000110111000101011100010100001111001111011100101111111010011100101111010001101010000110001000
10001000011011111010001111111100001000011100101011000100001110000001010000000001100100001010000011
01001111111101100101001011010010110001000000110001011110101011101101011010101001111010001011010111
10110101010111011111111011111110100011011100011111111110000010111100101111011100000110000100001111
01111111111100000001000010000001100101011101000100100100110001100100101100100011111011010101110110
11001101000110101001111101100101101110101001010110101010010001011000001011011001011110010011000011
11001001110110100010100000001100000001000101000110010010000110010111001111101001010101000110111010
10101010010001000011000100011110010110000101101100011110011010101010101011110011111010101010000110
00000111111101000001111110101100110111000111100001111010111100100100010110010010111111001110111110
01110010001101010000100011000011110110111000101101111100010001100110111010100101111110100001011001
01100101010101001100100001010110100000001001111010001111101000100011001001010001111101000110000010
01100111111000001110110011101111100011111010001101111010111111101011101101111101000111010100100000
11011101100101110010001011110111011000011110001111101101110101011011001010111001100001000001011000
11001100110011011010001101100011101101000010001110011100101001010110000100101000100001010000100011
00011110001000101001110110001101110100010111110000100011000111011110001111000001100001001100101001
00110101000110101111100010001101100111110101110010011000111110011001100011110110011101011010101001
11011000000010000100010101111000010101100010110100010001001000001111000100011010101011001101000010
11101001111000000110111111110010011100001101100000110110100000011110011000000001011010101100101100
01101101111001100001101100110001100111001101101001011111001110100001010111000010111101100001110011
11101001011010011000101101010101001100111101010111100110011000010100001001010000001100000110000011
01001010101011100011001101100000101101011111110100100101011000000010001001101111111000100101100001
01101101011011101000100010001001111110010110110001111011100000111100010110011000101111111100110100
11100101111101100110011011000000101101111011001001110101101011101111010011001010010000011111101000
01100110000110101101001100110111100000000010101010101110000001100001010010101111010111101111011000
00001000101011111010001001111101101010001011110101000110010011001011101111100011001111001100100100
10111010101000010110010010011100100011011101100100011000101101001100001101010010010110000110001000
11111010101101001110111110110000111000011011010110111010010010110111010100101000001001110110011010
10111001110000011010100100101000010000101001101100100000010010010010000110111110110000001110000110
01111001100001101001110101100101111100110001001100100010101101101001110100011000011000101110001001
01010000100011101001110100110111001011000101111000000011110010110111101100110101001010001110010101
10101101010010100110001000101101001110011111000000100111001011011010100111010111010010110110000110
11001001011110010100111010010111100101100000111101010100001101101100011010011011000101001011110110
11111101010010011100100010100111101101010001101111000110110010110100100011101000111011111000000000
00111110101110100110101000100010101110101100011011010110011001011010100101000110100000000110000001
00110011000011101100000101111010000000110111111011001010101101100101010100011110010100101101101100
00011100100000001011101001111111011000100011100110100011101011000010011010101000101010100011001101
00100110111000001011000000001101100110010101000100000000100011101100000011010111001110110110111101
11001101101101011110100111101010011000001100000001100111001010010011000001011101101101100110100000
11011100111100101111000010110001101111110111101001011000110001010001000000100000011001111110011111
11101000100100111011101011111100100110101001011010100100111111100110000010101101110110000101001010
10111010000111011100111001101110101101111100101100100111100100111001100100111101000001111111110111
00100110100111010111101000000000100101110011001100111010110000101100110000111100011100110100100101
11000000001011000000100011011111001010110101110100001001101101001001001111001000101110011111100111
00100010110010010000101110000010100101011011100110010100010111110010110011000111001100101000001011
00000010010001000010001000010001001101100001110010001111001110011011010111100010010000010100101100
11001010101011100111001101110010000100000101000100001001000101100110110111010001010001101111011110
10000001100010001110000100011110000010011000000110101011110100110110100000011000100001001101101011
11111111000101100101100000011011111011110111101001001001100001110000110110010100111100100101100001
00101001000111110100100101111001111010011110111010101100000100001101010100100011011111110111001101
11101011000100100011110010000010001011111110000101101011010110101010001101001101101000101011001100
00000100010000101000100111001100101011011110000111111100101011001001111001110001110100000010011101
10110110100011110000011100000000010101101111000100110101110000010010110101110001101001001001000100
10001101101001010000010010010000101111011101000011000101110001101001100100100000100001111111010011
11100100010000100010110111110110000010101011111110100101101000011000011010000110100110010010001010
10100111011010010101111101000101000000010100000001101101001010101011111011010101110010010111111001
11010100100001010000000010001100000011000001010100000110001000101000101011101000100011100001001101
00010110111000100101011111011111011000011000001111000111100111011010001010110110010110000100000010
11101001111100110100111110010011100110101011001011011111111111100110111111101111100010101010111100
00000100011010000001001010101000111001111010000100010011011111110101111010100100111011100100010011
11110111101111101001010111000100001011000100100010101011000000010011000110100111110110110000001100
01110010011100011011111001000101000010101001011101101110100000010010110011101011000000100100000010
00011011001110100100111111000001001010101100100000100101001001010000101010000100001010100110000000
11010000000100110001010110010001100100101100101101000011011010000011101100011110111001110101000010
10101001111111001100000010111000001110011000000001000100100101110011101011101100111100010101000001
10010101111100010100001100101001011111111010010010110000001100110000001110110110000011001010101001
10001000011001011110101111001001011101000100011100111000000011000101101011110011101010110010000110
