0000000101011100100110011000000001010001110001100101101101100110001010111010010011101100001101001000011110010111101101000010111
0011000111010110111110101000101111110101001001101110001001100110100011101101011110010110101001001010001010011110101100011001001
0100011101100010011001011100011101000010111011101111101110100001111101011000010000001010111011111110000110010110110010110111101
0100000010101110101000111011010100000011001110001100100101100101011010111111011100011011110010110011111000111001010011100011011
0000011010010100110001011011100111100010011110111010111011100010001011010110101111110101001110110110111111110110101110110011101
0010101001110111000000111100101101110110001010100110101100101011010000001110101011000000010100000001110110111010011100010010011
0010110011110110001100101010100100011101111111101101110101110101000111110010110001100011110001100100011101011100011101000110000
1110000011100100010000011011110100001011111111100110000001111110111111101000010111001100110100111100111101000011000111001111101
0101101101100100000010111010101100111111111101101011101110101111000011001101100010101110011011111010111110110111111010011110000
1110011110001010111000010011101101101010111111101000100100010001011100010001010000110010001011010111010001111000010010001011110
0011011110001001011110111111001100001000001001001110010100100011000111110111101111011101100111100011101110111001101011010101110
1100111000001001011111000011111110000100110011101001110011001111011000001011011111101101101000010001010000001111101011100100110
1001000001110000001001111001110111111101111001111000011101111111111110111111100101110000110011001100111111010101111010101000000
1101111110000011101011101010110101110100110100000000100110000111101010011010101010001001110001010111111110101110101111111001110
0111011001000101011101101101010111011101100100110011001110111010111110000110011010011100011011101101111111110100001110010001100
0000010000110110000001010100111110011001101111001100111010001010100111010000111011111110011110111001001011000110011110000011100
1101100001000100000111010101101111101111110010010100100101101110111100101101010001101110010000110111001000011010001011011010111
0110100101110010001011011101111101011000111011101100011101011101010110010110111010101011011100010011010101011111110001001101000
0111001001111110010100011001100101110001000000101101010001110000010110111101011001011111011110011111100101101001111000110011110
1100001000110010101001101011111100100011000010111000001111011010011110101001110011101111001111110101110010001111001100001100011
1100000010110100110000110010100011111111100010000100111000110000111101010111001011001100001001001011100101111111010111011011100
0010100000011111110100110110010000000000101111100010001101101010101011010011010111101111011101010101001011101010111100010101110
0101011010101110000111010001110001001010000001010000000111010001011111010000011011011011101111100000111011111100000000110111111
1011110111101001111011100000011010001110000101001111110100100111000101100101000110011100110111000111100001011100010010101001111
1111111110101110011100000000101111001110111001111001001011101011001011110100111101110111010001000100010010001011111010011111111
0010010000100011110001000010101001100101000101110100101010110110110100000110101001101010111000011010101110000010011101110100100
0001101111110100000111000101001111010001000010111110011000101100001000101011010111110110011000100101011110001110110110111001101
0001100101111010111100100010111110100111111100111111100000100011110010011110100001111100100010000100011011011100001001111111100
0100111111011101111110101101010001101010101110110100000110111001100000000001111110110110100110001111100010101010010001101100000
0011000100011111010101110001101110001110010111001010011110010011010110111110010110001011001011100101110110101111000101111110110
0110010011110001110100011111010011001101000101110100111011010100110110101101100110001001111100011111010001110111010010111110000
0111111111111111111100001011010010100000001110111111111000101001001111101100111011100101100011111010101010001010000101101000111
0100100000011011100010011011011101110110111111111001101000000100000101010001011101101011101000110001100011101101011100101011110
1110110001001110111010101110101010011110100111101111111100111000000111010000110110100001010011010011101011011100111100010001001
0100110011001100101110000101100110011101110100010110010110010000000100000001011010010110000110000001100001011001011111010100000
1100011010001111011010000010000011101110110111101111100110101011110010001000110011000100011100001100011101001001011111100111110
0000001111101011110010111000111001110010100100111111101111100111000110111110100010010111011101001111101011011100010011100011110
0100011010011110100010011101011011110011001011010110010001001110011011011010010001101001100101110011001010011011110001101101011
0011110111000000100110111001110011011100100000110111010111010101110001110011111110111110001000111110000011000100001110100010111
1101001110001011101110000111001000100100111111100101111101111011101001001110000001010010111000011101111011101000110001100010100
1010001111011111110011001001100011111011010111101101000100011110100010000110100011001110111100000110100010101010011000010111100
1010101111011100110000001001010010110001101010101111100111111110010000101001111101011101110011001100111101100101100101111100111
0111111111101001010001001001100110000101010110110010000111011001101111001101111000111010011110101111101101100100010000111101111
0001101111000111000001010101111111111001101000111000000100000000110010000101110100101110111011101101001101010010000110011100100
0011111101010001110111000010110111010101111001011111110110100010101011111101111001001100101010011011011111101000100010111110010
1110001111111001010001111100011011010101100010110101111000001111100001110011110101010011101111000100111001010111001001111011111
1110111111011010011101001111101111011011111101011101101101101011011000100011010010011000010111011111110111100001111000110111001
0000100000001010100100101111101110101110001111101110100001100000010101101101010101101011101001110010101011000111010011111100000
0111101011111001011100011011010111011000110110110111011001101001011100010111101011111111100001111011101001000011010011110110000
1111011100100001111010010111101101111111110011111011100100111011001100101101110001111110111111011011111111000111011101110000111
0110110110100010000001010011010101111110011010011101000000101110000100111100101111010110010101000110001111001011111011111111110
1010001010010010001000011001000111011011110011101110011010101111001011011100010101000100111011011010000111001101000000010111110
1011111011010101100010010101001111011001010011110100011111111010101011110000000110000101111101101100111010001110110101110100111
0000101000111001011010010010011101100111000011001001101101100111011001101000010010111011001001011101110011101000100100110000111
1110110010001011010111001110011111001001000001101001110100100000100001011111100011110111010011011110100001101001010101111111101
1011011011101110110101110000110001111011111110100100111001100101011111110100000100101011011110110111100110001011011111111011011
0010100010010111000100101100111000111010011010000001100000101101011111010001010011111111010100101011000100111111110101001010100
1101101100011000111101101000001000001111011000111000110100100110010000000001001100110111101000010111101111111000001111000100011
1111111110101010101011011111100101011001010010111111111111000111000001111111100000000010010110110111101010001001101111011000111
0000001101001010011110100100111001100011111000000100100000001010111111100001010011100100010001000111111111000001001110110100000
0000010110011011110101001010100101010101111001101111100010010100000000110111001110100000100101001111010111011101110010011010100
1101001110011100110000010110001010001110110001000011010111101011011001110101101111101100000011011001100110101100110011111001111
1100110110111111100101011101010000011101110011100111110001110101001101011100001010111000110010000101110011001000101100000011001
0011011011111100010000111001110100011011001001101101010110100110111101001011000000011110100010110111100011110000000101101111111
0110000100001111100011000101101000010011101111000000101000010001001101101100110110011001111111000111011010101111111110011101100
0011010101011010111110100101011000010110010100111000010111010101001101000111110010000011100000101011101011011011001111001111010
1011100101011110100111101010000100000101001010101101110110010111110010000011001010111011101110010000111100111011001101100111010
0010001101101011111110110100011111101000001000011110000110010011110001000000100001010111001101111110101110111100110101111001001
1101101110101111011101101001011101011100101110000001100110010000001001001010110001001011010110100100011100010001101101011100011
0110101110100001000011111000000111000111001011010001111110110111110110001010001101111000100110110001001011101110101011111001001
1101001100101000101100011010011100001010010011110110110100111100100000011111100001101000001110010011011000111010111011111110010
1011101001101101011011101001010011001110000011001011101110101110000000100010111011101100100111111001111111101000011111010111100
1111010110011100101100000011011100011101011010010111011000100011100011100100010000000010011100111011010001011001001111001100110
0101110010101010111010011101011100001001101110011111001100101110110000101011010011000110110100001011101110110101110010111101011
1001111000111110010011000111010000001111100001101000001000101001011011110100000111111100000010000100000110010010001111101010110
0101000011111000101111010010101010100010011111111100001011111101011000100100110100100111111011010100000111100001100011010110101
0000111010101101010100001101101101011010111111001110001000100100110110110001000111110111100101011111100011010101101100111101011
1111001101010011111101101010110111110110011111110101010010010000110010011101000101010001110011100110111011001011101100101111001
0101110000110111011010101100100110100010011010001010000001001110001001010000000011010110111001100001111001101001111111011101010
0101100100111000000001011010111011000010010101010011100101001100100001000011110000110001000010101100001111000011010001011110111
1100110110110111010111110010111101111010100000101010111010011110111000010110101001010101000100001101110010110001111100100010011
1000111100111001101111101111000110010101110011011111001010010100000111110110111010000010011110110110110111001110101110001111111
1000101011011001110101001111100111000110001100011100011111011110001001110011100100011110101101101110000011111100000010001000110
0101100001101011001000111011100000101011011001101110011011000011101101000010111110100101001011001111110011111110110110001111010
1011000110110111111111110101011010000110111110111100010110000111101011110010000000100111001111110011101110001100111101100001010
1100100110110011101111011011100100111010110110001111101011010101000100010111101010111001101001110110010000010111111101101110100
0111001011000001111101101110110010101011101101011110011111100001011110001101101001101000100101100111011110011101010011111110101
0001101000110100011101101000011111001100010001011000111111000000111110000001110110011100011001001110010010100110001001100101101
0111001100111100000000110101101110000101110111011101100001001011111001010101111000100110010000011011110110100110001001011110010
0011011110001111111001011110001001011001111100100111101110110010100010001101011001000001100101011111011000001101001000110100001
1110100011010011011111100110011010011011101111010101110101000000101100101001001001111101000101111001100010111110110011110111011
1000110100100001011101110000101000111100101001100110100110101000101111111100100011101010011010000000100000101100100010111011111
0011100011101011001100110001110101100000011111100101001100100111101011110011010101011000000100100011101111101100011001100010111
1110001011101110000111111000010101001100010101111111111000011100100100010001111000111111011000101110001011001100011011111001110
0011101110100011100100100010010110000110001100011000100110100001010111011000011101101110001011001001100000111110010110011011010
0011100111010101111101000100001111000111000010111101011101100101001101111001100001001100111000000001110111100010110111000101011
1110000110001011001010000100101100011011011110101101111010001100010100011100100110110001111001100110111011101100111100111111110
0010101101001110101101011011111000011011111101100010111101111011100110000011110111110111010001001011100101011010110011011100101
0111100011100100111010010100101101001110101010111111001111111001110100101100110001111111110011001100100010010101001111111110100
0001010001110111111111010010111011101101001110101100010111111111110001111100101010011010111010110100000011110111001111101011111
0001110110101110001110110100110111101001111001111100111101110111011100010100111011011000101110111110001111111101011011001001101
1001111111011110010100101011011000010001010011100100110000011010101010111000011011010111110000011000001001110001001011111011011
1101101110101111100001100111000101011101011111011110100001110000111111110100011100001010010011001000110101111001110110010001101
1010111110101110011010000110010000010000011110100111000111011100001110010111000101001010100010010100101001111011100110010111010
1110110010101111000101101111110111001111100010110111110101111111110101010111110111111011101011011011100000101111101100111100011
0000101101001011011011110001001011111011011111111111011001011011010001011001111101110000000011011101111100011011011010111011010
0001110011100110001011100000111010000001111010100000011011000101101101110101001010110001101110111001111110001100011101100100001
1111111011101010110010110001001001101100000101000000000011001001011110101110100010110110001000100111111101001000100110100100010
0101011001110100111111111011110111111101100010000011111111101110111101111000011001111010011111101100101111110101101001100111000
1110101010011111010110110011011011001010011001010101100010001100100101000100100001111111111111101011100010101001001011100010010
1110110110010101110111001110111100000100100101011110100110000000111001100010010101010101101000110101000111000000011110111011111
1001000110111000011110001000011010110100010001111111001110111000111010001101111110000110010000000011111111001100111111001101100
1110100010111100011001001010000001000101010010100010110010101110100111100101111011011100001100011100001110011001001011111000010
0011011011001001011011011110101011111101101000111110101110001100100100110100001110011110001011111100101001100011001011110110010
1100111010111111101101001101000011110010100001100110000101110010111011111010111011001101110011001011110011101111110011000010000
1100111100000111000111000110010111110010010100000100111111110011111110011010111011011100000000111011001110110011000001101111100
0011100111111111100010011010001000111010000110011010000101111100110001111111001001110010001101110111111101010111111001011001001
1001001100110100110010000101110100111101010001011110101111100101011111111011001100001111101011010111110000101101111110111001001
0011100000011100001000110111111110011111011011111110111100010101001101100110110010001111011111001011010011111110110101011101011
0110110010100110101011101111011001100000111111111111111100111100100111110101101100000010111101101110011111000010110011100001111
0100000111001100110110011011111110000100011111010010001110101101110111101110111101110110100101101111110011000011100111100001101
0010001110110000010101101101111000110100111110111011101001010001111010111101111101010111111000011110000110111001010100100000101
1011111111000001101010101001011010011011100011101011001110001011011000110011010111010110101110101011010101001110011100000001111
0111100101100111011011111011000011011100101001100011001100000111111101010100111001011001001101111001111101001011000111111010001
1010100101110111101011111111010110011011111101000111111010101101100000011011000101100111000111001111101000000011000100011110001
1001010001110100101101111000010110011110011011000111110101100101011010101110101111111000101111111001010111010110110000110010001
1111110100000000100100111010000101000110011001100100111101100111000111000101110111000011011110010101111010100010000011111111110
