010111111011111111111110111101111111101101111111101111010011111011101111110111101110100111000
100000010010100110111110010111110110101111011011000101111011010000110011001111101010011110011
000011111101011111101110011011111111111010111111100110110110111101110010111111110101011111011
100010110111011111011101010101011111011101111110010110111111111100100111011111111011101101111
101100011111111110100111000111111001110111110111111101001110011011101010011010101111101001111
101000011110110110110111011111111110111010110101111101111101100100110111101111101001111001101
101100001110110110100100110001111101111011101101101111010011111101100111101010101111100111110
111111001001101111111111010111011001010011010000011011110111000101111111101110111110111111100
101011110111010001111111110001101101110101011111011011101110101011111011101101011101110110100
001111101011111111111111100111011101011111101101011111011011110110001101111111111111101110110
110111101101011111110101001000001100111101101110101011111111011111000011011001111100101111101
101110011110011111101111111111110101101110011111001110001110001100101111111111011011111000111
110011110100001111110001111110110101111111111000101111111111111111101101111110111111110111101
101111101111000011010111111101101101011001111001011111110110101111011111111000110110010100111
101110010111100101110111111011110111111111011011111111101101111111001111100110110111111111101
111111110111101001110111110110111110111111111001111001111111111111111011111111110110111111011
111111110111110000011100110011101111010101101100111010100001101011001110001111100011111010001
101100011111111100010110011011101011011001110110011100111111111101000111110110110101001110111
111011111111101100011101010011010111111110100110111101100000101111011111111100011110101101010
110101011110111111101111111011101110111111111101111111111010110110011111011101101101101001111
111100011101000010110110011101100111110011100001111111010100110011101010001101111111111101101
111111111111011111111010011000101101011000101011010001111011111010100110111111110001011111101
111011011101011101011100011100111111110000111110111110001111111001111101111110111100100110010
000111011111111100110000111111100001001101001111111010101111100011111100111101100101111111011
100000101101111110010001011101111111111100111111010100110011111111101111111010101100111101110
111101111001111111111111101101001101111110111111001011011011101011100010111111011101101101010
101001000011111001011111110111111111011111110101100001101111011011111110111010111111011001111
110111010101110100001011111011011111001101101111111001111111110100110011110011010111111010011
011011010101101111110001001101111001100111001111111101100010111010101110110111101111001101000
111111111101011011111001111110101111111111011111001110001010111101111010011111010010010111001
111011101001111111011111101011001111110010110011111100101111111111011111101100011110111111101
111111110101101100100010101110000111110111011111111110010010011011110111111111111101101011111
101111111110010111010110111111100111111101001111010011111111100101110111110011111100111111111
111101101111111110111110111101111011101111101110101111011100010111111110011111011101011101000
111101000000001111111010101101111101100011111111111001011100110101110111101101111111010110111
101110111101111011101111111111111110001101101111010110001011000000001111011110111011111111111
111011101011101100111010110011111110011011011101111111101101010111111111110001001111001110111
001111111110111111111110111001111000101010100011111001110011011111101111110111001010111110011
111101100111111101110101111101001101110001011101111101001111111110110111111110101101100011011
110110001111101110110001111111011101000011101111110111010111101111111001001111110101011111010
011011110101101100111000011011110110110100101110111111111101111111001111111010111010001100111
110110111110111111011001001111011111101100111111111100101001101010111010001001110111100110111
101111100110110111111110111100100111010111011101110001111100101011101111000101111011111101111
111111011001111101010010111001110010101001101110110110011100111111011111101011111101101111110
111100101111111110010111110111011111101111110010000111000111010110111101111111010010111111011
101111101111000011110011111111011111101111110010011110110101111000110101001000010110111111111
111110001011001001100111110111111111010111011101100011111110111110001111101000111111010011101
111011101101011100011101111111111011111101100010100110111011000111011000011111111111100111101
101011100010101110111011001110110110111111110011011111100011111011111011011111010001001111100
000111011100011111111111100110111011111111110100101110111101111101111110111110011111011010100
100011111111111111111011010111110110111011000100110101100110110101001000111011111011110110011
111111100101111001111010100011110101101111011101111001001111101101101110111111011110110110111
101100111111111010011011010001011101100110011111110001000111110111101111011111101101000111110
110011111110111100111100011110001110111110101010101110110011110100010101111100010011000000011
011101011010111111110101101110101000110011100111111001010111101110011101111111110010101111111
111101110110110101011100110100011110010110110111010001101101101011011011110111111011111001111
010111001111101101010111011101101111101011110011010100010111011111111111111010110001110011110
001111011011111101001011001100101110101110111110011110111011011011110011101101101011011110011
111110111111110101010111111111111001011100001011101111101101011101111000111111110011111111101
110101110110101111000111111100101001111111001101110111111110011111011111100111110111100110110
101101101100111111111111110111101010001111110110111111110000011111011110011111111101111111111
111110100110101101011110101111110110111010011110111011001111100011101100111110101111011111111
101110101011111111100110111011110000011111110110110100111111100111111001111111011101010111110
001101110111111101110000100101101110111110011011011111101011101011111011110111010101111110111
100010001110111110111101111010110100111111111011100010111101111100011110111101111010111111111
101010111010111111101011111001111110110110110001111110011111111100011101110101011111110111011
111111111001100100001111111111011110111101101100110110001110011100001111111110111010111101111
011001011000010100110011001101111110101101011101110001111111101111000100111111100111100111110
100010011101111110111011101011100101110111111011111110111011111111100010111110111111110011100
100101110101111011110111101010111111111010111110010111101001110011110011111011101111101111111
111111111011011111111100111111111111111011110010110110011101100110101101101110110101001111101
110101111111111101110010100100111011111110111110100011111101001101100110101101101111110111111
101001111101111101100111111110111010111010011010011101111111011111111111001001111111111011110
101110000111110101110111111111011101111010001001111111111010111111111100001111011100011110101
011111111111110110111111111001110111001111011111111111101110111010111111110110010111101111101
111101011101101111111111010011110111011100101001110111110111111111111011011000111111011001101
111111110101101111000110111111011101011110011001111110111011111100111110011001001110011011101
111101001111000110011101010111011110110101111001101110110111101111010101110010010101110110110
111111110110111111011111101010011011001111110011001010111111110010111111100100001111111110101
001100011111111101101110011101111111000111111111111101111011101111101010111101001101111110011
110111111111100000111010111010111111111010110011011110010100111011101101110110110111111011111
101010111110111101111011111110111110101101010111010110000001111101011111111111111010111110111
110110110101111110101000001111100011110011101111011101110111010011111101101110101100111111001
001111101101101011011101011110010111101101110011111011011111111101011111101101111000001011111
100111111111101110111011110100111001011001111101001100111011100111111101101001111110001111110
011001011001111110001101101101101111010100101110011100011110111111101001110111111110001111111
011111010111001111111101111110111101110110111100110000110110110110100110111110111111110001111
111100111110111101101111110011101111110111111101101110100111111111110111011001110110110011110
111000111110101111000111000101111011111101011111111110101111111111011111111011111111110100111
101111110010101100111101111011111101001100111111100010111010111011111111101110001011111100110
000111111111111001011100101000111011100011110111110110111011111110111111111111101101111111001
011110100101010101110011111100011011111111111100001111111101111111110101100001011101111111001
011111000011111111011101001101111011111011101111001101110110110111100111011110111111011010110
