0100001010101011111011010111000000011011000010011101000010001111001000001010100011110111101111110111100100111111001111111011010011101111100010111011100000011011010010
1001010000011101101101111110110001111111001001101011000110111100010011111011101011110101111011011011111111110110100100010111110100011110001111001110110011001111111011
0001000110001001010100010111000110101010010111011011011000000001010100011101101011111111000111101010001011000011010110110110111111100101100101101100111111101110011000
0110001111001101101110000111110010000010000110111001100100101101110111001111011100011100010111110011111110111101011001111010111100011111111110101110110110001110111100
0000010111111010100100100001101010110010101001111101111011110100100110101111011001111100111000111110110011101100110101111000000100111100010010101111011000100101101100
0100101111011011111100110101100110011110101101101101010100100000100001011011010001111100011101111100110010101001010100100111111001110010101111110100111110010110001110
1001010110010110100111000100100101110011010110011111100100101111111101011001110100101111001101111100011001110011000111000000101111111010111010001100000100111011010101
0011111001011111010000011111010011010010110001101101111111100100011010111100111011100100010010110111011110000010110011101100001000000011011011011111011101011101011101
1011111000110011101100100001111100101001111101110010101111001001001110000111011111110101101000110111110000011001000001011111111010000001011101110110110110011101001011
0001110100100011101011010001111011111110100000000011111011101011011000001001100100111111111101100110110100001110011011001101111111100110111011011111001011001111011010
1000100011011011001001000101101001111010010010110000001100100101001001111011011111001011110101110010100001111010110100011110000000100110001101111001111110001111010100
0100111110101010011011011011010001110001100010101111111010101111011000011101111010100011000101100011111101110101101110101111101110011111100101111111111110111000011001
1111110100110111110010011101011100011100111110111101101111000110101011110101011101001110110110011000111100000011110000100011111111001010000111011110110001010001111001
0101001100001001100010010001101111101101100001111101101011111100010001111101111010011010000010111010110011010011011110100110111110111101111011001001101011011000001100
1000111111111001101000001011101000001010010110001110000010011001111101000001001101110011000011011111110000110111111111000101101111111001010010101000111010100111111100
1111010111101110000111110000000111110111001111000100010100101111011110011101110111011001011010010011011111001110101101010100101011011011111000011110000110110010010011
1101111011001110010001110111111001101010011111000101010011110111011110111011101100111000001101111001111100011010011101101100101101011000001011001111101010010011100110
1010010100011000100011111111010010100001001110111010110010101111110010111011011111000011001110110100111101111111100110101111110111001000001011100101111100001001001100
1101010011110010000000101110101101110111010101111001100110111011100111011101101101111001110100110010101001110100101001101110111101010011000011101000111110110000111111
0111111010000001000011110011010101011110100010011110111000111101001110111110011111110011110001110000100000111111011010111001010110100101101011110011111111111001011001
1001001001011101010100001110101100111100111011011100011101101011011101010111110010011111110010001011001110101110010011101111111011000111110001110110111111111111101011
1100001001110001110100110111111111101110101101011111011111110101111011110000111111101111110011100100110110110011110110001100000001101100110111111011110001101011111111
0100110010000001111101011101110010101101110101111110111010100101100100111010100100111010110111001010110100011011011111110110010011110001001101100010111101101111010100
1110010101011101110101100011111010010000011111110100101100110101101001111010000111011101100000101111001001000001010100110101100100110110111000100101100101111011011000
0100000100011010011010100101000111111111101100000101001100100001011111011100011000010101011110101101100011101001011111101100100110100111001011100100010110111010110100
1111011100101000111011101010110001111100010101001110110001111111010110001110111001101110111110111011011011100011110110111111010010010011111110111001111111001100111100
1111000100010010111111010101100001110010111100001100111011000010101110101001111110100111110010100111011011110010001011011010101011011011010111011100001110011110101111
1011110111111110110101111010000011111111111110000001101101011010101101010111001110011110011100111010000110110001000101011011001100110101111111111110111010011111101011
0101111011100110101011110110011001010010011011010100111110101101100111111101110000111011101111111110111111110101111111001100010101010111010101011100110111010110001111
0101000111011000110101110100100011011011001110100011010111011011110111100000010000010110110111111101001111111011011011101111100011001001111111011101111011001110110010
0000100011101110101011010000100111001010011101100100111011011110101101100111101001111011111011011001110010111110111110111011000101101111100011111100010000111111100111
0010011010001101001111001000001001110001001111111101111111011001110000100011101000101001000110010110100100100101101011101111101010101011100111100110110101011111011000
0011110101000101010001111001011000011010101110011110001110010100100111111000110011111110110111001010101010100100110100010100001010110001110101011110010111110101111111
0100001101110101101101001111111100101110100110100010001010011000011010101000001001101111100111000000110101110010001101010101110111011100010011010000110011111111101001
0110101011110101111011101111000101011011100001001001100100000111011000100111101100101111101110010011011000011000111010111111001111010001001001010101110001001010110110
1100111101111001001110011111110110101001111101111110111111110111111001101110011000010100101011100101101011101001010000010011001100101010111111010010010111011001111000
1110010011101110100111101101011011110101111110011001111111111100101111100001101010111111001010101101010110011001110000100111101101001100011000111111111011111001110110
0100010001001101001111101101000001001010111101101000001100011111010111110111100011100010111110111100100111011011000111011011100001001011010010011111011110101001101110
1111111101100011101101001011111011100100011011111100000001000011010110011100110011010101010110110100101110010110010000000011000000000110001000110010001001010000110011
1100001010010101011000101001010100111000100011111111111100000110111110010110101011111100101110011100111100110100100101111001100010001011000110010011001111011110111111
0000110111011100000111101011000011111101001100110001100101011001110010001101001111010101110010111100010111100100011011011110011000111011011110111000010001011100100001
0010001110101010101010110111101000011110000111100101111111110001101010000111011110011001110001111110110111011110010111011100011101101001101100110111111000101100011100
0100110010001001110011011011111110011110100110110100011111100010011011101001001101001110001111111001111001110111100010001111100110100111110101111100101101010001100111
0011011010001011111001111111011111011100111000110010000010110100011101101101000001110100100001110100110100100101111010110110011011000001001010111010111011110011011100
1011001000111011110110010001110111001011011001100001010110111111100101011001000011100100101001111001100100010111010101001011110100010110111110011110111000010011011101
0110110110000101101011110100101100110111010010111001011010011010011000011111101100001100111010100001100110001101111111101111111111001100101111011011111101010011010100
0101110110111100011000110000011101010111111111011101011001101110010111000110100001001001101100001001011100011011001111111110110010011100011010110010010011111101111001
1011101010101100011111110000100110011011101101101000011111011010101100110001101111101111011001101101101000011001010000011101011101010100011010100111011011011010110101
1111111100011110011111100110000110111111000001110101110101111111000011111111011001110111000100010010011011111111101110111000100010111100000010110011110111101110011111
1000111100011111100111111110101110010011011000101000100101110110111100000111001100011111101111101101100001000000101000011110011110100100111100101110111000110001010000
0110001011010010010101100100010011010001000100000001100011010000011001001100011001101101100101110101000111111010011101100001110100011111001110111111101001001111001011
1111111101011100101001001001010100101001110011101010110010000010111000001011011101101001000111100101010111010101100111100001000111100011010110111100101010011100000101
0001101111011100011100110111101100111001110000001111011110101100011111000111010101111011111110110110111010010110100110100001001111010001011011111001110000001000110001
0010110101010001110111100110111100011001011011111001101000100111011000100101011011100110001111111001111000011111110100111011101111011001110110111111101100011111010001
0010100111111100000111111011101111011101011001110000110111100110101111011011111101011111101001011111001110101111000111010010111111111011100001100110001011001110011101
0101011110101001001011011001110110111101111010011100101010010111110010011110100111000001000110011100001011011101001001000110001100110111111101010111101101011101000001
1100100111011110111001100010111111011000011111010011101101110010101101110101110111110101111110101110110101101100100111100110001101100000100101101101100101101110111100
0000100111001100100011000111011100011010111000111110001010010011011011011101110001110001110010010110110111011100010110111110010001110011010111110010101010111001110111
0101111101110101111111111100100000011000011110101100111010010110000000101110101110111111001100111110111011100100011010110101101100011111101101101100001010001010011110
0100100000000110101101010101011111011100110111011110000111100110101101101111101110110010101110011110011011111001110110111101101011111010110111011010011111111100110111
1101001011010111011110000101111101001100100011111000100000000000100011100101111101000101110111111000010011111110101101001111011100101110011111010111110111111011001101
1101101100111101110101110100101010111101000110101100111100110010101111000001111001010001110100010010111011010001101010101111010001110110001101011111001111101111010101
1000001001011001111010000111011000110111001011111101011111110100111001101101111111100111010110111110111110110100011111111100100000110001101111110000111111111111100101
1011001011110011111111111100110100110110110010001000010101000000011100101001111010111101110011000011011111010111101100100011101111000111111001000110011110110100010011
0001111000001010011001110011111110011001110010010101001110011110011011001110111100100111111111100100110110011000110011000101111111011111110111011001000001100100011111
0111001101010111110011001100010101110111101101100111110101000011101100110010110011001001000010111001111110011000010001101010010011110111110001101011111101100110111010
1000001111111011100111011011001001111001011101010111111011010111110110000011100000001101111101101001010001101111010001010010011000110101011100011011011111101110100010
0011101010000011101110101111111010001111000110110100101010010101011010011101011100111111100101110111110111110100100101111100100111101100100110111000111001110010010111
0101100110001001111101001110110011001111111000101000101101001100101101110110100111011011111000101011101100010011001001000111110101101111101000111100100111110101011011
0101011000101110001011011001111010011100001110101010101011011110100010011110111111000011000111110101011000000010101101100000000101110110110111111111111111111100011101
0100100100101100110101110010111111111100001100011000010010111011010010000110110011101111001011110111100101100101111000001100000100111001100111111010110100101111010111
0110011100111101111111111001100010000111000011011000001111000000010111001000101010000100101010011110011101010101100110010011000111010111101010000110111001110011011111
1111111101110101111100111110100011010010101111001011001101110011100101010110010111100100100001101101100001010110010111010100010011100010111111010101001001000101011110
0011100110011101001110001101101000110111110101101110110111111010100111101001000100001000011010111000101011101011111101111110011101101111010110111110010011001010110101
1101110010100000110110110101001100110101010001101101101100110000111011101001001000010011010010101011010010010111010001111100111101011111000101110011000001101001111111
0111111011111111111010000011101100101100111111011101111011011111001100000110101101011100101110011111011001011010100011001111110100011110000011110011100010011011010110
1110001101010101101011100110101110101111000001110000001111111111111011110001011001111101100001000110011100100111011011011001111010011011011000101111100011011011111111
0001111110111101010111001110110010010010010000001011111011001111110101101000100010100010111110100110101001000001110110000001111100111101100111011110010100000011111011
0111100110111110111101001111001101111001111001011111011000111111100101010011100100100110110111100001110000010101011110111101111111111010101001110011100101110111110010
0001001011101011111101110011000000100000111001010101101110111010100111001101001010101010011011011000000001001000110101111001001001100000100101001010111101110111001100
1110000110110101010111010011000010001111110010010000010110110011010011111000010100010011111110111111001010100111010010010110110110101000000111101110010111010111110010
1110110110101011011101010100001011000111101110111011111111001110010011101001100000101001110101100011001111101000010110111000001111010100100001110111111010110001111010
1110111111010010101101100110101111101101000110011011110011110011100100101000111101000010111111011011011011111111111100111101101011001011010010010011110000101000011110
1111110011000111101110111001111010011011110100001100101011110101000110000011100010001111000010001101010111001000110111000010010101010011101001011110001101111010111110
0011111001101101101011110101101111101001011001110111101000100001011110100101100101010101101011111011101011111101101011111001011110111101100100100111010001100011010111
1111111111001000000011011111010011111011101111011110011010101011101100111001101000011001010011111110100010011111111101110111110010011010011101001010111010101111011110
1010001001111110010111100111111011101100001000011100111000110010100111100010011110110001010110110101110001111010011101000011111110000011000011011111000111101110111100
1110001011110011011111011010101101101010110000111111101111101111111111100010100011011110101110001111100011001011101001110100011111001010111001001100011101100011111111
1100100011101000001111110110111011110101110111100110101011011101101110011001111011101001000101011100110111110001110010111111111101110001100101000010100110101110000111
0101110101101001001111101111011010000110110001010000100011001111101010000110011111100110001011010110110001001100110001110111101010010111110110101011010011110000000111
1100111011000001110000001101101000111101001011110100111010110000101010110101010110101001010111000110101111111011111101001001111111101101101100001100111001110000111110
1011011001111000111000101101110111100111001000101111110110111110101101000001011011100011101001111111011101110100110010011100101011010100100100010100010111110101101101
1111000100001111010011101110111111111111101001000101110111011011110001110111011110111111011001100100101111110001110011110011101111010010100110010011101111101011101101
1111011001110010100101100000111011010000011110010111011000001001101101101000101101101100111110011111011001010000111111110101001100100111001111101101011110101110010011
1011111111110100111101011111110000011110111111010111110010101010111111101110011011001110000110001011100110000001111011101011111010011100101011010011111001100111111011
1101111110101111111100000101111100100111111110001010111101111110010101110101000110101110110101000111101101111001111001010101001110101011111111101101111001100001010100
0110111000001110100010111101111010001101111010110100011110111010011010011111000110111101100101100110001111001100011010100011110010110110111101001010001111111011111111
1000111111000010010001011010110100011111110100010111101111110010100101111001110010010111111111011000011111110011100001001011011111110000010100101111111111100001101111
1111100111110111001010110111100110100000010000001000101011110111000110110011110011101101011101111001110000101111110101110111111000100000010000101100111110010001001000
1101000110010011100010011110011000111000001011110111011000000001011111101011001011111011000101110010111111111011111110000111110011111111111011100011100011000000000011
1101110011111110111101101000101111010111011111010100110011100110110110101100011000001111111010110011010111110011101101011001110101001001111101110101101101011111011011
0101111111011111110001100110101001101001111100101001110011111111111101010011101000110010110101000111101001001000111000001001001010110000011010011000010100001101111010
0111001100011001111010010110110010110011001000111000111100110111010011010101110011101000001111011101010100010110011000101111110110010110101010011101101101001100111010
1101000101011001110011100001110101001111110111100011001011000011110110110000100001010000101110111101101000000100110111011011001100111010100111101100111101110100010000
0111110100000101000011001111111010011110110001001011101101111111110100000110000011111101101010101101100000010101010110100101000111011111010101101101111100000111100110
0110101000110101011000011110110001010100111000001111000111111101001100111101010101111011111111011101110000011000101110111110010110010111010111111011101110111100101111
1101111000110010011111001111111111010001101100001010001010111010001100100100100011101010101110010111100000001101011100111011111100101001111110010110111111101010000001
1101001010110110111101100011111001101111011010111011110101011111110110011011001000101110101111010101101011000110010010010100011011100011111110001011100001011000001001
1001110011100001110110101000011000111100010001111010011111011000111000000101000101111111011000011011010001100100101000111011001111000011101001111110110100001100011100
1101100001010011011110000000101110000011111111001001111111101011001100111010101010101100010100001010001110111000100010001101100110101110100011111111011000001010000010
1110001101101111110111100110011001000110011010101010111000001001001011001111100010100111001000000111101000010000011110111110001110111101011011010011101010111100111001
1011011010011110010101111101110100011100001111111001011100010101001010110110111010101101101010110111100010100000010101010011110010011100111111011111100101111101001110
0100100100111011011001000100101110101001001101001101110010011101100101110101010100111101111111110111110101001100011111010100110100101011100011000110101000110100010101
0011110101101110100111111100111010111010110111010010010001110010111000101110111111110110111111111011011110110011100011110110110111110101011110011110001010110011001011
1001000001010111101100101010111101100000100101101110000100101111000011100100101000101111001001111001111001101010100001100110111110011011100001110111110011000010111000
1110111000110111110001111101101011000101010011101011111011011011000101011100011101110110001001000011100111100011100001011110011111001110111001010101110100011100001111
1010001101010110010111101110111100100100111101101001101011110110100000011001111011011000100111101001000111010110110000101110101110101011100100111011100100001010101010
1001101111000011101010101011110101000101110011100011001110001010111111001111100100011111011011110110100100000001111100111011111011001110111011111101001111100000111110
1011110100011100111110111100011100101001000101101011110011110111010101000110001101101101110011101010001011101010011011010011000000010111111101001011110100001010010100
1111100010100001000100110111001011110101110100111100011001110010001100011110101111101101110111010010100101111011110101100001111111100001010111111101111111011110101010
1001100111110000111111001111111100100101111011111100010001011110010100100111101101101000101100100100111101101110000111000111100111001000101100010111011010101101111101
0110010111110111111011111100110111101000111101110100000111111110100110101111001010100101110101010011001011010110111110001001000111011011101111101001011010001110100101
1111010010111100011010100111011100111110101111100100011111001101011010010101000010010110110010101111001101101011011111101001010001011100111100101001111010111101110110
1100010011011010010110010101011101111111001011010011110000111101100010010001111100101110111011111111111110101101000001111110011010101011110100111001001001110101101110
0111011011011111111010011010010101001101001011101010011000110011100110000011111010100110111110101011101000100101111011011000011111011110011001011010110001110000011010
1111010011001100011110100100100001000000110111110110001001001100111010001111111010011111101000101111101001110001111101010011101100110111011100100001100111110101000110
0011011111011111101010000011000110111000110101010100111110111001101000000110111101101011111111110110010100111010001111010001110111001011000101101110000111111110101001
0111101001011110111100011001101001111000011011010111111110101001100111110111011011011011101011010100101111101110111110011100111011011101111011100001110010001111101101
1010001011011111010110101110010111100001001101101101111000010001110100011000101011101111011110111101011011011111011111011101101100010001010110010100111011111101011011
1010011001001011111011100010111001101100010101010001111011010101110111011110001101110001101110000101100010011000010101011110101100100001100000011011111011111111110111
1010111001100110000101111001001110010000111000001101001111011110011111101100011110001000101001011111010100110110110010010001010001011111010111111011111111111010000110
0101111000010111101000110111100011100000100010111010111101110110111001110011111001011100110110101101011111000011011000100110110110101001111100000110001101110000011011
1101101000011111110001000010011101011101110001101010011000111000100110100111111010101101001000110001100110100111101111001111101100110100111111110111010011111111111111
1111100001110100000111011001101001001010001011111110000100101101111111010111010001001000011101101001001011000111010101100010110100101011000111010111011101111101111001
1101011101111001001010011110101100010111101010000011001101111101110011011111101000110111010011011001001111011100101111100101111000100101111110100101111111010110001100
1011000110010111001110101111111110100101111100000011111101100011111010110110110000111010111001010001100011111010111010110101011111110110000110111001110011000100101111
1011011001010101000111010101011110010000011011000100011110110011110111111000011101011001111110111001101100111101101111101111000101011010000100111010010010111101110110
0001101111000111000011010111110011011100101010110101110101011001111001001100100000100101010000011111110011110011010101110011110110111010001110110101111011111000111000
0101011111100101110100111101010000111010110111110110100100101111001010011000101000010101001001111001111000111011010101101110110100011010010101100111000001111100101011
0111010010111000000001100111110110010001111011000111010111111110101101101110010110001100111111011100100111110001010010111111011010111111111001000110011101111101100011
1101111101001110111101001111011101010101100111111011110001011010100101111101010010100010010011110001011101110111110001010100000110101111010000111101100001111010011000
0110010111111100111111101011111111110000001001000000101111111111110001101011011111010111100001111001100111001111101101110100101100101100001100101101111010100011101111
1011110010110010011111111101001100001010111100111111111011100010010111100111101011001000010001010111100111001100001011010111011100101011111011000110101010000011101100
1000010111111001000111000111111011111111111111101011110101011110101111101111011001110010000110100000111001101111011111011001100011101101110010001100001011110111101000
1111101101111111101001000111111010001100101111000111110010110100111111100100110110010111011001011110011111011101010011110111101001100001100011010111110011011111011110
0111111111011001110010011011111110101100011010010111011110101101000011011100110011011011001101010110101110101101111101011000001010011110011111111010110111000101100001
1101100111011001100111100001000110011111010111111110011101011101011001110111111111111110110010101101000001111111111010101000101001111100101100101101001111101110100011
1000100101110100110101010100010000101101010001011010110110001100111001001011101001101010010011110101101011010111001111111111010101101111011011001010000111111101101000
1111010010111110111111110101110101101000011111001111110111001010010111110001101101100100101010110111101111111011101110110010110111100011010011101100011010010011010011
0111110110111010011111101101111111111100110111111100100000011011011101110100010111101101011101110110010110101100001100111110100111101111110101001100100111111101001001
0010110101110110111110100111010000001111011111010111011101110111011101011000000101010101001011111110101111100110110001011111000011110110010101110010100110011110110101
0011011110110001011110111110100110010101001001001000010110011111011011100000011110010011100111001110111111101001000111110000011000110110000100000111011001011100011100
0111010011110111101110001111110011011101000100111001001001111111001011000101100011000110110111001111000001100010011001011110011111101011110001111111111001001101101010
0110000101001100000111110100110111111011101101111010001110011110111111011110101110011011011110111101101100110001001001010001111011111111011110011111010110011111110010
0010101000010011001111111000001011001100010100101100000011011111111111110010001101111111111111111100000101100011110001001011111011111100111111010011010000001011000110
1000011110011101101110011011101111011011101111110101010101011011000111010001101111010000011100001010100101010011110100010011111011111110111110011001111101000010000100
1111001111110100010111111111011101111101110000111011111111111110001001100111100000110110100011001000111001111111000110111110001111101100111110001011011111100100001111
0111110111100010000010100111111111000001110000101011011110010111111011101000001110000110100101100000111111001011100100011111011111001111101100011111011111001000111000
1111011001100011100011111011111101100001000111011010011010101110011100110101111110011111100011101000100010100100011010110100001101101010000011111010101001110001101011
1100101111101010110111110001001111011100001111100110010101001110000010111011111111001101000110111110110010000001010000001011010111001100100101111101110011100010000110
0101100000001010101011001111011011111111101000110000100011010010011000000110111011010011001110101100011011000010001011011111001101001101111101110111001011000110001101
1111001101111011001101111100010110111011010111111100111011110101110111111111111011111111001001111000111100001010101001101010100011011100110010001000101101000100000100
0111110111011110011111010111100111010101010110101010001010101000110011011010110101110111001110101110111001011011011111011001101110011111011011111001010110001110100101
0001111100100110111001101110101010101101011111011001001011111110100101111111100100111111111110011100000011001001100101101111010101101011100001101000001100111001111010
1100010011000001101011000011111010101111001000001010000001110001111110111011111011111101111001101101111011000101010111010011110011111001101101001010100011101011000101
0100001110011001001111000011101011000011101010111011111101011111100111110110110000001001110111101101100001110010110100001100001111011101001101000110111000001010101010
