0111111101000001010000010000110000110011110001100100100100010001100101100111111100111001100011001101001111
1010000001001110100011111100000111111100011010010101111111101001011101011001100100101011100011101001110101
1100100100100110101110011010001111100100111011111010100110111100110110100100100101101111111001100111011111
1000110001101110011000101011001101111111000110101101010100001101101110011011111011000110110101100110010100
1011011110110001101110110001111010111101010111011111011010000010111110101000100000101001101101000111011101
1001101010110100100010000110001100111000001111111101100001101011000101101101110010101100100111001000110011
1000110011100110110010101000100111010011001111111111110100100111110111001011011111000010101010001111110111
1010100011011000111001111001111110011111010100100011111110110111111110000100110111111110000011011000101101
0000111100001100110100110110001101110100111111100010101111100111010100101101001110000011011010101101110100
1101001100011001011010010101001001110100010101000111100010111010000111011011100011100110000010001101100101
0011111000001010011101010011110110111110101110100001001010101111111011101110100100101001010001000010001010
0000110101001001001111000001001011101100011010010000111101110010110101110011110101101100101010001101110100
0101000111110011010000001100010101111010011010111110001100101110111100011011100010001111111110110001100111
0111011010000011111100100100011011011111001001010011111101001000110111111101010011010010101100110101000110
0111001000101101111101001000001101110011111110101011011011100101010110011101001111011000010100111110011110
1000100001011110000001110110111000010011011100000001000111111101011001010100111000101011110101101101011100
0110111110000110000111111111011001011011001111111010111101111001111001011101101111110001001101011110000010
1001001111101110001101011010110001001010101010100001111101100011101110111110100101011110100110111100000101
0011100101110110010111011011111111111111011111011111110000011010001001001000001011111111111110010110111011
0010100010110110111011100111011010001110000010010011100100010100110100011100001011110011000100101110001101
0110111001010000101100011101001111001000111011101111110001100100001111011101011111111010101110010111010011
0100000100110011111100110001100110000110010011000111101001101010010001011101111011101101100001101111111101
0101101110000101100101011111100000011110110100101110000111001000010001110000110110111100001111111000100110
1110100111100001111011100011101111100110110100011110110000011011101000000011110110101011111011000001000110
0111001100001010111010100011111101011100110111001101111111001001010001101000110101111000100100010001110011
0100010011001101100110100000111111101111011011010000011101110010011001101101010101001000100101101101111110
0011010010100001111100111001110001110111110110001110000101001101100101001101100000100100101000101100100011
0001100101110000101111111010110110011010110100110111001100000111100011011110111110011100010001110011011111
1000101100100001011001111111010100010000110001101110011110111001000010111101001111110010000011011111001111
1000100100101101111100001111101011110011110111111100101111010101011000000011111110100110000011101000000010
0011110111010111101110011100010010000111010000010110110010110110101010110100001110001000010111001101011011
0111011110101010001011011101100010100111001110110101110111000011011101101110000100011100101100011110111011
0110101100110100001111010101011101011111001111111011110001010110011110101110100001100000101010110001101110
0111001011011110111010011110010010110100101010100110001100111101011110111001100110011111110001101111110101
1111110011111010001000010110010101001110011111011110011011111110110111000101101111110011111101011100011010
1101111111101111101000101011110011001110111101100011010011111000001011001010100000010111101100101011101001
0101110100111100111110101101000010110010110000101101001100011101110111010111010100111011001000001100011001
0111100111110100001101111110001111110011101011001111110101101101011101011111111111010111111100011111011111
1001001100101111111101110111011110111100111101100011111001111001100111110110101110001001100111000111111111
1001101100000111101000000110011110000100110011011101011001101010100111100100101100010011111001011011000001
1010000010100010010010111011110001011111000001101101111011111100110101011110101101100111111101010100111111
1110100111011011001011111111111000111011001100111001001000000100100110011010110001110001011000000001001110
0110011010111111111010000100000111110110010011101001010011101000001110100111001111011011011100110100110111
0001111111100011101000111011010110110010010001010100111001011011010101010101011101110100001110110011110100
0111111010111010111111001110010111100101001000101110001011011110100111101011011000100101110100100101011000
1010111011000100101011001100110010110111101100000101001110010110010111010011110111111110111010000100111011
1011011110101010110010100001110111011010111010000000110110101100110101110111110010111101110111110010010011
0110111000011100101100010101011110100001010100000010011111000110000101111111010110110011101110011101110001
0011111000001010101010111010110010101101111010000010101011111111110101000101100010101011001010111111011001
1101111001001000001011111011111101101101100111000011010001011111101100101010101111101110100000011011001001
0010101111001110101111110011101011110110000010011101001100011010111011001111110001110001110110001010000001
0101111101100111011111001001000110011111111001000110110011001010011011000110010001111011011010110101001101
1110011111010100111111011000011110000110100100101001001111001010101001101110101000111100111110011111111101
0101101100010110111010011100101110110111101100110101000000110111011001111000110100101110101011101111000101
0100100110111110110001001101110001101011110111011010100011101101111111101110110111100010111101111101011111
1111001110011101110100101111110101001100000001110010100011000100101101100101101000110010110110111101110001
0110100111100011000000101000111100110000101011111001101101001110001111000110110111010110010100010001101100
0100010010010111110011101110010110110111101110011101101110101011101001101111001000010001111101011001101011
0110011111111011110011000100101001110111101000101000011001011111100001011010111001011111011111110110101001
1010000101010001101100010100111011111010100111001110010000100001100111110110011101001001101101110010011111
0111010001101101101001111010100001111111101110101111101011100101010111111001011111000101001101100111010110
0011001110101011000110000011011011101100110011111100011110101001101111100001111111110011111111111100011011
0000111111111000011001010101001110100001000111011111110011100001110000110100110001110111110001010011011011
1101011110100011110000011011110101001110000100001100011001111110111011110110100001010011000110101100011101
1011101100111100110100010011001000101011110010101110101101110111010110100011101010011100010110000111010011
0110101110111111100101101100010111101100100101101011011000001011100001001100111101010101001110011111011111
0101100100101001111010010100011111010100001000000111111111000101000000001101011110111101001111001010110111
1111111111011110010110000010000111101111111111111100001110011100100000100101001100000010101000100000111101
0011101101100110010010000001101011111011011011000011001010011101100001100100101111010111011110101111101101
1100011001110101101011101111000100111111100111111011111111111101010010010100100100010011010001001100011011
1010110010110100010000101100101111000011001010110100111101011111100110010011000011011100010111111011101011
0101000001011111110111100001101001001110110101110000010000111011000001100100101101101101010000110011110101
0101111011101110111111001111100111010100110010010110111001101000011000000010110100101100011111111010110010
1010010110100111110111000111101110101111101100111011101111010011011111010001111111101100101011111100100001
1001001001111000010000010001010110011110111011110111101011110001100000101001111110110101111111110011110101
1101011011011110100011010110110001101100001111111010000101001100101100100110011100000011100000001001010011
1111110101111001110001111011010011110111110001101110111110100111110011011110001101111111111011101100111011
1001011100010101000011111101010000001100010111110011011010111110011000001111001110000001000000000100001010
1001001010000011101111000001111000100111101110000100100101111100111110010111110111100011000111111100000011
1110001110110010110010111101111101101111101101010100011010011100011111011111111000010111010010100100111111
0001011111001110101111110001111001100110001001111100001010001100101010100110011001111001100110101001001111
0011001101010110111111001100100010100100111101000111001010111111010010110100101010010010111001110001011110
1110110101110001101111111010110010101000110111111111111100000110001000011110101010001011011111101101111110
1000000100000110111110101001100101111101011101110011100111100111111011100010100111000010111010011010111011
1110110100111011011011111101001101001010001001101101110000110000101000111100100010100001110011000101111101
0011010101011000011001100011010101010100100111100100110010101010111010111110100100000010001011011011000100
0111001111001101011110010000110001111101101001011101011110100111000111000001101101110101000100111110101111
1110100010101001101101010000000001111111111010111011000001111111011011010011111110101010010111111110001100
1111111000011101011011011110000111110111100011110110111101010110000100000111100011011000001101010000011100
0011000010101011001000010001001001100101111011100011101111100110100011111010100101111001000010111011101111
0010101010011100101010110010000110111101111101011001111001111100011110001110100001110100100100000001000001
0001110000001111111110101100001100110110101110110010101111111101111010101010001010100011101000110100010111
1100011111011000011010110000111010000010000101111011110100100101111010101110101110111101010001010011110011
1111110100100001100001110101111001100011100000100000011001111110001001101110101001101101100010110111111011
0111000010001111010101100111010011010000001110101001011100111101000110111110101111100011010101011100110011
0000000100001110111010101001100110100101101100111101101111110110010000111110001001010111110111100000011011
1100011111010011110101100110111101111101000000011110111101000101011011101101101010110111010000100101001111
1011101011010111111111000110101101101110101011011001111100101101110011000100111100101011000101101010011101
0011101000100010101111000001100101010111000100101110110000111010111010111010000000010111010011000101110001
1110101011011101000011011101101011010111010110011101111111001010110010110011000011101100011011001010000011
0100011111011000001001101110000111010010101101010000100111100000001110111110100100111010010011100010011000
0111111010010011001011001101001101101110101111111000101100011111111101011011100101111000100111110110101111
1010100100100011001101000101101110111110110011001101101011110111010111100000110111111011110001011100110110
1111101111011111010101110101100011000110111100000001111010011001011110010010000111101111110100001100011011
1010011000101110101010111111111110100110111001100000001001011110111001101001111111110010010111111001011100
1110111101001000011111001011101101011111101001111111111101110111111111110111101110011010011111111111010100
