011111010100111011000110110111111111011111011111110011110111010101011111110110111101111111100100101110110111111101110111111001001111011110001101111111110101111111111111111111101
100111011111110011010101111110110110001101111110111011111111111111110111111101111111111111110011001101111111011110011111111111011100011111011101111111110111110011011101111111101
100111100111111011101111010101101011111111111010011101111111110111110111110101010011111111101011111011110111011110101111111111111111111111111111111111110111111111101111110110011
111011101110111100111110110101001101111111101101111101101110110110011011110100011010011111111110111111111101111101110111011111111001110111111110111111111111011111111101111111111
111101111111111110011111010111111111111111111101111111111111111111011110111011101111001011101111111100111111111111010110001101111011111101101111101111111111111111110110101101111
111110111010111011001011001111111111011100111001111111111111111011110111011110111111111101101111011110100011111110111111111111111011011110101010110001001111011100001111100011110
001111011110011101111111110111011111011010111011111111101111101011111101110011111111010111111111111111111110011111011110111111111110011110011101001111111011110111011111111110110
110011101111111111011111100100101011110110101111111111011010110011111110011011101111110110110111110100100010111111001111111111111110010111111111011111010010111111111100101111111
010111110111111101111011011101111111111011110111011110111110111110101111100011101001100011111011111100011101111100111111111100111110011001111111111111111101111111001111110011010
111110111011111111111111011011101111110101111111001111010111111110110110101111010011101111111011111101010100111111010110111111110011110110111111110111111111111111111110011111110
011111111100100111011111111101111111110111101111111110100111100010110101111010111111011111100111110011111111110011001111101011011111101111101100001101111011110111101111111111111
011010011100111111111001110111100111110111011110001100111001001100111011111111011111110111101111001111111111111111111110011111001101111101110011111011111111011111011111110111101
111111011111011111111010111110111011110011101111110111010111111111111110111111111011111011101111111111111011111111111111101110111110111111111111111111111111100111010011101111110
111111111101101100110011011110111111111011110101100111111111110011111001011101111111111111111110111110001011111111111111110111111111101111001011011011110000001111011011011111111
101111111101110001101111111110011010110101110010011011110111111011101111011111111110111111011111011111111111010110111011111110100111111011101000101111111101101111101100100110111
000110111111110011001101111101011111111101011011101001011111101111101111111110000111011111101100111100111111100110111110111001101111111111101101111011101110110000011101101001101
111011010111100101111101011011111111010110100011011110111111110111111101101101100111001101101101111101011111111110111111111101011001111011111100111001111101111111111100110011101
111001111111101110111111111001101111111101111110110111000111011111011101011111110101110011111111110011101001011110111111110101111001111111111001111101111000001110111011111010010
001100101101111011001100111111111111101110111111111111111011111111111101001111111111101101111111111011111111111111110111111111111111111111111111111111110111111111111101111111111
010110111111110011001001111111111000011110110011111101101100111111111111111111110111111011111111101111111101001111110110111111101111011110110010110110011111101001011111111111110
001111111111101111110010111111111011101100110001110111011100111100101111101011101101100110001111111111110111110011111111111001111111111111001111111110111111010111110001111110110
111110110110001111100011111010001110111111111011111111110111100111101011111010010111111111111110111101110110111111111111111111110101101110111111111111110001101101111101110111111
101111111110111001001101001011111110111111111110111111110111110111111111111111011001101101011110111111101111111100100111111111111011010111111100111110111011111110111111011111111
011011111111011111010110111011001011011111111010110111110011011100111111111110111111011110111101111111111111011111111111111101111101111110011110111011111001111100111011111111001
110100110011101101111101011101111011101111101111110110110011011111101011111001111101111101011100011110111111000101110011111110111111111111111001111110011100110001110010111111011
111110101111111111111101101111011111101101001111111111111111001111101000000011011111111101111101111111111111111111110011011111101110111111101010111111111111111100111101111111111
010001001110111111111111110101110111111110101101101101111001111111111110110111111111111011011111110101101101001010101110111111101111111111111111110111011100110000011111111101011
111111111011111100111000111011111101111100010011101110101111111110110101111011011001010101011011111110011111111101111011111100101101111111111110111111111111101011010111011110101
110011100101111010111111010100101111110011111101111111100010111101011000111111010101110111010011111101111001101111110110111100001111111111111011111101011011000111010011111111110
101111101111000111111011111100101001110111011101111010001110110111111111110110111111010110111011011111101111111011101001010011111101111011111100100010110110110100111111110111101
111011011111110011111010101111011110111111011010110101111111110011111011010111101111101100101011111111111001111110101100110111111101011110111111111111101111111101111111111111101
110011101010111110111010111100101111111111110110100111110101111011011001110011111011010111111011111111111111001101111110111111000111111000111101111110111101111110111111111111111
101111111110111111111111110111110111011101011011101111110111101010111101110111111111110001111111001110101110101111011111111111111101011011111100101111110111111111111011111111100
110111101111010111100110011110111011110101101111010010111110101011111110001011110110110101111110111011111100111011111111011110100111111111110001011111111100111111111111000111111
111011111111111111101111111010111101101111111010010111111111111111111101110001111111011111001011110111111100101111011111111111111111111101111111111010111111111111111101101111111
101111111111110111101001111111011110011011011011110111111011111111101011010111011111111111111110011110111001110110111001111111100111011111111001010100111111101101011111101110100
001110011111111101101110111111110110010011101001101111100110100111101011011111110111111101101111110111111110101111110010110010111101001111101111101111111010111110111110011110111
101111111111111111010111001111111101101110011111110111111110111001111011111100101111110111111010111111011110111111111111111011110011110001001111000110010111101111111101010011111
111111101000010101111111111100111011010111011010010111110111010111101111111111011011011111111011111011010111111011110100110110011111111101101110011010111111100111111111111101110
111111010111001111111111111101111110011001110111111111111111110111111110111110111111101001110110111110110111111111111111111111010111111111111110110111001101111001111101001110111
101110111011110010110111101011110011111001011111001110100010111110110101111111101111111111111111111111111001011101111111111011111011111101111111111111111111001111111010011011111
111110001111111101000111110011111111101110111101111111111111111010111111111101101111111111101111010111011111111111011111111110011111110110101010110111011011110100111110100111001
011111111110111011111111101010010110100101011111100101111110011110011111111111111101110110101111101111111110101111010011011111101111110100011111001111111111011101101111011111101
111011101101011101111111000111111011011111101111000111111111100111011101111111111011011111111101111110011111111110111111011111111111100010001011111111101011110110111110111101101
111111110111100101100111111011101111111011110111111011111111111111001111111111111111011101011111111011111111011010111111101111110010110011101111111111010111111111010111111111101
110110011111110001100010111011010100010111111011110111101111011111011111111110001111111110111011011111111111011110000100110011101111110010111111101011110011100100101111111110111
111000111111101111110111110100111111011110111101111101101111111100111111110011110101011101111111110101111011011101001100111111111011111111011010111111111111111110111011001111111
100111111110110110111100111111001101110111111110111111110011111111111111111111100111011101111101100111111011111110111111011101111111111011110111110111111111101111111111111111111
110111110010110101111111111111111001110101101111011110111111111111100111110101101110110011111010111111111111101011111011111101111101111101101110111010000111111001111101111100011
111111111010101011111111110011100111011101001111101111011111111111111111110101111111111101011111111101111110001111100111101101011100111111001111110111111010111111011011111001111
011111111111001110110110011111001000100111001011110111101011111111110101111011111001101011111111001111101111111101111101010111011111111001111111111011111011110001001100101111101
001111111111110011111111111110111011111111110111111011110111111011000011110110111111011101110101011011111110111110001111100011111010111111011101101111010111011100100101111111100
110011111110111011101111110111011111111111011101111100101111011111101101111100001011110111111011011110011011101101111011111111111011111110011111110111000110111111111111111011011
111111110100111101111111011010111011111101111111011100111111011011011110101111111111001111111111111010101010111011111111110111011011111111010101101111111111110111111111110111111
111111101011011010110111111110111111111111111111101111011110011101111111111111011011010111110101011111010111110110111110100110101111011110011111111100011111111111110110111111111
111011011101111110101111111000111111011101111001110101100110101101011111110111011101001101110101011111001100011011111111111111010111111111101100100101111111111001110110111001110
011111111001010110111000011101100111010101111110111011100011001110111110110101111101111111111111011110111110111001111111111111011000111111111111111001110011111110100111111111111
111111101110111111011110010101111110111101111110110111110011110111011111101101100111111111110111011111001110111110101111101010111011111111101011110101111101110100110111100111101
111111111110111111100111110111101111111111111111111111111101111101111110101110110011111111111011001011111111111111001011111111111111011110100111111011111110111001111111111110111
111011100111111111100111111100111011001101011111111111001110010010110111001111111111111111111111110110111111111111011101110111111111011111111010100111111111111011101111010110111
011111111110111110111110001111111111110111011011111100010110011111111011000101011111110010101111110101011011011110001011001001111111111010111111111111110011111010111111011101011
111111011100111011111011101111110011011111101111111111100111101011110000111111111110101111110101111010110011111011110111011111111111101111110111111010111111110110011111010101111
010011101101101101111001111110011111010011101111111111111010110101011111111011011011101111111101010010011010111010101111101111110010101001101111110100000111111011101111010010010
111110001101100111111111111111000011101110111111111010111110101001111111111011101111111110100111111011101111011011111110100111111111011111111101111111110101111111010111001110101
011111111110111111110110111101111111101111111101111111001101110001100011101111111000110100111001110111010111100111011001011111111111111111101111101101110110011000110101111111011
111011110000111111110110111011110111111100011101111111110110111110111111111011111111011011111111111100111111001001101110101111101101011101011100111011111111101001111111011000011
011001111111111110111111111101101111111111000011111010101011110111001111110110111111010010110111101110111101101111111101010111110111111101011111100010111111111101111111111111101
111111110111110011110011001111111110010111110111011001111111111101001111010111111111101111111110111011101010110100111101111111111101111111111011100011101011011111110110100110101
100110111001111111111111111011111111111101111111010011111110101101110110110110111111111101111000011111011111111111111011011001011101111100111111111111000111111010110011100011101
111011111110101111111011001101001110001111111111111011111111001101111000010111111011111011111101111011111101111101110111111111111111111111010011101011100111110111111111101111111
111111011101101100011111101001100101111101101111110101111111101111111000011100110101101111111111110110110111111111011111111111111111011110111111101101110111111011000100101011111
111101101011011111111111100101111011111011111111111110110101101111110000111101111111100111111111100110111110111110011101111001010111011111010101011011110111101111111100111010101
111110101111100110011111101111011010011111111111111111111110011111101001011011110111011111111011111111111111111111011000011010001000100011111111111000011011111111011011111110011
111111110011111101010111101111111011111111111111111110111000011101111111101111111100011001101101101001111110111111011001111111110111011111111111111011111101111111101110010011110
010011010111111111111111100110000100111111111101001011100111011111000011110010011111111011101101111111101100100110010111101011101111100111010111111111111101110011111111011110101
111101000101111111110011001011101001111111111101110111111111110010111111010001110001101111011111111111100111111111101101111111011111011111111010111111100101100111110101111011001
100011111111101101111111011111111101101110111111001101110011011111111100111001010111111110111111010111011111111111010101011111111111111111111111111110111111001110110111110000111
011010111101111011111010111110111111101011111011111001111101111111010101110110011101111010001101011111111111111111011101111001110111111110111111110111011010111011110101010110011
110011111010111011111001101001111110110111111011111101001111010111111111110100001111101100101101011110011110011111011010011111111111110111111111110100110111001110111111110111111
111101100111111001110111111111011111101100111010011101111011111011111111111111001111111111101101111000011101111111111110101001111010110111111111111110111110101101100111110011101
110111111011111000101011111101111011011111111100111111111001111111111101011001110011111111111101101011011101111111110001111111101111111111010011110101111111111001111001111111101
110011110011011111111101111011101111110111101111110101011101110101111011111011110011011111110111011111110111111111111111001111001001101111101111111110110110101110110011110111011
011111110111111110110101011001111111111111011101110111100111111101111101101010111101011101010101110110111111101001111110111111011111111101111111111111111111011101111111111011111
111011111111110111111111111111111011111111111111011111111111101101111111101111111110011011111110111111111011111111111101011010011110111111111111111101101111101111111101011111100
111001011101111001111110111010101101110111100100111010001111111110011111001111111000010111110111011100111110111011111111011111101101101111001111111111011111111111111111111000111
111101110011111101010101111111011111111011111111110110101111100111101100111011011111100110011111100111101111111011011111101111111100010011101111111111110010111101101111110011101
111111000110111110110111111000100011101111011111011101011111011101011110111111111111000111111000111101001111110110111111101111101011111111110011111111010111111111001111111010111
111101110111011110101111110111110111111011111111010111111111011110011011100110111110111011111100011111111111111111111111101111111110111110111001110111111011100111100001101011001
111110111111111101011101001011010011011011110100101011101111111101110111101111011101111101011111111111001101001101110011101110111101111111111011011010111111101111111011001101111
111111101111111111110110111110011111111111011011111111111111011001011111111100011111101110101100111001111011110110111100101111000111111111111011111011111111110111110011101111111
111111111111110111110101010001111101111111110111101111111111111111111111111010111101101101000011101011011111011111110111100111111010111011111111110111010011111111111110111011001
010100111100011001110111111111011101011110011111111111111111011011111111100110001111111110000111111111010110011011101111101111001011001111011111111111101111110100101111011100111
001111101101111111111111111101111111111011111111111011001011101011011111111111111001011111000011110111011110110111011110010110111011111011011111010111111111111111111101111111001
100111110011111111111111111000001101100111111011011101111101111101110111011111111111110111010011011111101001110111110111111111001011111011110111111011011010011111110111101100011
011111111111111001111110001111111111111111101110111011001111100101110011100110000101110010111101111000111010111001111111111111111000111111101000011111111111110111111111111110111
011011111111101011111001011111111010101011111111011111111111111111100111111111111110110010111110010111011101111111100101101111111111111111111100111111001111111011111011111001011
101110111110110111111111011110110110111110111011110001000001110111110111111100011011011011111010011110101101001111111111111111111011111111111111111111111110111101111101111011111
001111111110111111101111111111110111111111011110110111111101111111011110101111110111101111011111101111101111111111110110111011000111111110011111111111110011101101100111111011011
111111101101111110111111110111111101011110111100111111111110010101111100111101111101101111110110110010110110111011111001011110111101110001010101110101100111011101001100011011111
110111111101111110011111111111111011110111110111111010111101100011101011101111100111111110011101110000011111010111010111111110001010010111111010111111111011101101110000101011111
101101100011111001111011110101111111111111111101101111111111011110111111101111101111010110111101111000111011111111110111100101011111111111100111011101111110101101111100101010010
011100100111101011111111011011110110111011101111111100110110100110011100111111001101011111111101010000101111111010011111111111111111111111001011110111110111011011011101111111101
111111110011101101111111111011111111100110101111111101001011010101110111111101000111110101000110111011011111111000111111111001111111101110101111011111111001011010011110011111011
111110101111101110111101110110110111111111111111110110101011111011101111110011111111100101111011001110101101111111110011011111111111011111111111100011111010101111110111100101110
010110101011111111110011111111111111110011111111111111011111101101111101111011111011111111101111110111110111011010110010111101111111111001111111111010010111111110101111101111101
111110101111001110111111111101011110111101111100111100111111000111101111111111111110111110111001111101111010010111111111001111111100110111111101011110111011111011111001111010010
111011110011111110101111110101011000111101111111111111101111111111011011110111100111111101111010011111101101111001101101000111110111011100111101100110011111111101111111110110000
111111001011111111111011111111110001001111011111101010100011110111101110100111011111011111100101110111111010111100010110101110101011111011111111101011110111101111101011111110111
100111011111110110101110010111101111111101110001101111101111011010111111111111011111111101001111011011110011011111011111111011101110111111111101111011111111111000111111110111111
111111111111111011101111010101100101011111011111001101111111111100011111110111111101111101111111011111111111100110111001111100011010101010101111011101010110111111111111010111100
111111111101110011110111011111111110111111111111111111011111111101101111110111111111110110110011111011111011100110101101111111001111101110010111110111111001010101101111100111111
111111111101111111110111110110111011110111110111011110100111100010111111111111111101001111101101110110010101111011111110101111001110101111111101011101111101111110111011111111001
011011110111111111111101011011101111111101111101110101110111111110101011111111111101111101111101111111011100111101110101111111111111001101001110111111011111111101101111101011111
100110110111110000111101110111011110111111100010111011011011010111101110110111111111110110111111111110010110100110111111011111111110111001101011111101111111011110111101111111111
101101001001111111111111111111110101111110011001111011111100011101111100000100011111101111110111111010111110011111011111111111101111010111111011111111101111010110111100100111111
110111101101111111111101110110011111111111111001101011111001010110111111111011111111111111101110111111111101110111101110010111111111101100110110101101011111011011111001101011110
011001111011111111001101001101111111010111011011101111111111101111111011110101110111111101011010101001100110111101110110101011101001101001010011111111111111110111011111111101001
111111111111110111111111001010111110011111011111011101111101011101110111001111010111111101111111110111100111101111111001100111110110101010111111110100001111110011101011110111100
111111111111111111111111111110011110110111111001110111111110111101001110001000110110111110111110110111111101100101111001011011111101111111111011111111111111111111111101011010011
111101011010111011101111110101001111010111111001111111011111111010111111011111001101111110110111101111110110111011100110111010111101111011111000111111011111111011011111101101111
111001111110111111111111101110111011111111001110110111111111001101010111011101011010011111110111110111101001111110101101001111111011111110111111001011111011111110101111111101111
111101111101011111111111111111111111111111110111101011011011010010111111110111101011100000001110111101111000111011110011001110101110111111110111111110111111011111100111011110101
111111111111101110111111111110011111010111111011110010011110111011011111111111111111111111010111111101111101111111101011110101111010101111111111101111110101111101011000011111111
011111111101111011110111111110111111001101111011111011111011011111110110010110101110111111111111101111011111011111110100111011111011111101100111111111111110111111111110111011100
011101110111111000110110111001111111111111111110001111111111011111110110111110101111111111111111111101010111101111111111110100111111101111001101111111110111110111110110111101111
111111110111010111111111011001111011010110111111111111011011111111111111011111111110111101110111110011111110101111111110101100001111101111110100111100001111110111111101111101111
001111111100111101111111111101101111110010111111100110100111111111110110011011111000111110101011101001111111100011111111111110010101111111110001111111100100111111011101101110111
011111111110110011101111100001101010111111011011111111011111111110111111010111110011010110101011101011111110010011010111101110101101101101111111111111011101111100111101111101111
111111111011110111111011111111101010101011110111111111101111110111011110101110111111111110111111101111111101111111111011111111010010101110110111011111111111110111101001100110111
111000111011111100111101111111111111101101110101111000110011110111111111011111101011110111000001011011111110101111110111010011110001111001101101111101111110110110101110110111111
101011111110111100111010111010010111011111111111001111110111111110100111011111111011001101111101110111111011111111110100111111001001110111010011100111111110111111111000010111011
101111000111011111111111101111111111111111110111101011110111110111111111011111101110101011011101111011111011001010111011100111110110101111111111110011110011101111111110100000110
001110000111111111101101111111010110011111111111111111011100111010111100101011111111101111101111111011101101111101011111111111111111011101110000101101111111111110111011110110111
111111111101101111111011111111111111011111101111111111111111100111111111010111111011011111101111111111011111100001100011110100100110101011111011111111111011011111011011011011111
111011101011111111111101111111111111101110000011111111111111111111111111010111001111101111111111110011111011111111011111111111111101110110011011010111111111111111111111011111101
111111110111110101111111111110100111101111100010110111111111010111111111011111111111101111010011110111110110101110110010111111111011101011110111111101110101110101111110111100001
111101110110111111111111111111101101100101011111010111111111110110010111111111111101111111111111110111110101111100100111111011101011011101111110101111111100101001101010111111110
011110011011111111101010111111001111111110001011111101011101011111110101111110111111111011111111101111011101100111101011011111110111110110100111111111010111011011011111011011011
001111011111101111110110111111111111101111001101101000011111111110011010110111110111011111100111100110111111110101110111111101111101110111011101110111111111011111101111111110111
011100111101100011110111101111111111000110100111001111101001110101111111111111111011001111111101111100011111101100111111111001111011111110101111110111111111011110111110101110111
111111111110111111101111111111111011111111111110111110111101101111111010110111110111110111111011110101111111110111100111101010010101011010110110111011011101001011111111001110001
111110111110100110101111001101111010111110101101111111111010111111101011111011110111110000111101111010111111111110010100111111011101000111111010011111011011011111110111011110111
001111011101110000111101011110100010111111111111111010101111111010111110111111111111111011111100110111111001011011111110111100011011011111011101111111111100111111101111111011111
111010111101110101101100101010110111110010111101011111101110111110111111111011111111111111111100111011111111111101101110111110111111011101110010001011111011010111111101111110100
111111001101101111111111111111111010100111011111111111111111111111111110111111111111111101110101111101011011101011111111011111110111110111111010011100011011111001010011111111111
111101011101110111111111111110110111001111011011111010101110111101001001111111111111111111111111111111101100111111101111010111111101011101111110101110001100101011101100110101010
111110111011111111101111110110111110101010111110101101101010110111001111111110010111111011010111110110101101110111111011111111111100110111001111110011011101111011110011101110111
111110111110101001111110111110111101110111111011010111110101101110001010001111111111111100111011111111100110011111111111011111111110111111110110110011011111101101111100111111011
111110111101111100111111111101111110111111111111111111000011110101111101011111010110111111111111110101111111101010101011111110111011011011111111011101111111111111101100011100111
111111111111111111100101011110101100100111111111011111011111100111011111011101001011111101111111111111110001111111111011101110111111111111111111001110011101001011111101101111110
111110101111111111101111010101111111101010110111011001011111110111110111011110111111010111011010111111110101101101101010111110101111111110110011000010011111111111111101111011001
111110111111111011111111111111011111111011101111011101111111110111100011111011111110111111101110110111111111111111011011111110011111111111111111101111100111011011111111110111111
000111101111101111011011111110110111101111110011011001110111010001110000111011011011100111011111100110110110101111111111110101011110111010111111111111100111111110011111111011110
111111001101101110111000111101111111011110101011100111110111011111101111011110111111101011011011101011001011110111111111011111111110101111111010011111111011110011101101111001010
011111110111100100111010010111101011111011111111111111111011111011111111100011111111111111111111111111011111110011111111110111001111111001110101100110111101111110111110111111110
111111101111101010111111010110111011011111111111101101111101111101111111111110101011101111111011011101101111101111111111111011011001111101111101101111111110101111111111100111111
111010111110101110110111111101111111111101011111111011111111111101101111111101011101111111111011110110011111110110001111101111111111101110000010111110101111001011011111111110101
111111111111000110101011111001111110100101111010111111111111111110111110111001001010111001111111101001101110111111111111111111111110111101110111101010111110001110111011111111111
101111011101011011110111010100111111110110101011110110111011101111111011110011111111111010101101111111111111110111010011111100110011111011111110111111111011110101111111100001011
101111111111111011101111010011111111111011111111010111101100010100110101110110110111111111111110111110011011011111101010111111111111111100110111000110101011011010101101111011111
111110111111111011101010000110011110111010011011010011101001111100011111111111100101101111101111000001111101010101111111110111101111111001111111011011111111110101111011011111011
111110111111111010111100100110101111011110101001111011110011001101110111111101011011111111101111111111010111011010011111011111101011011111101111111111110101101010111101111001111
101110010110001011101111110001111110111111110111100111111111101011111101011111111111110111111111110110011111111111110110110111011111101110111111011111110111011111011000101000111
110110110101110111111111111111111111111111011011110011110110110111111101101111101111100011101111100111110110110101111011001111110011111101011101101101111011111011101111110111111
111101111111011111110111011001111111111111110111111011000011111001100101111000101011111010111011101011101111111111111111101101111111111111111011010111111111111111110110001101100
111111111111001110110110011101110111111101111101101111111111111111110111011111110011111000111110111011111010111011101011110111110101001101111111010111111111101101011010101111111
101011101111110001010011101111111101101011111111010011111111111101111100111010110110111011110111010000111011111110001101110110000101111111111110101000011011111010011100010111110
111101101011110101111111011111111111011100101111110111001111111111101100101111111111111111011111110001011111111111011111110001111000111001101111101001111101111111010000111110110
111111111011101111111101111011111011001001011101111111111110000010111111100110111110111101101111110111011111101111111101100111111101100110110011111101111111111101110101011001001
111100101111010011111111111111111000111010111101110111111011111011100001111111111111111000111011111001100111110101001110111111010110111111100111110110111110110111010011101110011
110110110110110101111011111110111011101110111111111110111010100111100111101100001011101111111111111111101101000111011011111111110000011111111111101111101110110111101101110011100
111110110111111000111111111111111111101101111111101101101111110110110100101001101101000011011110000001111011111101101101111011111110101110111101111111010011110010011111010010111
111101111111111011111111110111111111110111101111001111101111001110111111111101111111011101101010111111101111111111110110011100101110111011111111101101111011110110010111011100111
110111011111110110110111111011111110011011111011011111111100110010101110010100111111010111101001111101111000111111111101101111010110011011000010110101111111011111011110101000111
110111110111111110111110010111111111111110111111011101111111010100111111011010111011111011010010101101011001111011110101111111111101111010110111101011011011110101111111001111011
001111111110111001111110111010010110111110000111110011111011111011000110110011100110101011010111111110110101101011110011101011111111110011110110111111011111011111110111010111100
111110010011011110100111111101110110110111111111111011101111110111111111101111111110111111111111111101101001101111101011111011111110111101111110101110110001111111110100110111100
