01110101001111011100001111011101110011111011110110111101100111001111111111101110111100101011101110011110111101111110
10101111111011001111010101111111100111010110011101101000001101111111000011101111111111001111011111100011011001110011
11010001111110111111011101000101101011111101111001111111101101101111101011111101110101010111100111101100010000111011
10101110101101010111110101111001110100111110111111111011011110110011111111011111110100110111110011110101111110110011
01010111011101000110101101111101101111000110101100110010011111011101111011111111111111111011110010101111100111111101
11011011110111011011111101110101111011101011011110111111100101011011111011011001111110011011110011111110011111111011
01011101111011111111111111011011011111001110101011111001010100110110111111010010111011110111110111110111111101101011
11101110110011111011101111101110111101111011001110111100011111001110001000010111111111101100000101000110111111101111
01110111001010110011111110111111101001011101111100111010100001011111011111111011011111110111111111101101010001011011
01101111000100101010101111111110011001101111111011110100111101000011011110001010111101010110111111111110100111101111
11111010100111101110111111011010110010110111111111111111011101110101001010100011110111110110101011011111010101111111
10111100011001100101101100111110101010101111011001011111010001111111011101101010111011111100111111111111111111011101
11100111101001111101000101111110011000111111111111101111110101111111010111011111110111101111011111001101110110011001
11011111001110111011110111010101010011111111111111111110111011111111110111111111011101111111011111101111111111101011
00100011111111010011110101110110101100001010101101111111111001000011011011001101000010100011101110111011101011011011
10110111100011101100100100010111111101110001110101111111110001110111101011001111111011011011011011101111001101110111
11100111011011010111101010010111110011111101111111111111111011111001001111101010001101101011111110101011011100110111
11111010001110011011111010101010111111111101111111111110111111111011001111110111110111111111111111110111011000111000
01111111111001101101110011111110110111100011100111110111001111011011010111111110111101111110101111111111111011111110
01110111100111101110000101111000111001011111111100010110111001111011011111001011101110100000111111010111110101100100
00011111111101111110001110110111110010101101110101001100001110001010011111101011111110011111111011111011111011110111
01110110101001100110001111110111011110110101100011111101101001111111111101010100010000100110111100101100111110111100
10101111111100001100110111101001111111101110111010110111101001101110011111110001111111111101001101101111111111011110
11111111111111110001111001110101111011110011111111111111111011111011101110111101111101010111111110101111011111100111
10000011111001001110111000110011111011100100000101101110101111110100111111101100011110011100001101101101100110111110
11111111011011100011011100111111111011001111111110111111111101111001111010101001111110101110101001101001111101111011
01011101110110100111111111011111111011111100111011111101011111011101011110111011111100011101110111010110111011110011
11011110111111111011110111101111110111100111101101111111111111111110011111110111111011111110110111111100110011111010
11011011111110000111001001110110101011100101101110100010011111110111011101111111110110010111100101001101111111101111
11101101110111111010110101111000111111111111111111110010011111111111111111010101111001111111111011100101111111001011
01000011111110111110110011111001101110101101100001000111110111011010111111010101111101011111111111010111011101111011
11111110100001011000111111110010111111101101111100011111110111100100011100111110110101111101111001111011110101101111
11111101101100111111101111111111011011111111111111011011101011101111111101111101110011111101100111110111110111110111
10010111011011011111111111110101101110111001101101011110110111111100111110111011011011110101111111011111111001111111
00101111110110110101011111101111110101011101101011110110100111110111110110100111101010010100111111111101011111111111
01011011000000110110011000010111011010101100101111010111111111101111111110111011111111111011001111001110101100110111
11101110001101001110111111111111110101111101011111110110001101101100111011101101111101101000110101111111110110011110
11101111110001011111001111111101101010110110100001101011100110111111111110111000011111011000111100111111100010110111
10110101011111011110111110111111110111001101101101111110011110101100000101101110111111010100011111111001101111000101
11110001101011011101010100100100111011001111101110111110101011101111011011101011111110011010101011111011111110111111
10110111110111101101101001100111111110110101111111101111011010010011111100011110111011101111111111111101111011011101
01111010111111001101111011111111101111111000001010011011101111111011001011111011111001111010010101111011111111110111
11011111011111100011001101010100100001010001011101011101101111101111011101110110000110001101100101101111101000010110
10100101111111011111110101011111111010111010111110110110101001010011111110100101011011110010010111101111111101111101
10111010111011111111111101111111111101111001010011111000111101111001111111010101101110111011110011111101111011111100
11110100111111011101101101100101100010001011101111011000110010111110110111111101111101011111111111111111101111110011
01111111111111101101001101111101111110111111010110111111011010111011111111111110110101011111011111101111110011111110
11011101101011111111100111011101110110111011011011110001011111100101111111111111100111111001111110110001101011100100
10010111011011001110011101101100101110011101111100101110101110010100101111111011111101111111111011101101101101111001
01110010011111111110110110110110111111101010110100110111100111111101000111111111111100101011110011111101111111111110
11111111111011111110011111111100001011111001101111001001110101111111111110111011110111001011110010011101001111111101
10111111111101111111011101110101111110110111111101000110100110001110110110111000101100111011000111111011010011111111
11110111101111111100110111110001110001111110111010100100111101111001011101111010100011011000110111111011110000110011
10100101011111111111111111110011011110111011001011011000011111110100110011011110001111001101111111101010101111010011
00111100101111111111001111011111111111111101001011010001011011111111101110111101011110110111111111110101010011110110
10110110001110111010011101110011100101001110001101100010110101111111101101011101011111111111111011101111111111001101
10100100110011111101011111010011111101010111110011111001011101010110001101101101101110111100111111111110010001111011
00011011011111111101000101111111010100101000111100101111101001101010110110111001110010111011111111101101101100110111
01111001011001101111111111111100100110111111101110001110110101101111110111101100111100110101101100100110100111101101
11111111011010000110100011111111011111100110100111111101101011101001111111111111111010101111111010100110111111001111
10011001000001001110100110111111111101111110011111010110000101011101000111111101100111001011111011111101111001111111
11101101111111111111011111111111111110010111100101101111111110001011111111111011101100000111111001111101001111011110
01110010001111011101011111011101111111110110111101101111011100011110101101111111111111011111101111011111111100000011
01011110101111011111010111111110011001001101111011101111100010101000001100111100010011111101111111101111101110011101
11101101100111001111111101110110110111110110111001111011011111110110011111011101111110011110011010011101110110101111
11101011101111010000011010111101111111110010010111110111101010101001110111101010110111101001101000110011001110101010
11110111110111110111111100011110101101011111011000110011111001101001110111101100011001111111011011111101010101100000
11111100111111111111010101101100101101011111101101101011001111000110100111111011100011110111110110111011110011100001
10111110000001010000010111000110111111001001111110110111011101100111011000111111010001110010101111111110101111100001
10011110110111100011111011111111111111011011111100111100011101001110101110111011111111110111001111101101100111101111
10111111111100111101111111111111110111011111101110101011100101111000110001010010101111111011110001110101111111111111
10010010110111001111111110111111111101101011111111111011111111111111010011010111111111010011011010111110010001110111
11111110111011111111101111110110011111010101111111110110011111001111010101111111101110000011100010111110001011111110
11111110100111111111111010011110100010110110111111001101101111101111001110110101010010000000110110101100100100111100
11101000101101001110101111111001111111110111011111111010111111110111110011010010111101100001111111010011111111110111
00111111100011000110011100111111110101001110111111111111010111111001111111100111100001111110111110111111111011101111
11111100110111111011100111101001110111111100011111111111111111111111110010000011111110111001011010111000111101111110
11111001000011110110010110011111101010101011111101000111101110111010100111010001010101111100101101111001110011110111
11011011111111011111100000111001011100111110001111101100000101100101111110111001110011110110011111111111101001111101
01111101101011110101101101111110111110010101110111100011110111101001110111011110111111010001111111011000100111011001
11111111011110010111101101111111101110111100111111111000111111101101011110111011011110111101110111100110111011001011
11111111111111010110111111111111110111111101011011100011011100111110110101101111100111001011111010001111111111111111
11001111110101011011101111110110011111111101110011010111101101101010011110101001100110111111011010111001110111010101
11111101111011001111101111101011000111110010111111110111101011101100011110101101111011100110111101011100100100111101
01001111101110110101101011011000111101111011100100101111110110111101011111001011111100111101111110111111111011111111
01101011111111011110001100010111110111101101011110101101000010110111111100110111010100011111111100011111111110111000
10011011101111101111011001010101110110001101100111010011111100010111111000111110101110010101111111110111111000111101
00111110111101010110101110111111111101110101111110011011111000111011111100011111101011101110101111101110111110010111
11001101000111011110101011110111100111011110111111111101110110111110001000011100111011010111101111111101110111101110
01110011111111000110111111111111111000101010011010000111101101111011010000010110101111111000101111111000110111110010
11111110111011111110110101011110000100011101111011110011010111101011111110010010011101011000011111100111110111111111
11111110100011111100101100101111110100001010111111110111011111110111011110101001111011101000101111101111101111111110
10111110111100101111110101111111111011011010110111101111111111110101101011110101110111111101011111111111111111111001
01011110110111011101110100110111011011101101111111101111110111011011001101111011111111100010101010100010110111111011
11000000111111111111111111000111011101111000011110000111111111111110110100111111011111111111110011111111101111110111
11100011110111101111011110111010111111101111011100011110111000110001110001110111100111111111100011111011111011111100
11111110111111111111100100110110111100111001111111111111110110111011110111111011111010111111111101100101010000111010
01110111111111010111101011111111111110111111111011011111110011110010111000100111100100111111101110110111111111110110
01111110110101111110111111010101101011111111111111011111111111010111111111011110101010111111111111011011111111110110
10010110011100100111100000110011111011111100110101111010100011101111101110111111001111101100101101101011110101101110
10101100111111111010111111011001011111111111111011111101110011111011110111011111011111011101101100110011011111011101
10111111111111010111011110111110111111001011111011100011111111111010111111010010110111111011101011000011111111111110
11001111011101111111101100100011110111010111011000011101101100110101100110110010110011110011111101111101110110111111
01011010101111111111101111001111111011111111111111111011010011111111011000110110011011101011101111111110111011111011
10011011010111100011111011111101110111111111111111001101011110111001111001111111111111111111111101110111010111111110
11110111101111001111111101111111111010011101101001011011100110101011001100111100111011111110110111111111101010101110
11010111000101111110111101101110011100111111110111100101010111110100101010111010110011110001101101101101010111111111
10011111011111011001011111001111101110110101010011100101011101111110111001101001011101011111111001111110101010111101
00011101010111100010111110111100101011111100111101110111001101011101111010110101111011011111111101101111111101100101
11001111111101110011101101111111111000101101111111110111101111000011111110111111111010001111111101111101101010010110
11111111011001011111110111111011111101010101111111111010111010001111111111111110010111101111111111110111111110011101
11111100101110111110111011110010111111011111111011111110110011010000001111101111011111110111111111101111101101100110
10101111111111100110011011011111011010011001101011110001101111011100011011011011110111101011110110011111111100100111
10001001011100011011111110001001111111111111101101110011011111011000011111111110011110111011001101111110111111111001
11110111111001111010101111111111111111010110011001011110110111101100011110111100110010011111011011110111111001011000
01111111111111111000100101101111111101111101010010111101111110111001111100110111111110110010111000001011001110101100
