0000111110101101011110111001111100000001111100000000111111001100111111100101010110010010011001101000101111000111101110011001100111100110101010101100
0001101110111011101101010111001101111111111011001010001001101011101011001111111101011111001011011001011001001011101110101001110111010110101110101100
0000101100110100110011100101101100110110000111000011010010111101011100100101111110001011101011011011100010111111110010110001000100000111000111101001
0100101000111001101101000111001010100111101101110111110110100001010001011101110100011011011110111110011100010111011001011011010111110101011110000000
1111001011110111101010011001111011101001110100110111111111011010111011011001111100000111011101001011110001010110000110000101001110101001110011111101
1000001110010010011111000011100001011100100011001001111110111101101111011111001110001100000011110101100101111110001101110111001001110101111001101001
1111110110011000011110001100110001110100101001111101011101010000011101111110111101010010100110111001001101111110111110110101101111011001110010001011
1110011011011001001101011000000101011101001001111011111111110011110001100111111111100000110101000101100110110111001100001101001001101001000110110011
1100111101000000110101111001100001001101101010111011111110111111100010111011101111110011110111111010101001110111011100111110101111010011111000001110
0000100110101111011111100110111110101111101100111101110111001011011001001011101010000011000110110000100111111111011110011110011111000111101101100000
1111100001011011100010011001111000110101000000011011011101110110111110101011111000011101101111111011010011111001001101101100000111000110010010001110
0111111100101100011010101001011110101010011110010101010001101110110011011111110000111111110001001110001011011001100110110111011100011011001111111000
1101001101110011111011011101010000100111111011001011011101000011100111100000011101101110111011101111101010001101011011001011010110011011010100101101
1010100001010000011011011010110010111101000011000000110001010011100001100101100110101111011110011001100110001100101011000000110111000101000101000111
0100110001101001010001111101010111110010011101111011101110111111010010110111011110001010111011010110001000101110010100110101100001000100010101000110
1101100101101010001110110111100111011111011110110011111111100000111111011001011010111010111010001100011001101111001100110011101101011101001000100111
0111100010101000001001111011111000111000011100100110110110111111110110101111111011010000111110100111101001110100111111110010111011111111111011111011
1010011011011110001111101000110000111111111001111111000111100011010011010000110110001011010011000100110110110100101100101111111011011100111110011111
1101111101011101110011111111111100110001011011101000011111111011100110011010110010100100101011011001101011101011010101011011110111010101001100101010
1101011111000001010001011101111011111011111011110101110111010100110011101110010111001001101010101001101100001111110111100101111111010101101001111110
1010111001111101011001111101101001111010111010000101001110010111111011110111011011011110111101001101100010001110111010101100111010111011100010110001
0111010111001110111110101010110111110110111000111101001100101111001110111100101100010100011001100111010011111110110100111000010100111110111101000110
1010000011010011111011011100011000111101000111100111010101110110110111010111000110001000110100111010001101110001011110110101100011011100010110100010
1100100110101111101110101010101001011011011011101010011000100001010010011110011100111111110010101100011100101110111000000110111111101001111110001111
1000101110111110111111110010111110011111111101000100111010011011111001011101111111000100111110010111111011100110101001100001010101100101110101101100
0111001001001011001110100010111111111110101100010101111111011110001101101011111101111111101010111100010111011101101101011000011111101011010010100001
0101010001000101101001011100010110010101110111101011010111011101110010011010001001111111011011111010101111111011000011111110011111010000101100011001
1111110010111011101110000000101100101010000010010110111000010111011101001001110010111001110100001001000110011101010110001011111110111111010011110001
1010111011100101111111011101000111010000111111101111001101110000111011110111100011110111001101100011011111100010101011011110011000101100100111101110
1000101001111110111101101110000110101000100100100001110110111001001000100100110001110100010101110010010100101001000101000101110110111101001001101010
1111100001110000101110111101000001001010101111010001111001110010101010011011110100100111001001101011010001111111110101001101110101001001111001100100
1110000101010011001001001111110000000100011011000100111101011000110100001000010111100111111110001011110110111101010111011100011100100000111001101111
0001100001010111000101001110110000100111101110111100111111111010111101011011011100000011010110010101001001011101010011010000011000100111101101111000
0100111110000011000111010100101000111101001101010010100011010110100111100100111110110111101010110011100100110110011010001111100110001110110110110100
0111101001111110111111100101010011000000100001101111101111010001101100011101011011010111010110111001011111111111100111001100111111101011111011010111
0110011100100111111111111110100001000101001010111011000010001110010111010000100101100110000001011100111111110011100000000110111001010110111011101010
0100110111010101110110111101011001000001101101011010100010010110100001010101000100101010111110111110100011011111001001001001011000110011001010011001
0111011111101101010001101110000111010001110001011000110111101110110101011011110101111011000010100111101110101101011111110100100010101110011011111111
0111000001011011010111011101001010000001100010110101101111110101111111111100010100111000110011110110111111000010110111111101011110000111011101000001
1101100111101101011100111010000011011110001010001101001101101110100101111010100110111101101001111100101010011000001111011010010010100001010011011011
1101111011001000010111001110111010101110001011110011011101101111101100010111001001101000110000011010100011010111110010101111001111111100010011100011
1100100000011011111111011010100100000100000011011000101000110001000101101001101010111011010110110010100101011111111011110111100011110110001011111111
1101001111011011111111011100101111011001100111000001000000001001010111000000001010111100110000111111000010110110111100111111011011111101101111001101
1011100001010011100000101110111011001000001000110100110110111000100111111010110101111010111001011110011010001110100000111111000011000011001101101000
0110010010011101001110110011101110010011111001111010100000010000000101011100001110011110110101010100001111101011110011111011010101010011001011001101
0111011100001110011100111010101101101100111010011111100010001011011000111010001011100111111111101001100110010111110111110010001111011110011011111110
0001101111000011111101110010110010110010100110011111011111111111110100100100011010001100011110111111010000111111010111011001000100010001001100011011
0001101111110011010101000101001011011110110111101000111001011111010111001100001101011100010101110000111010011101111111111100110001000100111001110100
0100011111101010011001010010100010111101010011110111111000011010001010101011001011110110100011010000001101111110011111111001110101110001011001011011
0001101001010000110111101101100110100011000101101001110111101011011100001111111110000001011111101111101110011011000111110001111110001110101010010011
0111100110101011110000110011100001111000100011101000011101110111000010111011110101111111111101111001110000100010111100011010011111111000111001000011
0011111111111011010111100110111000110011101001101100010100000000101110101101011011111010111100111111100010010100100110011111110100101110011111101001
1001110111000111100100001101011111101110010111011100000110101111000110101010101111101110001111000111101011001011111111111011000100100111110001101100
1011111111111101101100111111011110000100100100111111001001101101011111011110010010001110100110011001001101100001111111101101111010010011100100111110
1100111110101011001011011101101110100011110000111010010011011101000101110111011101111101110111010010101110000000011011011111111111011011000011101010
1001111111101011111111100110110110100111100100100111100010011110011111011001110110011010000001110000001011001011101100011111010110001010001000101011
1011110111000011111110001110010011111110000101100100101100001111011100010011010011100000110000101011010101011100111011111111000010000001111111110001
1100101101111101011100100110101111100111100000110110011000001111000011100110000011111110011001010011101111111001000010000011110110001100001101110011
0111010110110011111001110000111010000111110100100110110000001111001101001101101000111011100111101111110001010110111010001111010000110010001010111111
0010111110100110101110101111111111101010010110111010001100001110001011101101001100001000111100110011110010111001101010101110110111101011110110011111
1110110011010010101001001110010110010101101101111100111111110011010100000010111111101101111000011010010100111100010100101110011100001000100101101101
1010010010110010100111100111000001011111100000110010111111110010011011000011001110010000011001011101010101110100010110111001110011100111101000011110
0100100111111110111011101101001011011101100001111110100111111101111111011011101101011111110100001110111101011010110011110111111111001011101110110010
0111010111001110111011011011010000100010111001110110111011101010010110111011101110011110011111000110101010111110101101011000011011110101100000111010
1100110110111101101110101010101111101111100100100001000000000010001111111010001011011111011111111101110101000010011101011011010010010110010111110010
1011101101110011110110111011100110010110001001110100010110001111001111110110001000001110100010001110111101101011101111101011111110011101011011010101
1110111001100001000011001101111010100010100001001101010110110110110010111100001111111111101101011111000010011101110110111101010111111110110100000111
1010011000101001101001100101000111110111111110110101111110101011110011010101010101001110011110111101011011011011110000111101111011001100001000110011
1100110010111011111111110010101001010010001100011011110101010111111101000100111110111000011011101111010001100000011001111000001001110101111111101101
1101111101011101010110101101100011011111011110010000011101110110110110111100011011100011000111000111110101110111100110111110010100000010111001011011
1010001110101110100111000100110001000011010101101011101001010001111001001001100010000010001100101010011100011000011010011110011111111100001101110011
0001111010010011011011111010101010111111100111000010011110000011111101001101101011110011100101110111110111111000001011111101101011110010101111111001
0101111011110001101101011111001110100111010111011111110100110011101001110011101110011011101111100111111000101001111000100110111100101111111100011011
1111011100010110100111111000110001101010100010110101011001110000011111010010110111100101111011111101000011101111110110100010101011011101110111101010
0100011111110010101110110110101010000101100101001110111011001111110000001100111001011111010111001110011111100101011111011110010111110111000101001010
1111110111110111100010101101101010101100110000001111001110110111000100111000101100110001101111010101101011101011010101111001000111111101100110010001
0111101111110100111001001101111001010101010100000110100100101011000010111111010101011000111110000011010010110111011100111111001010110111111010111001
1111101100111011111110011101011111100110000100100111011110001000000111000110100101011010011101011011111100110111101001101001011101000000111100111000
0110111111101011100011011110000011100000111011111101101000111111111011011011000100010100101100001010011011010010110101001110100101011111111101011111
1111111110001110010101111100001111011111000110010110101100011111001110001101111000011011101001010111011100100011111111101111010101110100000010111101
1010010111000111111110101001100101100001011011101101110111001101101011111100000000011111111100100111001110111101101110111111011011001011011100011101
0100001110001000100110001110110100110100100101011011101011001010101101010110110000010110100011100100100001001000001100111100000011100110111110000110
0000000110011101001000010111111101011111111101001011101011101000001011010101000000010110110111011100100100110100111100010111100010110001110111111101
1101001010110001100011010111110001100111011110011011001101100111101010011011111111101110010010010111110111101001011101010010011111001100111001000100
0111010000111111010110110111000000001111111110110011111101111011111110001010110110010100110001101111110001001111100111000101111100100101111111101100
0100110000111100001011011110111101110001001011111010111001001011111100000110001011111000010010011110110110101110101001100011001100101100101101001001
1111101011011111010010010110101111111100010111001011110101100011111101111010010111110001101001011001111110101111100010101101000001010011001111011101
0111100011110100010100010111101111100101010001000110001000101010101001011111000110000010011111011111101011110111011010010011100111000011100101111010
0010001110111011101110111101000101001011101111001011011010111010011000011101101111101010011010110101101100000100011010001110101001101001001011010111
1001100110011111110011111011010110101010111111110111001011011111100110000110110010111101101100010000010011110101100011010111101101010010010110011011
1111100000101111101111001110101101001001000101100111100001011101101110101101111110000011110011011101101101101101111110011100111001101111111011101111
0001101111100100100010101001110110101000010011110111111000110011101101111011111010100001010011110011110111011000110101111000111110101011001001100011
0111011011101111111100011110000111101110010001101100111000100001110111001111100001110101101100011011001000100110010101101110111010100110011001100111
1110110110111010011011000010111000010011000111011110101101100101101011011111010101101011001100101110011010100001101001101011100011110101111011011111
1001011011101000100101110110111001101111011001110111000110110000100110111100000011001000100101011011110100111101001110001110111101001010111100110111
0111011011100110001000101110010011111011111110111011011101011100101100010101010100110111111110101111101001110001111110111111001110001101010111100110
1111101010111101001110110111001100111001101101100111010010101110111110100110011000101111001011110001100110111001011000001011101110100111000001111111
0001010100011011110011011100000010011111001110100101100000100111111111011111000111111101101001010011100001111011101001000011101100111000011111111111
0011100010111010100001101010111101001110111100100101101011111011011011111010111110011101000111110101011111111001001101001100011100001101011001111010
0110111100101100101111001001101111100100001001100111110011110100101111011101110110011011101110111110111101110110011000100101110010110111010101110101
1010110111001100111110001010000101011111110001010111101001110011110001011001010001111111101100111101011100010001100010011110111111110001011101111000
0101100000100001010001011100111100110010000100110010000010111110110111111010111100011110010101100011100111100110011101011001011110001010001011011011
1101001010011011101100111010100010110111000110011100111101000011010100101011011110000011101011010011100111110010101100100011111111011010011100101000
1001011101000100010100110111110101110110010011001100011011001110110001110010010110110110101100101011111010101101111111001010111101101110010001100001
1010000101111100011011001111100100111111101111010101101101010001001100010111101010010111010101001010011101110111010011110111101101101001011011101000
1100111011110001101001101110101010111010110010001000110111100110110111010111001001011001011100010111011010101110111101110100010111111011000011010001
0010011111100011111001111010111101110100001010101010010001011101010011011111110110110111011011111111011111000100101110111000111111101111110011011110
0011111111110000110001100111001111111001111001111101000011111111001101110000111010100001010100111111101010000111011110000010100000101101011111110011
0110011001111111001111010111011110101101010110111100100111011011011100111101000011011110001100101110000101000111100001011110001101101000100011000111
1011111111001111110111011101001111101100111101111001000010101101001001000110110010101111111010100001010111111000111001101101010101011011110111101101
1111111111000011001111011010101001111010111111101110100100100011110101000101111100001111000010000101011011011000011011110001011111110101010011111101
1111000111111001001100100111011110111100110011110100110101010000011101001111110110011011011001111110100110011000111100000010111000110010110111101011
1110001000010100110111011100101000110010111111010011110110110011011101001100011110101110011101010100101101101101011001010101011111011011001011111010
0011001011001010101111110001001111000110111011111010111010101110101110101111101100110001101110011001010111010111100101011111001101101111100101011111
1101011111101101110010111100100001001101011000011010111110110001110010111010110111110101101001111111011101110111100101111111001010011010001010001100
1100111111110011111101100101011100100111001001111111110100001101111001000111101111111000001110110010011101110001011010100001001010011101101010001110
1110101001011100100110100011100111100111110011111101111011110110011001110110000110001011111000110000100110110010000101001111111100010100000010111010
0001010000101100101100001110111110101111010011111100111010000011110010010011011100011100010111000110010111001110111010100111000111101111011100110001
0110011010110011110111101010000000000110111111011100110010011110011111011101110111000110000111010001001011100110001101010101111111010111101111100111
1011011011010011101001100110100110000111011111111111101110000111101111110011100011110001011100010000110011101010111000101001100011001101110101001000
1101000111101000011011000111101101101011101110111011111110111101111111110011111111000010101111111010110100101100011010010011110111001111011110101111
0000111111110010010110110010111101110110111100010001011110111010001101111010101111101010111010110011100011001100111011100001111110100011001100000101
0001010011011001111000010011100001010001111111000011101111111010110001101110101110110101110011111100101110011001011011001001010111011111111010110111
1111111100011011011100101001011001001010111110101101111111100110111100010001110110101111010001011101011010000110111111111110100110101110011111011001
1100001010000111111110110001011001110100010000011101011001010110010100011100001000101001111111101101101110110001000010111101011111111111010001110000
0101000001011100111111011111111110111011001010011111011101111111111101101010010110011000001110100011111101100111100010101110101010111001001101001001
0000111111010001110110010111100110111010101001000110011000001011010110111100110010011100111110111110111110101011111110100100110100010001011011100110
1111101011111101001101011111011101100010100011101111101101011010011001101011011100011101010100111110111111101110110011101111101011110001011000110000
1101101011101100111110110111010001100111111101000110011111010111111100110111100011110001000111011001111001100010101101111111110101110111011010111001
1101011111100111111100111110001000110000111111011010001000010111001110110111011111010011111001100000101111101110110001111010100110100011111001010101
1001110100000000100011011101110110101101111000001011100000110101001010111011100101101100101111001101100111111011010001000101110111000110110111010010
0101011010011001111111100011010000011000111011101010011000100001111010110111101100100010010001000101101001000111101110100010111110001110101111110101
0000101100011001110011110101111001100100101001000111001101011010011100101101001010010100101100110110011111111100111101011011110000010111010010110110
1111010001100111111101101001110011010110111001010101100001000101111110101111101101011100001011011011000100110010010111111011100010111011010111010111
1110000011111000100011000101000011111110010111000101111100110110101001011010101011000011011110101001011101100101111001101111100011111101010101110111
0011111111011101101110011101011010101011001110101000111010010111010010001111101010101011101101011011100011110110110101111110111111001110011011111001
1100111011000000110111011010101111110000001000010110110010011111001011011101111001111101001001100000000000101101010100110010000001110000011001110011
0001111010101010110001111101001101110111100001011011100010010000111011001100111011111000011011110111101110110111000001011011101111101111101101001101
1101010011010001111101010010011110111110011111111111000111100110010111111000111011011110101111100110111010010000101101101111011111010001110101111110
0111000101011110011001111010100011000010001100100001010011011010101010111111011011101111010000110101101000010101010001111101010000110110011001101111
1111101100110000110010110101100001111101111011000101001010110010110010010101100101101010111001010100010011111111101110101011001010111101000000011011
0010110001010110100101001001111110110111111111011011101011001000110011110110001000111111101111011111110111111111110000110001111001110111111100011011
1110110101011001101110101101111111010100110101010001111111101011100110110100110100101001001110111111101110010111100011101010101110011011101100011011
0000100100010000110110000011000011101101010001111100010011110111110101111001111110100011110001101111110001110010110011000011100111111111101011100111
1110111010111000111100011010110110011101011111101001111100111101000011011110111110101111011001001110111010100111111110011001010010000001011111100100
1100100010101111010101011000101101100100011011010000110000111100011010000000001111111010101011111101000000101110011100101110001001011110011100011010
0000001110100111111101110000110100110101110001101110011101110111101101101110001001000001111111111110010000111001110110101010001000101110101111110100
0010111100001101110010010111000100101111111010101111000111111000011111111001101110100110111111101101010101011111010001101111010011010111110111110000
