011011111101111101111011111111111111111111111111000111100011111111011111110011011111011111111111101111101100110111111111
101111110011110111110111111110110101111111111111110111011111111011101111110110011011101111101111111111111111111011111011
110111111111101111111110111011111011001101110111101110101001111111110101111000111111111111111101111110111111111111010111
011010101111111011111110111111111011111111111110011111111011110101110111101011111111111111111111111111111000111110111111
111101110111111110101111111111111001011011111111110111011111111111111101101111111111010111111101111111111111111111111110
111010110001111111111111111011111100111111110111110110011111101101101111111111110010111111111110111001111101111111111111
111111000010100001111111011111111111001011111111111110110010111111111111010111111111101011110111101111111010001011111111
111011001011011100111111101110110111111110111011111111011001111111111011111111111011110111111111101111011111111111011011
101100010111111111101100110111010111010111111110111111101110111111011110111100001001111000011110101010111111111111011111
101110001001011111001111101111111111011011111011101101110111111101111111101111111111111111011111101111101011111111111111
011110111001011111100011111111111111101101101111101111110111101011111111110111111111111101010110111111101101111111111110
111111011110111011111111111111111111111111100001111111111111111111111111111011110111111001111100011110111111101011101111
111111101001011011111011110111101111011111111111101101111111111111111111111111111111111101111110011111100111111111101111
110111011111101111111111011111010111111111111101101100111011111111111111111111111011111111010011111111011101111111111110
101111011111110111111101111111111111110000111100101101111111101111111111111111111111111110110111111011011111111101101111
111011011110011010111111111101111111101011111111110111101111011111101111111111000111111100110111111111111111110100111001
011111001111111101110111111111111111111111111111101111101101111111011011101111111111111001111001111110111101111110111011
111101101111111010111111110111011101111111110110111111111111111111011011111111111111011101011101111101110111101111110111
111111111011111111010111101111101101111111100101111011111111101111111110111111110111111101111111111111111111011110101111
111101110001111111101111111111111011111111111111111111110000111111101111101110011111111011111111110111111011101011110101
101111111101111101010101110101101110111111111011101101111111111100101111111111101011111111110111111111010111111111110111
011111111101011111111011101111111111111111111111101100011111110111111101111101111111010111111111111111110110111111111110
111111110111110111110101111101111111101111111111111111111111101101110111111111111101110110111110111111011011111111011111
110011110111111111111110101111110011111111111111111111111011010101110101101111111110110001111111111111010011111111001111
111111011111101111111111000111111111111111110011111111110111111111111111011111111111111111111111110101111111111111011011
111111101011111111011010001110111011101101111011110101111111111111111011111111101111001101111111110111111111011111111000
111111110111011110110111010111101111111111110111111011111011001111111111011111001111111011110110111111111111111001111001
110110111111111111111111111011110111110111111101111111110110111111111101110100111111111110110111111111111101111111111111
111111111111111011110101111101111011101111101111111111101111101011111111110111101111111111011011111011101101101110101111
101111101111111111111111101110111111111111110101111111110111111111111111111111011111011110110101111111011101111111101110
111111110111101110111111111111011010111110111101111111111111011111111111111101111011101111111101011101100111111110100111
111111111111011111010111110111100111111111011011010111111111111111110111110011111110111011011111100111111110111111111111
101111100111101111111110111011100110101011111101101111011011111111011110111111101111110011100110001111011101011111111110
110001111111111111101110101101011001111011011111101101111111111111111111011111110101011101111111101110010111111111111101
101100111111111110011111111111111001111001111111111110011111100111111011111101001111101111110101101011111011111101111111
111110111111111111110111111111010110011111111111001111010110101011011011111101101111111101011111111110101010011111110110
110101010011011111111111111111111110001111100011101111001011101101111011111111111111111101111111111011101111110101110110
110111011101111011111101101101110111001111111110111111111101110111111110111111111111011011101110111011111111011010111011
111111110111110111111111111011111111110111111111100010110101111111011111101111111111111111111010111101101011111111010100
111101011011110011111111111111110001111011111111111011111010111111111110001101101001111111111011111111111111011101011111
110111111101110111111111101111111101111101111111111110111011111111101111111011101111111111101111110010011111111111011101
111111101111110111111111111111011111111110111111101101111111011111111111011111111111111001111111010001111111001111111010
111111111111111111111111111111101011111111010011111111111111101111101111111011011111111111111101111111101111111111111111
111111111100111111011111111101111111011111101111111111111111111111110110111111101111111111111111111011111111111111101111
110110111110111110011111010110111111011111010111111111111111111011111111111101111101111101111110010101111111011101111111
111111101010111111110111001111101111011111011011111111111110101111111111111011111101111100111010111100111111111111101101
111111111110100111011111111010010111111111111101011111111111111111101111111111111111011011111111111110111010111111111110
111011110111110110111111111111111111101111111110101101110111111111111001011001110111111111111101111111101111111111111010
011011111111111111111111111111101110111111111101011111111110110111111111111111110111110111111111110111111111111011011111
010111111001000101110011111111110010010110111110101110110111111111011011111110110111101111011101111111110111011111111111
001100111111111011111111101111101111110111111111110011111101111011111010101111011111111111001111111111111110111010111111
111111111111111111011111110111111111110011111111110011111111111101011111111011111111110111011111111110111111111110011111
111111111011000111110011101111111011111110111110111101111111011111111011100110111101110111111110111111110111100101111111
110110011111101111111011111111111101110101111111101110111111111111001111111101011111111110111111111111111111111101001111
101100101111111111111011111111110100011111111111111111010111111111101111100110110111111001101111110110100111111011101111
010111110111111001111111111101111111011111111111111111100111011110101011101111111011011001010110101011101011111110111101
011111011001111111101111011010111110110111111110101111000111001111101101110111111111111111111111011011110111111111111011
010011001111101111101110110111110111011001111111111111111011101010111111111111111110111010011111111111100110111111110111
110111101111111101101111111111111111100111111111110111111101111011111010001110111111111111101111101111011110111111101101
111111010111111111101111111011111110111011111011011111111110111111111111111110100111111111111101010011111101111111111101
111111111111111011111110110111011111111110111111111101100111011101111101111011001010111111111010111111111111011101111111
111110111101110111011101110101111100011111011011111111110011101111111111111001111111111111111111101111111111101111111111
111011111111111111111010111111111101101111111111011111111111110111110111110111111101111110111111111001101001111101111111
101111111101111111111111111101111110111111110111110111111001111011111011111100111011111111011111111001111011111101111111
111010111011111111110100111111111111011111111111111011111111011101111110110111111111111111111111111111111111110011011111
111111111111111111110111111111111111111111111111111111101011111110111111111000111110111011011111001100111101110110110110
011111110111111100111111111111110110110111111111101010111111111111001111111110111110111111111110011111110011011011010111
101110111111111011100111111111111111111101011101111110000111111111001101011110111011110111111111111111101111010111101101
110011111111111111111100111111101111111111101111111111111111110111110101111111111101101111111110111111111111110111101111
111111101111111100111111101111111100011111111110100101101101111011111011011111001111111011111111111111111111111111010111
110101111111111111111010111011111111111111111110111111110111011111100101111011111111111111011110111111111111111111110111
111111110111111111011111111111110111101011101111110111111101111101111110111111110111101101111111100111111111111111011110
111111011111111111111111010111111011111010111110111111111101111111101011011111111101111011011111111111110111111111111111
111001111011111101101110111111111111110011111111110101001101111111111111101111111101111111111011111111011101111011111111
001111011101111111111111111001101111111111111111111101010111110101111111110101111001111111111110111011001111111110111111
010011111110111111111111111111101111111101011010111011111111001110111101111011110111101111101111111111110111111111111111
110111110111111111111011111011011100111011110110111110111111101010111111110101101111111111110111111110111111111101110111
100111110111111111101111111011111111111111111111101101011100111010001111111110110101111011111101011111101110111101101111
001111110111111011101111110110111101111111011111110110111111011111111011111111011001111111011111110111111010111111111001
111111110111111011110111100101110100111001101111111111111110011111111011111101101110110111111111111011110011011111111111
111110111110111011011111111111111011111111111110001111011110111111111110111010110101111011111110111111110111011111101111
101110100111101111110111111111011111111011111111111111101111011011101111110111011011011111011111111101101110111101110001
111111110111111111111101111111111011111011110011111101111111110111110111000110010100110110111111111111111010100111111001
111110111111111111111110111111101111111111111111111111111011011110011111111111101100111101111101011111011111001111111111
011101111111111110111011101110111011101111111101111111101111111111111111111111111011001111111101111111111111111111111110
101111011111111111111111101111011101111111111111101111111111111111110110111011111111001111101110101010111011110111111111
111101101111111111111000111111110111111111111111011001111111111111101111111111101101110111110011110111011111110011111111
111111010110111101101110110111100111101110111101111111001011111110111011011110110111111011111111101111111111111111011111
111111110100011000011110101111111010011110110011111111001111111111111110111111111110111101011111100001110101111111100111
111111110111110011111101111010111111111111111011111110111011110111111111111111111101111110110111101111111111111111010111
111111110001101110111111111101101110111111111111100011101011111010111101011111011011111101011111110111111111101111110011
101111111111111111111111111111110111101101111111110111011101111111111111111011111111101111101110111111111110111111111111
111111011101100011110111110010110101111111111111111111101111111111111111111101111111110110110011111011011011111110011100
111111111111101101111111111101111111110011111011111111111111011111111111101111111111110111110000111111111111110111111111
110101111110111100111111111110011101111111011110101111111110111111111111111110111110011111111001111111111100111111101111
111110110100011111111101110111110111100111110011111101101111011111010101110111110111101111101010111100011111111001111001
111111111110011111111111111111010111111110110111111111110110111110011111111110111110111111111111011011110111101110010011
011111000011111111111111111111100001111111111111111111101101101110111110111111111111101000111111100111110111111111101110
111111111111111111101111001111101111111100110111011111011110111111111110111111011111110101011111100111111110111111111011
111110110111110111111111111101111101001100101111111111100110110011111111110111101111101101110111011011111111111111101101
111110111111111110111111011111011111110110110011111111111111110010111111111111111011111101111110111101101111001111111010
110111110110111101111111111111111010111101111001111011011111111110111111111101111111101111111110111110111101111111111011
111111101111100111110100111110110011111101111111111111111101111111111111100111111110110111110110111111001111111010111111
011111111001011111111111111101011110010111011110111111001011110111101111110110111011111111111111111101001111111111101111
111111111111011110110010111111011011111111111111101101010011111111011111011011100111111101111111001111110110100111111101
111011011011111111101100111111111100110111111101111111101111110011011111111111001101101111110111111111111011011111011111
011010111101101101111111111000110111111111111111111111111110110110111111101111111111111101111101111110111100111111111111
011011011111111111111011111111101110111111111101110111111001111111111111111110011001111111101101110111110100111111101110
111111011111111111011111101111110110101010110111101111111111011111001111111111100110111111111111111101111011011111111111
111111011110111110101111111101111111111110111111111101111111101111111111111111111100111111011111011101110111101111110101
011111111111111011111111111111111111011111111111111101111111111100100111111111111101100111111011111111110111110111111011
101111011110111111101111110111111111101111111111010111011111111101011111101111111111110111111110111111011111111011111111
111111111111110011111111110111111101011011110111111100111111010011111111111100111011111111111110111111111111111101111111
111011111111111001011111111101011111101111111111110011101111111110111111110111111111111111110111011111011111111110111110
110111100111111111111100011111111111110001111111011010111111111101011010111111111111111010110111011111111011111111001101
111111111110010111011110111100011111111111101011111110011101111111100111111110110111111101111101101011101110111111000111
110111111111111110100111111111011110010111111111111111111011111110011001111101111011111100011111011111111111101111100111
101111101111111001111111000111111111101110111110111111110111111111111111111111011001111111011110010100111111110111111001
111111111111111011101111100111111011110101111011111111101100111111101111111111011001111111110110111011110111101111011001
111101111101101111111011101110110110010110111100111111111111111110111110111111111111011111110111101101111110111110111110
