001010010010010010100011000011001110111111011100110001111010110111101110011111111110101001111011111110100101110100011111101111011111111110111110010001001010011
001101101101011001111111110000100001110000101101000001101011011111111111101101010111001001101001011111101111111000110110110111101101111110000001111100010101110
110101101100101111000011100111111111111101100110111010001000010010011011110011000111111000110101100010101000101111001111011110101001010010101110110011011110011
011011110110111111111111000010101010000101101010011101011111101110111010100111010101110111101111011011011111100011111101111110001111111001111111110111011111101
100101000110110101000001010110011111011101001011101110111110101111011101010000111101111110001011101000011010111110110101101111000110010001111110011100001010111
011110000010111110101011001001010111111010101000111111111000111111011000110111100101010101110111100010111011001101010001110111101101011111010010101011111111111
011100011110110000110001110110011011111010001111111101100110101110111011111100111110100111000111111010111110110110011010001110100111111100000111111111101011010
100100101010000001111101110101111001101001111010011101011001011111100011010111110111101111100101111000011111011110111110011001110101111111111011011010111111000
011000110111011010110001101100101100010000001100001010010011110111101011101010000101110001010111011010111011111101001011001110011111010010101101001011101110011
011110101010010000010111001111100100111001000111000100110101011001010100001101110110010011111111100111010011111011000111000110111100101010000001101001110001011
100111111101001111010000111111111110101110011110110001010101101101111010000111101101110101000010101001001111000101110110010111100111011011101110110110001111111
010000001010110000001100001011010110001100101101101100100011011111110110011100111100111100111110110011111111011001111110101011110101111011111001011111001101110
001111100001011000111011111111111111001000100001000111001111101101111100101100101011000111111111000110011001011100011000101111101000010111110111011101011111111
110111101101100000111101101010101010111001011110110000111011101110101011111011011111001101101101100111100110011000011110010010011111111101110010100011001111010
011101001010100111011010101000110001001110110110101011000111111111011111111110001110110110111011110100101101111110100100011101110111111011000101110010111011110
001111000010001011011110101101011101010111011001011100011100001110000101111001010111101101111001111110001111001101111011000110010011011101110111100011101110111
101101001010001101100110111111011111100111111110111011101111100101111111101000010101011011110010111010110011001011101011100101011100011000101000111110001111101
011110010010001110110011111001100101010000111011011110011101111011100101100110111101010111001010011110111100111101001000110111110001110100111101111111110001111
110101111000110011011110101000001101100110101011011111100111010001111111111111010001110001111001110111110111001111110011111110100001010001010000111101110001101
010100111110111101100101001111110000111010111011110000110101011110110001011111110111110101011001111011100010110010101101111011011100111100101111111100100101110
010101010001111100100001001100101111111010110101101010111100100101000111100001011110000111000111100111010011100100010111101101110010001001100110110011100011011
010100010101010110110000011111101101101110111011001011110001100000101100001110101111000111000010100101100001111111001110101011110010100011100011101100110110101
111101000100101111100000000100110011011000011110101101110011000110011101100011000111011010111011100100100111111110111111110000111111111111101111111111111011111
111111111100110001011000111010100000111101001011111111111110110101000110111101100000101111010101110001101111000101101111011011111111010011110000011111010010110
011000111010111111100001011010011101001111001111110011101111010100010101010010110100011011010110001111010100001010110110111011000101001011010111011110010010101
010010110010100011000101100101000111010011110001000011100100010111011111111111111100111111111001010011011110010111100101011101010110111100110111011000101111110
000001001111111111111101100110101011111101111101101101100110110010100011111110111101011011100111110110110110111011110001100100110010111110001111111100100100101
001010111110100110011110011001111111011110111000111011001101111011000101100111100011000000011101100011011000000001011100111101111110101101110111011110011100100
101110100111110010010101101000010000111010111110010010001101111011101100101011101101001111001111111111101111100010111110010110110100101110011100111101001101010
101001010111100111010100010100000111001110001110101111101011001000010101111010010001000110110111111011101011111001110011110101011001110010111111010110101100010
011100011110111001011111001100011000101001111110010111001111011101110100101101110111100110110101111111011111011110011100101111000011011100011001110010101110111
001011110011101110010010100110100110101001100101011111001111101001101000011101100111110010101011110100000101101011010001111110101001001001101000111111111001101
101110111010110110101100101100100110101111110001001011111110111011110111111101100001111010000101001110110100001111101110101000110110010000111100100001111101100
101011001111100111101100110101011010010011111101011110110111110110111101000011110110110110110110101011100001011010101010011110111101111110010111110010010011001
101111100011110010001010011101011101001001101111011110101110000110101101011110011101010111011110100001111101010101001111010101110000011110110101111000011011001
011011110000101111101110111101000010111110111010000110110100101101111111111111001110001100100011011110111110011011010011011100101011111101001010010101111110101
111001110110010010111101001010111001010000011111110101000111011101110010000001010111001010100011011101110001110001110101110111100011111010001111101001111011101
111011101100010101011011011110000101100110100111110001111111101100110111101010111101010110001011100010010011111000111100111110101011110101011111100011010111011
101011110111111000011111101111111011000011001101101010101111100111010100011111110011101011101011010110101110001000110110110010010100111101111110011111101100101
101110000011001110100101101101001001010000101111110100001111011101110111011111100110111101110101100100001110110111001111000000110110111001111001101100011110101
100001100010001110111100110111001101011000010010001000100010101000011011110011100011101100111111101110100111110110110110011111110110101110001011001010111001000
101110010100010110000001111000111110001000011101010010011100110111011100101100111110011101111110110111100111111010111100110011101111011011000101001001001000110
011101010001101011111100011110111111010100011011100101111011011110001001011111011101111110011000010110111011010101001010011000101101000011111111100101101010111
100000010010011111011110011110101101100011100111011111111111111011001111000110100110010111101101101111011010111011011101110110100011111001110001000000111111010
110111111011010111110111101111100111101101100000100110000011101101001111110010101101010101110101101101111010011101110011001111000011111101111111100110111101111
111000101111011010001010101011110110111101010010010010100101000101110000111100100100100100011010101101111010011110100110110000111111011100001111001011101101101
001110110110011011110111100011100011110110110101001101001101111001110000110100110101111101111010110000111111011001110000110111011111111101000111011001101010101
010010100101100101111101111000011110111101110010101011101101111011101110010011101011100100000111011011111110011010010000111011011011101011010010010111001011110
101011100011011010011011101101000000111100101001011111111111110001110011111101100011001100101001101000110011101101111110111111110011000100110101100110111011000
101101110010010111110001100110110110110101010100101101011101110011101110111111111000111111001010111111111111010110011101101111010101000100110101001101110110010
001111111001001111101111001101011110001010010011110100110001111110001111100110011011001111111111111110111101010100101101010111111100010101111010110011000011010
000111110101100101100011001001110111100100111010111011011111111000110100100100011110110000111010100001110110100100101111011010010100111100010011000101001001110
001011001000101011101101110111111111001001011101100100110001100111011110110100111111110011110111001100101001111111101110001001110101101110111101110110011111110
110101110010101010100111111101111000110000110011110100111000011010111101111010100110000000001110010110110000010001101100000011011011011010110101111111100101010
110011100101010010111111111001001111011010110101101011000110110110111110010111101101110110101110100011111100010011111001101001011110001110000010110111111110100
100111011110010101011111000000001101010001110000111111001100111011011011111010111000001010101110001111011000011001101101011011011100011110111111111100000101110
111111010000110111001001100111111010011101110011110101010110101101101110111100101110101101101011001101011000111011011111000111111110001110010101001110010001110
000110100110101111111001111110111111111101010111110100111000110100101000011110111110011011101011111110111010100100011011101001101011011100111100010100100000111
110110101001111010100011101001111110111110111000100100101000111001011111001101011110111011010010101110100111101011010111000111111101011011000101001011000011100
010100011111111011110110100111110100111100111111111110000000110010111111011001101011110011001111010100011111111110111101100110010101111100001110110000000111100
100111101010111011001101001110011101011011011011111110111111001100100110101000100011111010100011101101101110100111101111111000101100111010101011111110100001100
111001011101001001110001111110101100100101110011111101110111000101111010010001111111000100110101100000111100001010010101111101111000001111101100101010111111001
010111110111111101010000000111111001110110111011001101011010100111111111101100100000100001100111010001110011100111111101011100011011011100100000000111110000011
110111111011111110011011110000100111111101101100001010101100111010111010000111000001111110111011111000101011011001011011110100101111100011101110110001011111011
111111111001011101010010011110001110001001110001011011110001001101111000001111111110000100111110011111011110111111101011011010011100110011100111111010011110100
110011011111101011101001010110111001101101011111110010011010011010000011101110010111010110111111111101100010101011101111101011101100011101101011100011011101110
110100111011110011110100001010111111110100000111110101101101111110011111000001010101011001000010110110110111101111101011111011111010101011010100001111111011110
011111100111101010110010110001101101111111000110100111110011011110101001001101101000111010001101110111111111011100111010101101100111111100001101111000111111110
111111101010111010100110010010010111000011111001011011111111011110110011110110011101111101011100111100111111001110111111111010101111100011100001111000111000011
110010000101101111101111110111101111011101011001011111101011101000100011101000101000011110011011111111001110101001110111010011100110100101000111101100111010001
111100111011011010101001011000001001110110011001111010111011111101101100110111011111100100001111111101101011011010001000110111000010100110000110101001100001010
011010111000011111111010111101001111010110111000101001010011001001111100010101101110001011111111110101100111101011101011110010010011110000011111001110110110010
011101101000111111101011011111101001010011001110111111011000101001001110011010011011111010111100011101101010110101111010111010000111110110010101110010000000110
101011110001011100110001111001011011001110101111110011111101010000001011100001101101101101011011011100101110101010110101101110111101111101101000110111010100101
110000101101111110110101011011111011011101100100110001011111101011010100100001010101000111101111101101010101111110100101000010110111110110001010101111100100010
110101110111101001110101011100111011001101110110111110101110001111011011000001001100010111100001011011101001010110111110100101101010001011001101010000010001111
101101011010011001110110111111000111011110111001011001110100000111001010100001011111011010001001100101110100001111001011010110010111111010000001110110100101000
111101010110010100111011010110111101101110100001110000100011010110110011011110100101011011111010111110000001011001000100111100111011001111001011111001111001111
100011110111100001010101111110111100011111011111110011111101111010010101010001000110110110000000111110000100001011011001011010111111000011111111010001001001110
110110110101010111111000111001100110111001100010011110010110010011101010101010001110110110011110011101001101011011001100001010011100011111100101011110111010101
100010100011111001001100011010000011010001101001011110111111010010011111110110010100010110001111111111110100010111001111010111100110001010000101100000101111110
111111111111011111011110111010110111110101111110000111101110010011101011011111111000001100011011010011001100011001011100110001100111100000011011011011101111110
111000110100111100011110000100110101101111010001101111001111110011000011100010110000101110010010110010101111011111110011110110011110011101011110101001010101010
011111011010110111110110001111111010111010101011101010100001110101101010111011000000111100011000001111011100001111100011000011000101010001111001111011101110000
101110111011001100110001010000111100001110100111010110101011101100011010110000110011011101101111011111011000100110010011001011111000101011010110010111110001010
001111001111001011110010111000011110010101111010010110100111100101111100100111111001100101001000001001111010110010111100111010101100101011111100111001010110000
111010010001010110000011111010001001101111100010111000011110100100111101110011000111100111010010101010111001101011000101101101111111011111110011111111111001111
000111110011111101011101010011100111010111111111111000101000010111001110011100111111111001011101001111100101110010000111000011111011100010001000100011010011111
000110110100101011001111111011111110111000110000011010110111100101010101101111111010001001100111011010110011001100010111001011111110110010110111110100110110111
110101111110110111111101111010000010001101011010011010001111001000101001011101000000111110000111101010111010101001010101100101000111110101011101000111011110010
111101010101111110100010011001110101101111011010101110111100111111000001101101000000100010010110111011001101001011101010111111101101011101110011010001010111100
101001001101101110110011110101100110000111101110001110000010010111001101110001010111001100101011110011011000000110010101101011100101101001011010010101110011000
110110000101111101110010010110010010011011110110111101111101000111011111111011011101110100010111111110111111010010001111011110011000011011100101110101010001111
001101111101110000001001101111101110000111011001001011110001011011011011101000011000100111101010101000100110010110101111010101111011100001110101111011011110110
100111101111101011001110101011010111111011000111011111111111101111100111011001011110101011111100000010111111111001000011111110001100101110011010010111111010100
111111111100111100111011011111111001111110011001101010001101111101010111011110001100100111011000100010110011110010010100110011111000100010101000100011101110111
101011110111011110111111001111110110010111011110111100100110110101111111001011101010001001111101010110101011000110010011111111010000010111111110111010101110101
110100111001001111110001011011110001101001100011011001000101001111111111110101111110100010111000101101110100110011100110011000100111101001010111001011011101001
110110111010000111010000100011101101100010011101111010011110100111001110111101111001111111101100010101011011111111010001011101011011111111111100101011101101010
110000000100111101101110101010111001101111111100011011011111100011111111111011111001100100001000111011001000101110111001101000101001110110111111111001110111100
111101101101110111111000111111101101011011110001011001110110000010110100000101101111101111111011100101011111011111011111111100111000011110010101010111111111111
010100000111010000111101110111100110100001011101010100111000101011010111101110011101110100110000011110011111111000110010001011110011010100110111100101011110111
111001101001011011110111001011001111101011101111111111100110111101111011110110001010011111001111110000011101101111010011100001110100010011011111111110111111001
000111111101100011101000111100101011110000111111111101111101011010111000001010001001111011011011011011101101100011011010111001110111100011011111111101111101110
011111111011101101000001010111100011001100111111011010111101110110011110110100010111111001111010101111110101110011000011110111011101110110101110110111011010011
110100110011011101100011111010111011001111000011011100100011110010111101011010111111000100101110010011111011001001001100100110011101000100010111111111111110000
010111111111010110111011011011100001011111111111110100000111101111111111110000000010010011001111101011000101100010101001101001010000011000111110101111001010111
110101011111101110101111000011110110110011100010111010000011001100111011001101010010001110101011101011111110111001110111110100110000011011101011011011010111101
111110101100001001011110001011010000110111010000100110001111101011100101111000000000111101000011011101111011001111010110110010110100101010101000010010001111111
110010111101111001010110011001100111110111111111011011111001000110010010101101011110010100001111011011001001001110101111011000111101101010101011001111101111001
011011011101111111100110101001111101011001011111100010011011010111111111011011110111001011100010001111100101110011111010010010111011001100101101001110111100101
101011111010101101101111010000101010000110101100111110000101101010111000101110001011100010010100101110100000110010110110110011111001110111111000111010010010010
001110110100001010110110111010111101000111010101010010101011111011101011011110111011111100111101111110111010111101111110100111001001110100111111110110011110000
001101001111000111100101011101011011100100111010100011111010101111100101100011111111001001100010011010111101101010011110001110001011011010111111111101100111111
010110010011001110110011111011001100111011001110101111110001101011111101111100000011010000100100010101000011011110000000111011111111100011111001111110100001010
110111110011110100101010101111110001111011011011110000101111011100011100110100100110110011010001101111110001101111001101001010111111111100110101010111110011110
101100111001110111010111000110101110010101110000111111111101101111111011100110111100010000101100000110010110011011010111011010110011000111001111011010100111010
111110010111011000011111110110101010111111010100111111011011111001001100011101011100011111011101010010000101110111011010101101001100000101001101111110011001001
111000111111010110101111100011001111001110101100100110001110100111111101100110001011100110101110110011111001111111001101000100111111110100011000101111111111101
101111001100000110111011011001010011100100011000011100111111111111101101011010101011101111011110101110101011010000011010111010101101011101101001011111010110101
110111000001100011111110101101111000111001010111110000100101110101111011110101000110011001110011100110111111100110100101000001111100010001100111011100111110010
011101010010011001110011110111010111111011110111101100010000111110101111100011101110010000101111111010011001111100101001000010000100111110011101110000101111011
101110111001101000111101110100111101010010101001110110110100111011111000110001110000111010111010111111010010010001111101000110111101010111111011111100101101101
111111101110101111101000011111110111110010011010111000001011011100010010010111001010001001101110101010001101000011000110001010010010001000001001101001101111101
111111101111110101110101100010110100111011011011111101011011000011101111111010111011110110111011100001001100101111111001011101111111001111011110110101001111111
110011010011101011011101110101100010100011001011111011111110010001110110000100001101101111110101101001111010000110100100100010001101101111011110001110111110100
011001110111101001101111001110011111110111110100101010001110110101111100011101101100111110110101010111110001111100111011101010011111110111100111111101011110000
100000011101011111011111011111001110001110000111111111111011011010100001011011110010101110001101101011111111111100111010101110101110000110010111110100010001111
111101001100110010010011000101010101010001100111001001111110111111101000010101110010111110101111001110001100011111110111101011110110101110100111001111010111110
110111111111011010010011110110001100001111100110011110111011100111011100111010111111011011110010010000111100110000110111111011111011011101011100010111101101011
100110101010011100001111011100101001110111011111100001101100001100111111101111101110001111000100011001010000001001111010000110111101111100111101100101011001101
111101111011011101100011100001110101110001111111110011000111001100011001111011100101001101110100011101011100011111111011001011100110011011001110110110101110010
110100110101011001010110011111000101111110011011000110000001100110111111111010000100110111010111011100011000110110110010010001101010001110101011011011111000110
111111111011111111110011011001101111111101011110001101010111101011010001111010010011001011101000101111101011000111010011111000100111000101111110000000101011011
110101110111011110011010111110110111101111011111000111111111111001110000010111011010111000111010011010000011111001010001010111001111100111101011100000111111111
110001110000110101010010011110100111011010001110111110111101011001010110111001010010001001100010101111001100001110011111011011111110111010111101101111101010110
111001011111101000000111101011000110100011100001000011111010110110101010101111111000111110001011101110111001110101101000011011111001101101111011001110000101111
000111010011111100101111100100010001011101111011001000000010010111101100010101110011111001111100111000110001000100101101101011100101011010110111110100010111101
101110011011110111011111010101011010001100111000111011010100111111001000010000110001011010101101101101001011111111110001101000101010111111001101111000001011010
100111010001110101100001110111101110011100111001111111011100000000100001100000100111111011110110111111110110000111110010011011010110010111000011101110111110111
101110011011000011010010001011111001111110101100001010010101110101010001011101100111010101010011101100111011111111101111011111000111111110100011110001010001011
101110101010101101011010111111001110111001101110110011011111010110110111100100111010110011001100111111111110001011011100110011111111010101100001111011110111000
101111110010110100011110111101000101111010101111001100110001100111000111001001100110101010110010110101111111010011001000101011111001111011011001111110011100011
010100111101101101010110111101100110110111111110110111011010100011011101100111111101001011101100010111110101011011111101111100111010101111111110110110101111100
011101100110011111111110001010111110110100101000101011110001110111011110111011001011011110001101101101111110000111100110011110110011001101111111000110100110010
111110110011101011111011111111110111001000000011001011110101100110011000110111110101111010111110100110111101100111111101111010110101100001101111001001010111010
010011111101100011110111111110010010101111000110010001011010110010111111001001010111011000000100111100110111011101101111101101101000100110110110010011101110011
010110100011100011110111101111010001001100101001110111111100101000100101011010010000101011011010000011111110011011110111101011111111000111010011100010000110110
001101111011011111001011100101110100011010001101101011101010111011100001111010010101101101000111111010101111111110111111000001001101100110010111101101100101100
101101101101110101101011000010011001111001100111011101100010001101100010011001100111111101111111011111011111010001010011000110101110100100001100011010110010001
000001111100001101111110011001111001101010111110110001100100111000111111001011011101101010010011101110110100011001111010111101000101111100010101101011011000111
011101010100101001100111100100011111110110011000110010101000011111111101010101010010111111111110010111111101001110010111100001111010101001011110010001101000111
101111111011111110000010010111111011101111111111100110100000010111111100000001111101001001000111111011111110111010000110111111100111111100110011001000110110101
011101011011110110010100011111101001011100011100010011110001010111010001011010001111010011100101111111110101111011001011111111101101001011010111111110001010100
101111111010111110001111110000100111110100110011111010100011010110110101000000011101010111110111100111101111110111011011110111101001011101110101111101001100001
010101110111111011111010010010011110110010011101101111011011110101110010000111101110101100111000011110110001110001111110011110011110011011101101010010000000111
010111000011101111110111111100111001101101101111000110111111100011110000110101111100001110101111100111010011101001010011001111011010101111010001000110111101011
111011101111111101011011010011100000010001111001011111011100001101111011101101101110101111001101001011011010100101111000110010011101111110111010111100110001101
101111001110100111101110101000110111111100101110000000000100011100001100010101010000001110001001110011101011111001000111011110010110011011011010001001111011110
