010011110011111011111001110110111101110110111011111011111100111111100001111101111101111101111101001
100111100111111010001101111111011110111001111111000011101101110011010111111101111001010101110011101
000001011111010010011011111111010101101101111110111101001101011010111111011111111111011101001010110
010011101110011111101101101111110011111011011011010011011111011111101111011011001101111010110111111
110101111111111101111011111011111010111111101111000111111001110111111010111111011000101111011111011
111110101001111110111101111110110110101111111111011011010111110001011001011111011000101011111010011
110111011010010011001111011011010101001110101001110110111101111101110111001101111101111101111111111
101010101101100000111001111111111111000111011111111000001011001111100111011101111111111011101111010
001111110000111111101111011111110010101101111011011000111101001101011101111011111010010011111111110
011110010011111011111001111011010111110110111111101101110101111110110111111011101111010111101111010
111110100101011111111110011110110111111110111011111111101101010011101111101111000010111111111111011
111011010110001101000110110101011011100001011100101001110111011001110111100101111110111111011110100
110011011100011111111111111111011110100011111011011011110110101011111101011011111011111110101111011
111111101110101111010111010111111100111101101011000101111000111111101110111111110101101111011100110
110111001111110101001111111010000011101111111010001111010100101111101111111000111110111110110101111
000111001011111011110110101110001110010110111000110111111101010100011100101101110001101111111101100
111101101110110101111010101110111110011001101110110011010101011111101111100100111111100111101010011
100110101111111110101011101101111100101001011101111111111001101110101100111111101110111111111111011
100111011110100111011100111101011111110011111101101111111101010111111110101111111101101110111100111
101011010110110110100011011101011101111110110001111101110001111111111111110110111111111110101011111
111111111110101011100101110110111011111011100000001001101101010110110011111111110110110110111100111
010101101011111100101011111110100111001110110011101111111110111111111001001111100110001111111101111
001010101011111111010101010011101101111110011110011111011110101101110001110111110101111111001111101
111111111100111001011110010010101011011011011100101101010110101101111111110111111111111101110101011
111111010101101111101100010100010100011011110111000101011110111101101001111100110100111110001111111
111011111111111000111111101111111111110111110111101000101111111111111101010111111111111111111110001
011111111110101111110100010011111111011111101010001111111111101111110010111111011100110110111110101
111101011011110111111100110011111111111111001110111111110101111001110111011110111111001110100100010
111111111110111110001111011101111111000101011111111011111000110111111111011111110111110110101111001
011110111101110001110010011110110110010001111100101101110100111010011111110111110111011101100100101
100111011010010011001111011111001011010110111110111111101101111111111111101111011111010010110011111
111111111111110011111000111111001111011111010101100110010101111111101111111110111111110110111101001
110010010001110111111011011110110111101111110111111101101100001110101111111111011111111101111111111
111001110110110111110110111111011010111100111011111010100101111101111011101101101111011111110111110
010111011111101110101101011111111101111011111011010111001110110111001111011110110111000101011111100
101100110111001000111111011110111010111111101111111011101101011011111011101111111111001001011111011
111111001111111001111010010100001111010010010111111001101101011011110111011111011011001001001110111
110110000110010110111011111101110111100111111011111101101100101010101111111111111110111111110100010
011111101010011011011111101100011111000011101111111011101001100111111010110111011111111110010000011
101011111110011100010110011110111101010011111110111011111101110110110010011111111011111111101110111
100111110110101100111111111100111011111101101110111110110110100110111101111110011110101111111010111
011111011001111011101001111111011011011110110111001100111011101100111101111101111011010111111101110
111011101110111110111100111001101111011111010101011111101101011111101111011101010111111111011010110
111101011111101101110111110011111110110101101111111111110101011011011111011011101101111110111111101
111111111111111111100011001111100111011110010101111110111111001001110111110110101101111111111011011
011011010101000011100011110111111001101111111011111001110111110000111111111110101100111110000101111
111111011110111010000110111110101111111111010101011101111111101110011111110111111111011111110111100
110111111110110001110100110010011111111001111110111110110101111111110011110111110111001011111011111
101000110111000111110101010111111101111110011101011111101101111110010101100110101110111111010001111
101101111010100111010010000110101111111110111111100101111110101111110111011111011111111111111000111
101001011111101001111111011111101101111111111111100001111111111010111011110101011011111100111111101
001010100110011101110111101101111010010011111011110000110111011111011010111110001100011111100000101
110111100010101111100110001110110111001110111001100001110101111011111100111111101011111100110001011
111111000111111111111111101111101011111100110110111010110111111011011111001111111100101110111101111
110010101111110101111100011111101101111111111111111111011110100111010110111011010011111110111111110
100111101101111111110111101111010000000111011111011111101110111111110001111010101011110101110111111
111110111010010101101110111010101011111101101010111000110001110110001011001111101011011011011110000
111101101111101110101111111101111111110110111111111111110011101111111111111110100111111111101101101
000101010001100000000111111000000010000011001110011101110101110110111111110001001001101111110111101
011111111111000111111000011100110101101101111111101111001110110011111110101101010010011111111111111
110011100100111001010111111111110110011111000111111011111111010100101111011111111111101010010111110
111111100111010110111100110111110111100100110101101111011011101011110111111100101011100110111111111
101100111101111011010111111101111101110001111011111111010100010001011111011010011110110000101111101
100110111100011111111111111010111110001111100011110100111110100011111011111110010101110111110101111
111110010110111011111100011011111011111110110011111111111111010101110011111011110001011111111010101
110111111011111010110111111110110111101000111001010111110101011110110111111100111011111111011110101
101110110111111011111111111110111101111111101101011010010111110111010111011011111101111110100010001
011011101101100100111111011111100101101111011111111111110111011111101011111110011110100111111011001
001111001010111111110101110011111111011011110110001111001111101100010000101111011111011011111110011
011100111111111111110001010111111010110011111110110011100111111001100010110111110101111001111110011
011110110111011010111001001111111111111100111111011101101111111111110101001110111001100011111111011
111101111111101010011111110111111111110011111111111001011110111111110010011101101110111110111101100
110010001111011111111011101001111101011011001111101110110111010111011100010001011111111101111111011
111111011100111001011011111111011010111111111111011110110110111111110101100101011010101110011010000
111111111110111101101100101110111111110111110100010111111101111111111011000001101111101011101101010
111011110011010111111111111111111111111111101111111111001101110101011111010011101011111011101111010
001111001110110001111111011111111011111110011111110111111100101110111110000101111111000111111001111
111111111111110101101111011011101101111101110011011011101011100010101101111110111101111000111011110
111000111101111111111111110111010111010101011111100011011100110011100111001111011000110111010111111
111011111001111110111011111111111011111111100011011001100001101111111110110011100111111110111111011
111111111101101011110001011100111101111111011110111111011010111001111011111111100111111001010111110
101100110101011011111111111111111111011010111111110101000100101100111101101011011010011111110011011
001000011111101011011101010111111111111111100011111010111101111001011001111110011100111111011110101
111100110100110110110011010111111111101101111011011010111110110111101110101111011000111111111101111
100111110011111111111011111010011000011110111100111011110110111101110111111101111011011110011111011
111100111111101001011011111011111100011101111110111110111101001111101101100101111111101001011011110
101111110011111101110111110101001101111110111111111111101111100011101101111101011111110111110111011
111010100111111111111111111111011110011111111110111111110111010111110001110010110111101010010111001
000111011111111111111110111110110100011111111111110101101111110111111011011110110111101100111101011
111011111111010111000111010001001111110111101011110100011111000111011110101110101111011000100001011
110101111110101111111101011111111100010111011011011111110111011110111111101111010101001011011100110
110111101011011101101101011000111111011011111011111011111011110111011111110011111111111110101011110
101011111111110111111110111010011011100111111001011001101101011011011111111111010011110010110110001
100110111111111101101111111111011111110101010110001001111111111101001111101100111011101110101011111
011111111111100011010010111010101111100110111011001000111011111011111110110101111110111100011101111
110110111110101101010111100010111111000001011111101011110111111100010011101111111101111111010110110
011100101001011100111110101001101110100111110111111101110111111111000001000011101011010000110111011
001111111110111011111101100100101101111111101101110011110001110100001110101111111101111011110111101
110111100010101011111111111011111001101110011101111111010111011111111110100010110111101111001110110
