01110111111110110011101110100111001110011101111100111111101100011011101001111100011100100010000111001101001111110101110001010110110001011110111111100111100100100011010111001111111110100011000
10011100111001010001101001010011111111000011110110011011101101110011100001111111010011111110101001101111011100110101110110011010010011011100101100110101001010011000111101010010001110101111110
10000110011001111111101001010001100001110101011111011010010011010010111101010101011010111001001100111001001101111110011101000100101111101101111101000011101011101110100010111011000000111110110
11001111111110010111001011111111011110101010110000011010111110100000010110001011101011001111111011111001010111010111111011101011111001011001011110101101111001100111110110100100101111111001111
01010011010010110010011010111000100101011100011110101100100000111100100111011010111111110111111100110011111010111111001111100111100111001111111011100110010110110000010110111001101100110011111
11110011100000011101110001100100111111111110101100101101110100000101101001010110011010100111111101101100110011101011011001011010111000101111110110111001101101010011101011110011011110111111001
10111101010111101000001101001001111111100000111110011110110111010110110001000100000000110010110100110110011000100110110110101001010010010110111110101111111101000011110010000101011110100100110
10011110101011011110110110010001110110101111111101001100110010001111010001010110111100100100110111111001000010111111101110001011011100110011110011111110110101111010000110111010110111000001100
11010101011110100100101010110111111100101011011110011001000111010100100110010101101100101111111011010010010001110011011000101011110011111011101000101110001110110101011010110111011110011100110
11111010100111010111101101110110101011011100100100101111011100110111111111001101110101010010111010111001111100011010001010111110101100001001111111111011001110011100010001111101100101100000001
11110001100111110110100111101001111111110001111000111110010110111101111100111111111101001101011011100101100111111111010010110111001010010001111001011000100101100001100011101010000101110100111
10010010111001101011101001100100111111011110101111111111000111100010111000011001111111011111010011111001101011011111101101101111111101100110010110101111100101011011011110000010011100001111100
10011011111001110111100011110111011101111010100000111111110110101011010111101111000001010011001110110111111101010001000011101101110001011011010111101101110111001001111100101111010010010111000
01100011011110110000111110111110001010101100110001111100100110101001101110001010111101000101011101011010111011001100110010111010100111100101011110110101011111101100010000100011001001010111111
10101010101111001011010011101111001111111000101111111111111100110010011011101101101011001010101011101111010001110010111001100011010011011110111011001110100101110011111111110110111111111111100
11111101011011000100011100001011110100000111111110110111001001110111001110110011011010010111111001011100101101111010110100001011101001010110000011010010111010110111111110010001011011110111000
00100111000100100100111100111011100100111011011010010111101110111001011001100110110100011101100100100101110010110111110001110001011101111101101000111010000101010010101101000100110101110000001
00110101111010011000111111000101111001101110011011111001001100101111000100100000011010000111111011011110111111010111011001001111111100111010100100001100110100101011101101110101011111111100110
10111001011110100000001111011010011111000110110100000111001000100001001001101110100010111111100001111110101010110001111011010101111101101010010011001110010101111101011110011101001010101110111
11110100010110100000011010111110000111110000001111010111100010111111110111001110111101001111001010100001010101010010111111110110101001011110011101110110110011010011001110111100000110000101101
11100101111111001100010111010110111000001001010101001000011111001010101101111101111111101100110011010001011110010011101100110101101101011010101110111000010111101100111001111111111010011101111
00001101000001111101100001110001000001110110111100100001011111111111100011101001011011110111011101000001011101110001111110100001001101001101000100101001111101000101111111111101101101101010110
11111010110101011111000101011001001000100111101111010010011101110110101100111100011110001100111101011101111011010111101110101110001111100100101011111001110001111101111010110101100110001111100
10000011011001011110101001110000011110100101111001111111100010011000001101111100111110100011001011011111111111110011110110100111001100011100111111011111011111011111110111010011011101111001000
10011001101011100111100001110100110100001001011111100110111011100000110100111000111001011001110011001111010001001011011101101101000000111110011011110110111011110001111110011110110111010110110
01110110011110100110111110110011101110010001011101101001011111101000101111111111111111100010111111011110111001001010001110100010110111101101001001001101100011111111000011110110110110101111101
10011100111111101001010111010100111101011001111110110010011011010101010101110000001010110110110010000010111111011101110111101110110111110010010011100000011001110101011100001101110111101011110
01111001110011001011111111100111000110011100110111000000101011111110110011011010111110111110001101101011011110000111011111001110101001100011011001111011111101110111110110001011001011010011100
00011010001001111011001000000100101100111110011010101011110011111011111110100111010110111001111101011000000110011010100011011101011010001000101111101011101101111110111011100111110011010000101
10010100110111100101100010111011111011110110001000011001000101111010000100001001011001111111101111100011011010110110110000011011111001010110101111000111110110110100111101001011011001111001100
11010000110011111011100001010100111111011000110001111011010111110010100010100101001011011101001011111111011001110011011101010010100100110100101110010000011110011011110011000111011101111011010
11110011101010111100011001010100011111011010011110100011110001001010101011101111110011011111010101111010001101001000011111100001111010011100111101011010101111011001110110111011100101100110010
01101111111100011100100011101110001011011000111011101111111111101111001011100001101011111000011111001100010001111011110001000111000100001110110011010110001010101101010101010010000110011101000
01010111101110010110100110100111000101100011010111010111100101111111111011111011110011110100001011111110110110111111011000101001101000110101101111110000111010011001110011111110110001001010100
11010110111111100110101101101111100011000101100001101100101010111101001011111101111111111100111110110101111010110101101111100110110011100101010111000011101010001111101001110110111110110101001
11011111101110111011000111111011010001011101010001111110010001111000001110110110000110111011110000000101111001101011101101101101101110111011001011111110011001010101110101111110110101101000110
11010111011101100011000101010111101000101110111011011111011001110000010100010001001111011001000011011100110010101101011000111001100101001101111010001010000101000010010110111110011011110000100
01101110011110100111010000100111111100001101011111010011011111111101010100101101100100001110101111000010011100000101001000101101010111001001111100000010000100000100101010100011100100110100010
00110111101011101101011100001100010010011010111101001111111011011111111000010000110001101100110101111111110011101001000110010111101111000010110111100010010100001100011111111111010110011111101
10101100011110101001010001111111100100101110001111111111101111011100100010110000000110000010011010011110010100011001111101010101111100010101011110111110000010001110010110110000010000011101011
10011101110111101100100010111011100111110110110111011100000101111011000001011011000111110001100110100111011011110110100111100010000111101101110110001011111111110011010101011111010100100111100
10101101010101010110011100011100001111011010001001011110100000111110111110010111010000010010110111001111010001010111000111000111111100111011011110011100111100110101110010111110000110101001101
01010101100110011110011000001101010010111100001111110111001000001001011110101001110101010100010001100011011101101001000000111011111101111011100101001100110111100100000111100001101000101010100
11100001101000011000101111100000011101000000001011110011110110101011110100110111010101011111100001111100111010101111101010100010110100000011100111110000110010100010011100111110000100111110011
11010111011111110010011100110010101010101000000101111010011001011011010111100011001100101111101011111111011101011001100000011011010001001001111011101110011010100000000011001000011001100111101
11111011101001011110110111111011110111101000000001000110110100000101101111111100111111000110001111101110110000011111001110010011001011111001111110101000101010111011111001101101001011110001000
10101111101100111101011111101101100011110111000100101010001000101110110011110010111101110010100101001001010100010100110111111111010010101001010100111101101111001101001110010100110011001001011
11101111110100110011111011110001010001111010101010111100110111001100101001001101101111001000111100010100011110100010010100000001111011011000010110011000110110111110011110111001011111010001001
01101010100100111101001010111001110011011011000100111111101011000101101001011011010101011010011110011100100001011100101010000101111111010110111100111101000111000010011010010001110110110110111
00100001000101100101101111010010111111111111110000101111101110001000101111111111101100101101000110111000001100000101010110111011101010001110000110010001000111001011001111000011010111110111110
10001100011111110100010111101011101100010011101111001011001011100101101101110100001010011001111011011100111101010000110111110101111011100010100011111111101001110110100101111001001001100111111
11110010101111111101001100100110010111011111100110001011111110110010111101000111000101111001110000011110010010110001001011010100101010010010001001011101101010111000111011001100100010001101001
11111111111111100100100101001110101110111100101111110011111111101011101100111000101101111101111101101011011110001111001011011011011111111001111001111101101001011000110001111011111110011110101
10001111011111111011000110000000111110111110010111000001111001110101100111110101110001001111010010101111100111111110111010111000101111011010110011111110100100000110110100110011110101100111111
11110010011110111011001110101011110111110111111011111001110100110101110001001010011011110110100110111010011101101111011101111010101001101111011010001000111000000000110100010100111101001101000
11000100110110111111010101001111110011110011000011111110011101111110100100101110111011110101111100110010100001011101111011100010101100010000101100101111001110111110111110010110011111101011011
11011111000011101001000110011001111000110101010111011110001011000111010110101110101111101000101011000110001101110101001110100011000000110101111011010111010110011001001100010001110101001101110
00110111011010100000111011101011100111100001110100011111001110001011011001111011011111101110011001100000010110111010011000000010000001100001001010011111110011101001101011011101011000001101110
11010000010000111110111011110000101011110010101011111101110000111101010111011011110100110111000000000111001010101111101111001001101110111111101001011011101110001001110110100011111101011100101
11010110111111101100111001000110110001011001010101011011010001101100111011001110111111011111001001111101100100110000011011110110001000001011111101001110110110010110111110001011111001011011011
00110011101111001001110111111010101001110001000111111000110000111000010110101100100101110110111101011010111101101111011011000011101000100010000000011100011110010000010001101100000111110011001
01100010100100010000111011111111110111111000100110101101100100001110000100011101011111110100100001110100101000101000011111010100110010011111001101101110111101110011011101110111111100101110010
01011000011111111111011011011110111111001101001000111111001110000110111001010100011110101111111101011111100110100101001111000110110011001000110101001111111101011100110100010100010110110110011
11101010111000111001011100111110011111111100100000010111001010000011000101111000111001011011010101100111011111110110111011101011011111000111110110101100111001111111101010011100011101001100011
10001001001011001101110101011101111101111111101101001001011111000100110110111001111011110100111101110011010011110101111010110100100111110111110110110111111010111001011010000111101100101000011
00001111111000010101011000110000111001110100011110100111101101101011111100100001011010111001101011100010011010110000111111011101001100101010111111011101010111110101111010011100010010110110111
11100011010110110101111000011111110000101101101000011001110001110100110100110111011000100100011011001111101100111001011010001001110000011000100001111101110111100110111011010110101111111111111
11000101011011011111010000101000111001101011110010101110111000010100111011101001010111110011100011111101110100101001111101111101110111111101110101100011110011111111110101100100001100100001111
11101110111101000001111011011011010000110101011111111111000100101111011101010001101001011000100101101111100111011011010100101001110101001000011111111101001111111000111001100101101100110111010
00110011011110101001000010111000010011100111101000010010111110101111100111011111101011001100011101101001100011100011111111110000010011001011001011001101011001111110000010000001111101100101100
10100100011101111010101101001001111100100110010111111000010100100101100111001011100101010010111011011011111000100100111011101111111011011011101101000110010001110111000111001001010110011101000
00111000111011010101101111101100000111000111110001111101101011011110111001101110011111110001111101011111100111111010010000111010101010001100101110111101110000001111010110001011101110011111101
00011000110011110001010001011011111100010110111001000100101110001001011001001111001001111011110011011110111110100100101000001000001111011101110101111111111111111111000101000110010000111001100
11101111010010101011110101110001111000001000111111110110011100110001111110010101011111111011000110100011111110011111011010100111001111001011000110100011100000001100001011010101001001101111110
11000000001010111110111111101011111101010011111001101101110010011111000100011110010010101110011100111111001111111010111111100001110100010010001001111010001011010010110101010101101110100101010
11101101101100010000101111110000011110111101011011101100011001111010110001101111100111100001001111110111100101011011010100100010110111011011101000111010100101001010010010001011110001001100111
11011000011111100011111111010101011001001010010111001011111111011001011110110001001011110000111101100111111111100011101111001010010111110110101100000011110100101010000011001010110011110110110
11100111111010101011101101001011001101000101010101110101100111100010010111110001011101111110011000110010111101010011100110110100111101011011010111101110000010111100100100100111010100110111101
01011101001011011011000001011001010100001101101011010011111100000010011110110001100010110010111000011110100111000111010001011110000101110101001011111110100011011101111001110100011011010110111
01110000111110110000110001001111111011001111100111010100011001001111111011011110011010111101101010101010010011000001101001001111010011110110101000011011110001100011100101011111111101010111110
00011001111101101011100111010001111001100010011101001101101110011000111000010010001101111011001000111001001011111101110110110100100101011101111011101110011100001100111110101010011111110001011
11101101011101011101111111011101011000100111011010000111011101111111000101100101000111111100110010110001101011111110110110011110111001101010111001111111101001110001110001011101111011010101000
10111101101101110101111111110110101010000000111101101011110101111110110111001101100000001111110100101010011111000101110100101001111100100101011001010001101010101011010001110001011111110101110
10001001111101001001101101011000001111011011111111011000111111100001001101010100110011011101001011011111111010101101011111000101101001000111001011101101101100001010111011001100100110111111010
01111100000100110110111101111011111110011000010100100011110101101101010101111011010101001100110111010101101100011110100001011001000010010110010110000101000001111011100111101011000011110111010
01011000011111100001110011000111111010101011011110011111110111011001111111011100110110011010111110011110001110010101100101110011101111011100010100001001010010100011001101101110111110101111111
11101111100000000010110101111100111100101000101001011011111011101111000111111111110000001111111110011110001111111100111001111000010010000101010111011101001010110000011011100010111001111111101
01101010010110011010010010111111111110001111001010111011001111011101101111001111110101000111101011110010010001011111101111100111011101010100111111111011000111101111010100101100100111100111011
01110000101100101011101010011111101111100001100111111100110100110100110011100101111111100101111001111111100111001010101111110101101010000000101001100101111000110110010110000110010101100011011
01011101101101011111111000110111011001100011110001001111011111101010010000100101011110111000000011110010111101111000110110101001101010000001101110010011011000101110111010111100111010001001111
11011110110110110111010101110101000101010101111010000110011110110001001011100110101001110001101010011111010100100011110111110110011110111110001001101011110110110100100111011110101111111000110
00111100101111011111010110001111000110001001100001111101001100110101000111010001101100111010100000110000111100100101001010111111101111100000110001000110011110110101011100111111100101101110100
01011111110000111110101011101100001101101101101100111011100011101101101110001011011011111011000101000010000100011011100111110111000001110110010000001101001011110101111011011011110010010100111
00011111111101010100111011101001101100110110000110111101010010111010011110101110011011101000001100011101010111010101010101000011111011001101101001010110001011110011110100111000111101010011110
01111100111011110101011101011110111001010000110110101001110110101110011100111111100101111010010100011001011101110100010110110110010010011101011101101100100011111000001000101111001000100001101
10101111000011001000011001011101101001101100011111001011000010111000110101111000001011100000111011111001110110000110010100110000100110111000001101101101111111000110001010100100001000111001011
10010001111110100101100111100110111011011100110011100110100000000111001011010001010111110110000100010101101011111101000110010011000100110011101111011011110111101101100001110111010010010011010
11010101101101110110111111011111110011100111111000101000110111111111111110011000000110011100100100111111100000100010110101011110110111011000011000000111010010110011100011001100010011001100011
01111111011110101011000000010111011000101011110001001111010101011101110001111101111000011101000101010100110111100110001100011110010000010010110101111100101101101110011010111101011011110010111
00111011110111010110101101001011011010110001100111110011000111101001001110110110110111111111011111101100011101110011011101011100011111101000100101111110001000011110001011001101110110101111101
11110101010101110110001111011011110010110101111011111110000110100011111110100011101101101010011101010101011100001011011100111101111010111001010110110101011100110001100111111010001011101011111
11000110001010111110001111000010111110111101110110110100101101110011100110111010000111101010010011111010001011111111110010011111000010111011001011110111110110111111100100001111011111001000110
01001010100011100110000111110111010001111110110000011111101010111110101111111111001101111110100001000101111101110101011000110010111111110001111011111111010011011111101011110111101000111111000
11111001011110101001111110010110001100101110101000001100001100111011111101111000110110001010011111001010101001101010000011110101111111101111101110010111101101101011100101110001111111101111100
00001100011111011110001101100000011110100001010010100101000111100011111111011110010110001101000111100011001000000111111001111010101101000111110001010111110111000100001100100110000001010111010
01011110110011101101111111110110111111111111111100111010010010011101001011001101001100010111011100111010001110000010010101001101100001000101111011111101101011111001001100000001101010110101010
11101010010111010110111101110111001101001011100101101010101011010110001011101100111111100101001010011111110010111111110101110101011110011100010110110101011111000111010010110001101100000100111
11110000011010010101110100111001010001010010101101101110110110110011100111111110001011101111111100111010010001010001010000111100011100010111010111111010110000001100100000010101110010111011111
10011101001101001110101100111100011010101001000100011100011000111100110111101011111101101000010110100100011001011110110010101101111101001100011010111011100001001100011101110011110000011001010
10110100101111110101011111100011100100101110100010100111100010011000110100111111111000111100011010110111000110010110010110111111110101100111100101111010110010110101110100101111011110101111101
11101111101000111010010100000110111110101011000100010110111111111111011110101000110100100111001011110111001000001110110011011001110010000110111011100110011010100010001111101110010111011111111
11111001111110111111111100101110111000011100111010110101110100011110100101110100110011110100111010010110001111000010101011101100111011110110110100101101001111011111011011101110100101100100100
00101101011101010000000011101001110110110011110010001111011011000011100101110000110110111100100010001101001010100001110111000011110001100110000011101011010000001110111110100110010011100111111
11111011001101001100001000110100011011001101011011001111101010111000001011000010111111110001011110100110101011100000100101100000110111110010000101011111001100111100101100111100101111001011011
00111111111100111101101111011110110100001101010100001110011010010000110101111110010010011010100101111101111011110001111001111111001110100101110111100110010101100100101110100010101111111010111
11011101101110001110111110110010111111110111110001011011101010101011110001011111101101010011110010011110101100001010110111001110111001101010011110000101110101101100011110010011111101110100010
11010011000101111011111100101100101100011001101010100101001000011101011010101101111011111110100001000100101010111111000100111000100001100001101100101111110111001010100111011110000001001101100
11110110101001111111010110110111110010010000001101100111010111011111111101110010111100100110011101011110111111101011001001001100100001101101010111011110011111111111000000110101110101110101011
00111101110100100111111011010011011111010001010010011111111111111111011011101001000100111001000000111010100000010010010010001110010100011001111000111010000111010111010110011100101001000111011
01101011000100010001111111110011001100111100011101100010101001100101110000111100111101011110111111111000011001001101100010010100010111010010111010001011101110111001010101111011111111010101110
01011011011011000011011101111001001000101101011011111101101111111110011001101100110100011111101010000101000011111001001100101111010000111111010100010101000010001110111000110100011111100000111
10111100000110101111000010111011101100011100001000111011001111110101011000101011000111111010110001010001111000111111010000110111100000100100100111001101011011011011010110011110110001011011000
00011010111111101001111111100001011111001011001001100111100100011001111101110100101001111111101100001011101111010110100011011111100110011011010011011001010011111111101101110100110111111100011
11000100011001001011100000001110000010110010111001111110000101001101010100000110110011101011101111111111101101100010100101101111101110111001111011100100100110100011001101001100101101011010001
01010111110111010100001010111100010111000010101001001110001000010111101110001011011010100101000001111100110111110011111010110001101110011110011100101111111100011001000001110010101111110010101
10101000011110000111101110111000101101110100001010110000000101101101001001000111110100011011101001111101011111010011011111110001011010011100101011100010001100110011111111010011110001001010110
11011101111101110101001101110110101000101111111001001011110110110000001101011011010001010011111011100110100001001011001011110000011111101111101111011110110100010101110010101000101000000001010
00011011101110111110110110001101110111110110111111101000101010010111101001100001001111011101110010001101011011101010000011111100011100110110111111111111000111001101110010111111101110000000110
10111100110111010111100001110111011110110111000111110111001011101011101100110100111101001101010101001011110011111101110001111000010100001111111011010010111111011100001000001001010111110101010
11010111100110101110000001101101001001010111101110101000000001110011111000111101011000110010011001111011001111111101001110000111101000001111010000010010100000110111101111110100010100110110101
00110101011100011111111100011101010100110110010111111111001110010100001111000100011101011111010000011011101110010011000000011111010001101101001111010111101101001101111111101011110011101011101
00101001010101001110111101100010100111111111000010001101001000011101100011111110101001010011000111010011101111000110001100111011100011010111010001000010110010011001001001010001000001100011101
01101010101001100000001001101001001101101000011111111100001001111001011111011001000011101111011101011111001000110110000100111110000101000011011111001100101000111001000001111111011011011111111
11111000100111111011111001110100001011101010110110101110010000111001111011011111110101010001110001010011110011011101110100000010001110101111111011111101101001111110111111011000011000111110000
00100101100101001110001011110010011100001110011000101010111010001101000000001011011000000011100110011111000001011111110011010011001001011110101011100111110011011101000011101110100100100100011
11010011101010111101100110100111010100010110010110011101101001001011001010111111100011010010101111101110001100010100001110111101000100101101010111101111011001011111011110010111101110011100101
11111100110010101111110111001001100111001110111101001110001101100111111111010100110001000010011101011101001010000001011010111110111001110111010111101110111001111110001010111001101011100111111
11101110000101111001011111000111111010011000000011000010101001011001000110001011101111110010111000000001111111111010010011001111111101111010111110011111111111001111010110011111000010011010001
10001111100110110111100010110100100100100111000011110110001111011100011001111101010110000010100010100101100101111101000110101011110111101100101110111001111101001110010110100011101111110111001
00111101111011001000010001010000011111011111111000001010111101011001011011010110101100100100011010001111110101000010111010110010111111011000010110110111011111111011111101000111110000010111111
11101111111000101100101100001111110011101011110010101101101100111111001110011001110000011101010010110011110001110010101101010111100001100110001111100101100100100101011110000101110000111001010
10111111011111100011000110110001101011111100111110001110100100111101100010000100111011110001101001101010111110110011011110111001110111011101000111110101111110001100111111100110101101101110001
11111010111001101001101111011111010111010100110010011011111101000100111100111011111100011110011111000111010010100001101100011111101011100110100011101001111011111101101100011000110100110100110
11110110010111000101110100001111011001111111011111000001000101111101101111001100000011110100001110111001001101010111110011001011001010011111110000101111100011101010101010010101111000100110010
10011111010111110010101110101110111110111101110101100110110000011100110101000110100110110100000010001111011110101011010101110111101011111111111001011010010110011100001101011001100010011011101
10101001011010110011001111111101111100100011100000111100101101100111111010100110111100111011011110110110110101101110010001110111101111111000111010101101101001010101010101011111101001101110011
11011111110111001001111010111000010100110001111010101101000001011011100111110110110100011010001100111110011111111010101000011101000001111011111101000111111110111011010101000011110101101011100
01000101011001011001101110010011110100010101001111111100111010001110100110110011011000110100010010111111111111000100011010100011111001000111010010001000100000011011110100000110111101101110101
00010111111110101110111101011001000110011110111110111111011111110110110110110111110101110010101110110010010111011100111101101011000011011110001111010100110011100100001100101111011100101011100
11011011100111100111000111000100100100010110101010111101110111111110111110000110110110101001111101111111111000110111110011011011001011111101110101101001001111100111111111010110011111010001111
10101011110100111011000110011101101111111000100000100101111101101001001011111111110000010111010011010111100111101110111100001111111100111101000110100001011001010110100011110000101000100000001
11110110010111000000011101011100001000001000001011111001111000101111110111001001011111111110100111001111111010011101100111101001001001110111111101100110110101001010111111000011001001010100011
10110111001110110101011011011101011000001111011100111110011101111011000111011011011100001010001110100101110111000001100100011010111111101110111101111001010101110111101110111110111011110010100
00011011000011010111111110110110010100101111100100000010110111111111011110001001100001001111000111001110101101101011110001101010100100111111011010101011100000101111001001001011110111111010011
01110110110001010000010110111011111100001100111000111011001011111000110010100000111100101101110100111001011000110100010101001100101011011111011001100110000101101111010011001111010100111011011
10001111111111101110110100011111000011101110001111000101101111100110100010011000100100010011000110101101101000010111111100011111101000000111110010100101101011111001010111100101111111110101111
01101000110011010001100111000111111000011011111111010001111110001111100010100110001001110011111111000110111001110000111111110001100100100101011110101100000101100101101011111100100000101010001
00110111001111101011111111111001000110001010001011101000010001110111111010110011010010010000111110100011111010010011111001100001101001111111001101001111101110101110100011110010011000111111111
10111001101001110110101011111100100000001111110100110001010001011111111010001101011011111111111011101101010001100111010100110100010011001001101100101100111111011110001001111011111111101001010
01001101110100111011001111111111010100001100010100111001100111111101111010100110010010101011111001011110010001010100011101101110110111111001001011110010100100100101111010011001111110111001110
01100001010111000110101101001011111000110000011101011001111000111001110111011110101110010100001010110111010110011101110111101001101111111111011110110001011101100101110101010101010111110011010
00110000110001010010111101111100101101110110001100100101000100110111011111000110100000011111100110110110101111011111011010100011111001111110111011001110111011111011011110101011111110000011110
10110111000100111101000101011010001010011001010111100101000101010011011110111001001111011100010101110111001000111000111011110100010001011111000100110111111001100100010110101100110011100001111
10010110101110110111011111110011111100001100011001000000111001011101001110000011011011010001110011001111011001010000011101111111011110110101101001110100111110011100010110101001101110000000011
01110110001010111100111110011111011101000100010000111111011100110111100000100111110110000110110011001111000101001110100010100111011001000001011100010111100011011000011010001011011110110111110
11011010110111110010111110111111110110111101010110011111001111101111100100110010111100111101110000100000001011011001001111000111001001010111110001110101001100011111101101000011111010000011011
01000100100110111111111010101100001001100001011111010001110101011110100001000010100101100101101100110010110010111111000010110100111101011001111110001101110010110100110110010101010011001110110
11011001000110111111010110110101100110111011001101100111101101100001001110100101100011011011010000001101110011101111101101110100011001010111111011111101100100001111011011111110011011001101010
10111111101100110011011111011011010011110110101111010001011100011110011101011000100110101110100101111010001000111011101001000111011001111110110100000111101111010111101100101101110010101101010
11000100011000101100110101001110111100101010110001111000010011000011101011101011011111100010100011011011000010110000100100111100011111100001010011100111011111101000010100000000110011110111110
00111101111011100101111001001001011111110111010100101100001011000001100000000110101011110101011110101011101011111110010110101011011010101010010000001010100111100111000110010111011111111110000
01101101110000110111111111000001111110111101001110101111110001110110000001100011011000000111110010101011001110000101111111101101010111011100001111000110100011111000001100100100100010001111001
10101001011010000011110010110101010110101101110100111000010110010100001100011001110111010111111001111100000001110100101101010011101011101100001011001000111010110111100110000111100110111011101
10010010110010101111111011101010011110101101011000010011010011111111100011100111010101011111001111110110100101111100111011110001010010110101110101011100101110001010001110111001111111011110111
11100101101111100000100111011111111111101101000001001101001101001010000110011101100011101011101010001110100011111011100101001101001010110111010001111101111001100100110100101001110000010101011
10101110110011010110111100111111000001101010010111101100111101001000111101110101011010000001101010110111011111000001010100000101101110011111100111101001011100111101111010101110011011010001110
10011001010000101000111011101001011101000010001010011110101101001010110100111001010101110111110000010011011110010111011101111111001000111011111111110010110110110111010011011110001101001001010
10000111100110111100100111101110011110111000101111001111111101110100011010011111111001101100110011110101000111101001010111100100111011000001101100111100111101111110111111100111001110110101010
11011110100101110110110100010110001010000010110100101011011101011011110101100011111001100110011100101111011001000111001110011011000011011010010101011111100101110101110100100101110001101111011
11011111111100101101011111100011101101101101000111001111101011111011111100100101101101011011010000010101001001110111010110111001110000110010011000111100011100111101100000101100110000000011011
11010111100010110111101011111000101010100100011111011001000010100110001100101010111111010110100011111101010101101110000110101001101010011110000010000100110100111111111111111101010000000010100
00010001011001111100010110111111010110000000111101100111101110010010010001011011111010111011010001101101100000111111111111111100101110001010010001110101110100101010001101100101101000111001010
11111110011000111110010101100111001111001111110011100101000011101111110011101100101111111011001100111011010101011011010010101000111101101010111101111010111111111010100011101000011001011100101
00111100101011111100100110011110101011110001010111001000001110100110101110001111111110100010110110100010110110100011010101111000110011010111101010000101111101011000100001101111010001101000101
01110100100100100110111101100110110100110111001000011011111101011010001111010000000101100111000101011111000111100110100001110100001011010100110011111000011011110000001110111100101001110001111
01100110101111110111101011000001101001111001100011111110111001110110111101111111011111110001100001010011111001111001111100100000110011111011011101010001000101000000101111110110011000100011100
11101100000111110010011011110011010000101011100011101101000111100110100101001111000111111001010010111011100101101110001001011100011111001111010111111000111011001100111001111100001110000101011
11011101000111110001101101110110101000111100111101110111110110000011111111100101111111111100011110011011110111101100111101000010101110001011100010101100001101111110110111011011111101001110110
01111011101101100111111011111100010110101110100011101100111000000111010111011111001001100111111000111101001101111010100110001101011110011001001010111100100101010110101001001101000010111101010
01111010101001000110110010100011000101010001001011100101110101111111100001111011101111011110110111101100111110101111011110100111100010101001101101000101011101111111111111000111111101001011100
00011100011001001011100001001000001000110101101110111101001110111111000100010110100001111100101101111000001101101110011010111000011110111111010011010111011111000011010000011110001100111010000
