011001011110111110000110111011101010111111111001011111000110111111110111000111111111011001101111010011110011111101111110111111111011110111111
101010011111101110111101100011100101111110111111001111011100001111001010111010111010101110111011011000101101110110110000010101100111001101111
110111011010111110001101101111101100101011101110110101111100000111111111110111111010111111111110111001101110111111100110110110000111100111111
001011101110010111100001111111111110101011111111101110110111001011010010101111100101101111101000111101101101111110111101001001100111110011111
011101110111011011110100110011111111011111110111110110111111111111111111100011111110011000111110111010111111001111011111101111011101111101111
101110111110111111010000110111111111111111011110111001111110011011111010011001101111011111111111110011101000111110111011111100111100101110011
000111000111111010100111111110001011011101111110101011011111110111000010011111110111111011011111101000111111110011111011111110111111111111011
111011001011111011100111110001110111101001111101011111001111111011111110011111110110111110101110111100111111100010111110011011010011110111011
111101010111101001100101111110111111011111111111100110111110011001111111001011011101111110011010111100011111111101101111011111011101011001010
110111101001111111110101111101001100110111010110101111100111100110011111100111110110111101011011111000110101101010101101111100111011100100001
111111111000110010101100110011010101100110011111100011111011101010000010111010011111101011111110110011111111010110101011101010101001011111101
010010111100111100110101101111111101111110110000101110000101111101110101111010100111001111101010101000111111111111100111011111011111010001011
111001111111011111111111011101111111111111111101010110101010011011011101001011011001111101111110101111111100110011110011101110111010101000110
101111110111101111011011110101011111100010011111100111011110101011100010111101011100110100111110010010001111001101010100100111010111111110100
111011111101110001100101101110111101111011000111111111101111111011111110101100111011100010100111111011001110101101011101110011110101110011011
111101000101110010101111101101110101111101101011100111111111111110101000111111111111100101101110010111111101011111110110110111110111010010101
111111110110110101111011011001111101111110111100011101111111111110111001111010101011101011101111111110100100110101111111000100000011110001011
000111011100111010011111000100110111101111011110110101110010111101111111011111011010111111011001000111000011110111011010111111011110110111111
010110111111101110011101111111110011011110111010101101111011101011011101011001011011010101001100100101111111011100001011101111010011010111111
010011000101110011101111010011011011111001011100110001110011111101101101010101110011110011110001010011010110110000011110111111111111101000110
011000000010110111110111111110111101001010111100011011001011100100001111011010011111010010011111111110110111101100101110111011110111111111110
111010111111101101111011101001110101111110111111001101111111110011100110110101110111101110111100101100110001111111101101010110111110101111100
100000110000110111011100110110110101111111011100101111111111001001101111101101101111110001100110110101110111111010100011011011101011111110111
011100111101111111111100011001100110001111111110111111110111100011011111011111111110001011011111110111110111001111101101001111111111010111111
111111111111011100101110011101100111101101100111100110110111111101101101101110111111101100011101110111011011111010100110111111101111011001101
100111111110110010111011101101111110111111001010011111111101111111101001111001110110001100011010111101111111010010011101101111110100111011011
101100101101101110101101110100111110100101011011111111111111011111111011101111011111011110101010011101010101101001111111111010110011101011001
001101101101111101101010111010110110101011111110011111111001100110101101100101111111011010100001110011111111111101111111110001110110110110101
111111101011001000111010000101011111101111011111011110101010100111110011010101011111000101011110111111111101101010011101111110111001000001100
111111010111110110110101110010111111111011000001111100100101000101111010101111011111011110001011100110111101111011110111111101101111001011101
111111011001101111101111111101011101110010111111111111011111101101111111110111111111111010111011110011010111101011010111011011001100110011101
000111011011111111111110011111101110110111110110111101101100100000111111011110111111100001011110111100001111010000100101110011100111011110111
101111101101111010011000011011110111001101110100011111011101101010111111110111111111001011111100001000101000111111111111111111110010011010111
011111011111111111001111111111111011111101111100011111111011001011101110011011101111111110111111100111110111111111011011110111011111111101111
100111111000110001110001111111011101110111011111110111001111111011101101100111000111000111110100111101111111110110011010111110100111100011110
010011111011111111111110100011101110111111111001110101111110111111011111111011011111111100011001111100001101000100011011111010110011011110100
111101010111111111010110111111110111001001001111111111001010101010011111011001111101111110100101111001101111100110111011100011111000111111101
110011101101101110110110010001110111000110000101100001111111111011011101111101011111001001100101000010000001111110001101101111110100101110111
111111111001101111111111110111001101100101110110110111101111111110010101100110011101111101110111111111111011010001111001101110110110111011111
110011101111100111100111111010011111011001100011011011010011011001111001111110001111101110101111111110000111111111000111011011000101110111111
111111001111111011101111010111110011010001111000111011010100011111110101001111101111011110101101101111111011110100110101001011100111111101111
101111111100101101010011111111011111101110011111011111011111111011010111101111101111110001111110110111101111110110100100011111010010011110001
111110111001100110101101100100111101001110010111011111101111110111111110110111110010101111010100111101101100111111110010101111111111110101101
110111111111110011111111001110111111001011101110111101101110101110000110111111101000111101010010101010011111100101001111111110011011000001101
111101111010110111111111011110100111100011010010000111011011111101010011101111011110110011100111111100110111110010111101010001111100111101111
011111111110111011011111100110111110111001110011011111111101111000101111001010111101011111101100011100111001111100011111111010101111011110010
011111101110011101100101111110110010101101111101011011011010101110111111011010100101001010111111111101011011111111110110011101111011011110101
110110011010111100000100101011100011110101100110111011101111100100110111011111100001011111111010011101011110001011111010111100101010101111110
001111101111011101110011101001110011111010010001010001011111111111000110111101101111111010101001101111111010011111011111101100101000101000111
101011010000101011011001011111111111101111110111100011011101111110111111101011001011011100111001101011111110111111110100111101011001001111110
110101110101001010101111011111111100100111110111000011001111111110111110111011001111111011111111111011010100110101011111111111110110101100111
111110011101111111100111111111111111101001111100000011101101101101000010011100111110111011111100111010111101011101000111111111011011101001011
110110111111111100001011111110101110101111101111011100111100011111001101111101111111111101111011110111001111110001111101111111110111101010111
111001110110011111111111011100111111111111111111111100100110011110101111110010011110100111100001110101111101111101111111100001111010011100111
001111001110101111110111111111010101011000110101000111010001111100111111101010100010010111101111111001111000011100000101111101011100101111111
011111101010010111110111111100101101010111001110110010101101111111110011111110101111111110111010111111011100011011011011011111011011111011101
011011111010111110101110011110111111111001111111111110010011100011110110101111110111111101111010111011101101111110111111111011111000111110101
111111111101011110000111111001111011011011110101111111010011110111111100011110110110101111011000101101111010100111010010111111110101101101110
100111111110111111111111101010100111111101111011101001001101110111111011110101010010111100101111101111100110010101110100111111101101111011101
000110110111001110111111111101101110011101101101111100111110011111111111111110011111111111111110001101101110111101111011101111111110110011111
100010110111011111111101110110111011111001111111111100111110010101011101110111111011110101111101111011001001001101011111000110111000111111111
100011111001101111010100111000000011011111101100111011110111101011000101001111100111101101111111111011101001110001011111001101101111010101011
110111011011111111110010111000101111111111011110111111110001010101111111011001111101011011111001100110111111111010110111011101110001101101110
111010100101000111011000111111100001001010111011111111110111101000101111010011101110111111100011010101101011101001101111010111111110111101011
111111110110111110100101011110001111111011110010111011011111010000111010011111001110001101011110111111111110111101101111100111100101001011011
111111111001111001110111111011100111010111101000100110011111111000111111111011111011100110111011010110011101100111010101111010000101100111111
101011011001011111010110111111111110000110100111011001111111001111001101011111011111110001111010001111111101110010110111000111110110110111111
101111011101101011100001001011111001111111101011011000111111101011000010000110110011011111111010111011111100000111111111011100011111010011101
011011011100101111111011111101111111110100100110011011100111101111100101100011111011100110001101111011010011111111100111010011111010011111110
101010011101101001111111100100111111111011110111111011101101111101101010111011101111001110000111111011111111101111111010111111111110011000111
111111111110011001001111001011111101100001111111111101111011001111010101110011010111111111111011001111111101011101110111111010111100111000110
101010001101100011111011111110111011111111001111010011110011111101101010110000110101010010111001110111101001110111110011111111011111111011111
011110000111011110000110111101101011011101111000111011111011100001001111001110100101101011110110101111111011111100011101010111100101011111111
011001110011010111111101010010111101110100110011101111010111101111100111001101111111111111101010110001011110111111101100001111111011111111001
010101111011111111101011111001010101110111011111111110111101011011100100110111110011101011110111101111111101010011111110110111111110110001100
101100110100011101010111101111111010011111111001100110011111110010110000111000111111110111101110001111111101111111011000001011111111111111010
111110111111100111001001101001111111001111111111011001111101110111111110101001010111110111100110100111101111111110111111011100011111011110101
101111111100110101110111011111101111110011111001111010001010111111101110011010110101101111111111110000111111011111001001010011101110011111001
111111110101001110010111110100111100100011110111100110111100111101011101111101011101110111110101101011101111110111110010111011011111011110011
111010111110111101111101111111111001111000101100000111001111101001111011011111100011111111111101110111111111111101001111000000000101111011011
111011001010111111101011101111111101111111011100111111010001101111101100010100100011111111111100010010111101101000110101111100001111110101100
100111111111010100001111111111111111111111001110101111011101011110100111110111100010101011111100101010101111011011110100000011000110101011110
111011110111001111111111111111111111010111101000111111111111110111111110011110011100001111101011110100101111110110101111011001111111111110011
100101101011101110111110101111111111111111000111111010011001111001111111111111111000110111101111011111011100011101010101100101111110111110100
011100111110111111010110100000110101101101111000101111011111110101101010111111111101011101000110101100000101111010100010110100101011001110010
101011111100110001111010001101100101101011011101111110111011101100110011010110111001101011011111110111100110110111111111111111001011111110111
111111111111100011000101111101101101111110110111111110011111011110010110111001011110110111110101110111011110010011101111111011001001111111111
011101011101110101100100111011000111101110110101010011111111110111011110010111111011101011110011111111010011110001100100011111001101111101110
011101111011001011011101001101101110100110101111101101110101001101011111111111111111011101001011111010101001100110000111101111011110100010000
101101100111100111110011000010011010011001111101001111101101111110110010111111111111111110101101011011011011000001111001001111000101101011111
111111010011111110010110001100101110111111001111111111111011111101110011111111111111001101010011101110101100011000101100111111110011111110110
011011101110110001011101110010111111001001110011011110011101111011110011101001111100011100101100011110010101011101111101110001101111001111000
111111111111110111101101111011111101000111000111111110111111111011111011010101011111010011010111111001111111111101011101111001000111111101101
101011110010111110101111100010011110111111101110001100100011110010001100101111111101111001011011011110110101111101101010011110001111001111101
111011111111111110001011011011110100001101011011001010111011010111110110111111000011110110101101111111011110111110111100010111110111101111010
110001100100001011011001100101100101111110001010111011100010111101001111001001110011011111101110011111100111111101111111101101000011011101111
001111111111101010101111110111110111101111111010111111111110111010011101111011110110111110101010010010100101011101111111111111110110101010111
111111011110011110011011111110110011101101101111001111111000110111011101010001011011011111011111101000001101101101111110010010101111001011111
011110111101101010001100011010011011101110111111111100111111110010111110101100100101100111111111010111111010011101100110111001011011111111101
000100011000100111101111111011010111001111101111100011010111001111100011101110010011111100110111001010111111101011101111101011111101001111111
100011000010111111011001100111100100011111010000111110011010111011111111101110111101011111110111101101011001001111011011111111101111110111111
101101000010101101110011111110100110101011100011111011111111110110111111111110110001011101001011001010111111001011111101110011011110111011011
111111110111100110101111010111001110101011101100110101101111011110110111101111111110010010101101101101011111111111101111001001010110101110011
100010111111100100111111111111100110001010011111111101110100001011111110111101011001001101011110001111101110110110000111100001100000101010111
011111111011111100100000110111011011101011110111110111111101111111110111111111111111001011101010011111110101101111111011111110101110111111111
011110111111111110111011011111110111100101111001011111011011001011110110011111111111111000111111110101111000011111110101110111111111101100111
101010111011011001111011110100110110101111011011110010000111001110001100110011110110011101001011001101110001111111001011000101111101011001101
110110111111010101101111111111110111111111011110000111001000111101101111101111111110100111011101110111101010110111111101110110111111111111111
111101111101101011011110101111101110110111111110011011001101011111101101110110111010110110001111010100111011001111111000111110100010111010111
111101101011100111110110110101011110011111101110111111111011011010101011111111110111111100111111101000110111001001101111111011011111101011011
101111001101011100101111101111101100010100100111110101111001101110001110110111011101100000111111111111101110110111001101100101111111110101101
111111001011011111101101000100001111110111110110111101101111100011011111110111110011010010011111111010111111101011101111110101001011101111011
011111110111100101000111110011101110110101101011110000011100001001111101011111100110111010000010000111111111101100101111111011011101111001011
101010101001111111000101001101101100001100110011111111010111110111011111011101110101011101011101111111101111111100101101111111110001111101111
111101111111100110001111101101011000101011101011010011001011001110111111011010101110111101110111111101101101110111010110100111010111001011011
110111110000111111010000011111101111101010101111111011011111111001110111101110101101010001011011110011001101100000100111111010011100011111111
100111111110001011111101011110001111111000011101101011011001110110010100111111010010011001111111110111101011111111000111011011101101110101001
101110011101011110011101111111111000010111011110111111101010111111111010111010011111011110111011111101110101011111111011011110111010111000100
101011111011100111111010101101101111100100110111101101011101111110111111001010110010111010000101111110111010010110111101011111111011111101110
000111101111101010100111011111111101111110011100101111111001111111111011100011011011011011011001100111111111011111011110101100111011101110011
101011100110111101111000111111011111111000110101111111101111000011000111001000101001111010111001101111011101111111110001000101111111111000111
111001111101001101011110101111111111000101011111011110111110001101011111101011101010111100111110111011001101110111011110001111010111110101101
100111111111100001111011111011101011011111110111111110111111011001010111010110101010011111101101101110101000110011011111010011010101111101111
111011101101110111110101110011001110011001110011111110110111111110110101111010001001110111100111100010001111101101100111110011111101101011100
101010111011111101111111111010111111111111110100001110011111100111101111111101100100011111100110110111001101110011111110011101001111010111110
110110011001011101111011110101111100110111101010011111111111011110101101111101100111011111111011101111110110011111101010111110101101111110111
110101100110101100011111111111011011111010101111101011001111111110101110111101000011100000110010110110011111101001001111100101010110111111111
100011111101111101111101011110001101111001111010011111111101101100111111011110100011000010100010101101100111011011110111111100101111001111110
100011101111100001010111100011100100100000111111110101111011110100011111011111101011111110010100011111001111011110011111100111010100111001111
011111101001011101011101110101110110011110101100001010100111010111110111101111111111000111011110110111101111011010111000111111111010010111101
111100110101110111111111101101011111001011110111001111010001010100111101011111101111110010111111111011101101111100100111110010110100011011111
111110111111011110111011101011010111000110110110010110010110011011010001110110111010111101111111011110000111011111101011111111010000011111110
101111110100111011011110011100100110111110101001101110111111101101100011011100011111011111101010101011111101111111001111111101101000001010111
100110111011011111101011110100111101101111101110000001011011110100111111111111111011011100101001001011001011101011011110111011101111000001111
010011101010110000011110111001011101111011001111111111111110101110001111110111110111111101111111111101111111110111110111101101111011100110110
111011110110010001101111000100010101110111101111011001101100111101101000110111101011111100111111001110101101001101011011011011110101001011000
101101110010011101101111011101111011111101000111010010111011100011111001110111110111111011110110111111111001110100110001000111110111101101111
111110111011001011101101111011100110101110111001010100110111111111111001111101011100001101011111011111001011011111111010011110111111010110110
111110000010110101111111100111111111111110111011111011111111101001111111101010001101011101101101111110011111101001010110111111111111111011011
111111111001101011111011010000011110011110001101111111100101111111101111100100110110111101100011110111111101110111110011101011111011111011101
111111110111001111100011111101111100111111111010101111111011110111110101110011110010011001001101111111111111111111111001111001101110110010110
