0110101101001110111001010110101110111110011111111010110011000001110011111101011111111010111111110110101111001101111000101110111111111111110111101111001111
1010101000110011001111110111110110001111111001011110010011100010011111011111011111011111101111111111111001101011110001111110001000111111110101100111100010
1101111111110110011101111001111111111011111111110101100011111100011010111010111110011001011111011101110101111101111011011101001111101011101011111111101000
0010111111111011011111111101001000011111110011000100101011111111111111011010110110101010011111101111111111101110111100101101111111110011011110011110011011
1111011110110101111001111111101011001111011001101101011101000111001111111101110111111101110111110111101011110111111110101101011110111110011111011000011101
0011101110100011011010101110111010111111111011111110101111111111111111111010111110111111100110011110111111000011011110101110101010101111001101101111001011
1111110111110110111110011100110111111111101011111111111111001011110011111111001110110101001111011010110111110011000101010111111100111111001111101111111110
1011111010110101010100111010111110110111111110110110101010111011111001011110111111110111101101011010011010111100101011110101001111110011111101011001010011
0011111101000000101111011111110011101000101111110101111110110011111101110110110111001111101100111101111001111110111111111111100101010101010111111010101101
1011001010111111111001101011001010101111110111101111101001110111111111111011111111011111110001111101011000001011101100101111011110101011111110101011111111
0111111101001101011101101110111011011011001111001110011011111101011110111101111101101011111111111110101101011100100010010010111111111001111001101111010010
0111101101001100111100011111110111111110110100111101110001111111110101011111100011111111111111111010101111011100011110001010110111111110110111010110110111
1001000001110001010111110111110010001110001111101010110100010101110111101110011100111111111000101010101110101111111101100111110110110111111011100101011101
1010101101110011111111011111100110100011111111111101110111111111110111011111110111110101100101100000111111111111111011001001011000110111111111011101001011
1111011001000101111101111111010110111110110101111101101110001111111011011010111110011111101111111001111110011111111111111111111111111111111101011011111111
0101110101101110111110111011111010010111101101111111111010100010011011100111110111111111101111111101011111111001001111101110111111111111111111111110111101
1000101011010111011110111111111011111111111100011011111101111111100111001011111011111001111100110111101101111011111011000101111110101110101111111111001101
1011111101111111101001111111101111111101011110111111011010010101001111111111101111100111011111011111111111111111101010010011111001111111111011011011011011
1111111011110111110011111111111101111101111101110111111100110111111111111011111100111111011111001111111110111110011101111111111111011100011110011100111111
0111001110111111100011110101111111111010010011001111101111011101111111100111101111101111110111111111100100101100101111011101110111111111110110101110001101
0101011010001101101100111011011111111101110001111111101011111111101100010011111111101111111001110100111110111111011111011011111111011110111101111111011111
1111100011101110011100111111001111011110111111110111110011111110001111110111100111011111111111111101001011101111001011111111011111101111111111101011011111
0111110101101011111111011101111110111111011101110111111111111111011111011101010011011011110110111111011101100101111001101101011000110110111101001011111111
1111101110011111111111101110101011111111001110110110001111110101111111110101110111111100110011001100111110100111011101111011011001011101000011110111111111
0011111111110111111011110111111101101111110111110111101111111110111011111001110111111101111010100101010101111001111011010111111101011110111101011110100010
1101111010111110111101111011111101111101000101011111101101110100010111110111100111111111111111111111110110000111010011011011011011110011111111111110110011
1100110111111111111011011101010111010010111001111101111111111101101101010010000111011111110101101111111101111111110101110011110011101111101111100011111111
0111100011011111111111101110011111111100111001010111111111111111111101111111001110111010111111111101011111111111111110111111101111011010111111100101111100
1110111110111101111100111100011111110111111111100110111110101111011110111111110111001111101111001000011011100101111101111110111111000111110011011000011111
0110011110111011101110101111101111110011111101011111001111011110011111011101010110111011011111111111111010011111111001111111111101010001101101111011000111
1011110101100001111111111101110111101110011111111010110110110111111011011111110001111110011011110111110111111111111111010011110101111110001111001111101000
1110001100010110011111101111111011111101111111111111111110010111001101111111101111011100100100111001111011111101101001010111101111101111111111000100100011
1110111111111111110111110011111101111111111111010101010111100111011111000111111011010110111101101111101110101111111110111101101001111111011011111111011111
0010101010110000111111011111111110111011111111111011111101011111111101111111001111111111111000110110011101111111111111111111010111010111111111101110111100
1010011111010110111110111101111111010101111011101111111101101011111100110101101111110101111110001110100110111110110101001001011011000111111111111110011110
1011011100110011111111110111110111100000111111111110111100101111111110011101101001110101111111001111101111110011111001111110100111111111101011011111011100
1111111011111010111111111101001111000111101011111001101110011011100110111001110011111100111011101111101111110110100110111011010110111101010101111110111111
1101111101011011111011111101101110101011110100111011111111111110111110110101111111011111111101111111100111111111101111101111111011111110000111001111011010
1111111101111111100101111010111011001101011110111111001011101110011110001111010110111111010111001111101110101111011111101111111111101111111101101001110011
0111111101100101111010111100110111101110110111011101111111101110111101100011100101111111000111110110100111110001111111001110001111011111111111011011101110
0111011111010111101011001011110111111101010111011010011111111111110101111111111111111111011111111011110101111111111001110111110101111001111011111011011111
1111110101010110111111101011111111110111101011110110101011111111111101111111111101011011110010111001111001001101110111110101111111110111100111111111110011
1110111110101101111001110011111111111010010101111011111101101111111111111101010111011100110011110100011100001111101110110101110111011111010111111011011111
1010000111111111111001111100111111010111101011001111111110101011111111101001111111111111011100111010100111011010011100111111111111111111110011111111101111
1011011111101100010101011000101111111011110100011111111110011111111111111001111101111101010111111011011011101111011101111110101101111100001110011011101011
1111111011101111001111101111111111111001111100111001110111111011111100011010111110110110101110111110110101101101111111011111110110001111110011111011111111
1010111111011111011011111010101101111110011001011111110111011111110111001111111110101001101111011011010010100111001111111111111010011111011011111110111111
1110011110010111111011111111011111011111111011101111110111111011101011011111111101111111101111111111100010111011101010011010011111101111111100100110110111
1100111001111111110110000110011101111111101111110100011110001101101111100111111111111001011111101111011111101001001101011111100110111111111101111111101101
0111111111110111011111111111110110110011010110111010010111011110101110111101111011111101011001100111111111111100001011011111111111111111101111110111100111
1100011101101001111111111101111101110110111110110101101001111111111011111010011111011111111111111111101101111101111010111111011111010110101101101111111110
0010101011010111111111101111010111101111001111110010101000100101111111111001101111011011111011011011110010111110101111001110100111001111110011000111111111
1011011111011111101111101111101101111101011111110011001100111111010001111111101011101111111011001111011111101101110110111111011000101011111111101110011001
1100101010111101111001100011101111110101101111111100001111111111101100111010101111111111101101111101111100111111101111101011111011010101100110011111011111
0001111111100011111110111111110101111111111110001011110010110011101110101101101111101101110111101111001110101010110111011110111111100001100011111110111111
0000111010001110101100111111111111111101101111111100110010111111111101110101111111011111110101110110111100111101111110111111010111111011111001001110111111
1111011110100111010111111011111110001111110111111100011101101011000111111111110101101111110110011111110011011011111111101100101111111011101111111101111110
1111111001110100100111111111010011100111111001110110010010110111010100001110101110111111100010111101101011110111111111110111110111111011010110011001101110
0111010111110101101011111111101010110111111101010011111111001111111101111111001111001011111101011100111011001101111111111101111111110110000001111011110110
0011010111111100111111111111011101001100110011110110111101001010011111011101011111101011010000011111010110111111111101011101111101101100111100001111101101
0011011100110110100111101011110001111111111111111110110110110011111001110001111011111111101111101111010111111111001110101111110111101101111111111111111100
0011110001111110111111111111111111010111111010101111110101100011111100111110111111111011111101110100111001111111111111111110110011110111111000111111101111
0101111111010111101011101001111111111111111111110110111111111101011110101111101111111111111110101011111011011111111101111110011110110101011111111101000111
1001111111111110111110110011101111111000111111111011111111101110111110111101111011101001111011011111111111011111111111111110100111110011010001011010011101
1001011111011110101110011011001001111101111111111111011100101101001111011111010111011111100111001101101111111011111111111011011011110110111010111111111010
1111011111111111001100111101111011110111111111100011100101111111001010110011011011011100100101111011110110101110111010101111100011110101100100011110101111
0111110111100011011111111011111111110111011111011111011100111111110101101011111111111011101110100111011001111111110111011110111111100011011001110011111110
0101110011111100111111110111110111111111111111101101011111110111101010011000111100101110101101111101111000011110111001001111010111111101011111111001111110
1111111001101111111101111100111010011110001110111111001010010011110101111111011110101111111111111111010011111111111111010111011110001111111110110101111111
1101111111011111111101111111011111000001111110111011100110111000101010010101110111101110010101100101111011011110011101110101111111110110101001111011100111
1010111011101001011101011101100101101101111110001111111110101111011010011101010111111011101111110010001001011111111011011111111111101010110111001111010111
1111111111110110011011111111111101111100111011010111110110111101110111101011111011110111111001001110111111111111111111011111111111111111011101111010001111
1111111101111110111000101001111101011010111111110111111011110111101110110111111101111101111100101110101111100011111011111010011111111111111111111010110111
1100101110111101010101110101111111110110111000111100101111110111100011101010110111111110001101111111111110011111001101011110111010011101111101101111111111
0111011111011111111111000111101111000011110001111010110011100110111010011101111001101110111100001011100001110110111111111011111100111111011110010011111110
1100101001110101111111111101111111111111111110111101101110111011111011111010001111111110110000111011001001011111111111100110001110101111110111111111011110
0011110111110111111111011100101110111101110111111101111111001111001101011110011111101100100001111111111111110111110111100101111101101111111101111111101010
1111110111101111101010111000111010001110111111111110000110011101111111111110101111111111111010101111110101100101010111111111110111111111111110101101111110
1110011101101010111110000001000111110100110111111111111101111111011110011011110111101110101111100101011011111010111111011101111111000111100111110110101101
1111111111101111011111011111110101100111111111111011011111110110101111101101111000111111111111111111101111111010011111110111101101111110001101001111111000
1111111111010111110111111111110111101110101101101111111101111111111011110101111000011100011011011111111111011001011101111111111111011110101110111111101011
1100100111110101110111111110101111111101111110011111111110111111111001111111111000101110010111011110101110111100111101111111110111111110101111110010101100
1001111100111101111110011101011001111011100111111100111011011111001111111111111101001101111111111011111100111101111111111111110111111111101100101111110011
1110111101011111101001111111011111111111111111011111010101001110111000111101010110000111000111111100111111001111011111010111101110101101111101111100111011
1111110011111011101111111111111101001111111110111111111111111111111111101111111111100111011101111100011001111101111111110011101011011111111011111010111111
0100111111011111011111011110101111111111101111010110111111001010110111011111111111111011111100011101111110000101111101011111111110101110111011011110111111
1101010111111011011111100111111011000111110101010011110111111110101111110111011101011101011111010001010111110111110111101110100111111101100110110110110101
0110111111111111111111101110110001110111110110111111111111111111101010111000010100111110111111111101111001101111011010110111000111111100100101111101111111
1100110111111111100111111111100111111100011001110011111111101111111110111011111100100101011011111111111110110011101111111011111000001101111111101011110111
1011100001111000111111111111011011111110111110001111101110110111000011011011010111101111101011111111010011111101111000100001011111111100111001101111111001
1111001110111011111011001101111011111100100101111111110000101111001110111110011110101111110111110100010111111111101011101111111011011111111111111101011111
1111111110110111111101100111110110110111100111111010011110101110111111101110001101111111001011111111111111101111111011110111111110111110111110111101111110
1111111000110011011101111101111000111011111011111011101011001011101010100000011111110011111101101110010001110111111101110101101111111111111011111000111111
1111101101110111011111010111111010011111101010111111111100101101110111110100101111111011111110110111111110111110000110111011110011101111101001100111111111
1101100011111111100111101111011111001101111111011110011101001110011111101101111100111001111111001101100111111110111111011101111111110111111111111111110101
1110111111110011110111100101011101000101111111110011010111110101010110100101100111111111111101000111011110010011111011111101111101111110101111101011111111
0111011111111011011101110111110110111110110111111011111011111011110110011111110111111101110110100111110111111100101011101001101111011111111001111100111101
1111110011100001111111111111011011111111001001011110111111111101101111011100111111011101111111111011101111111101001011101101111101101010100111111111011111
1101111100111000111100100110011011111111100111111111101110011011011010111111110111100000110111011101111111101011110101110111111001101101100011101111111101
0111100011000011111101101111011110011110110010111111111011011011111111000111111110100111110101111110110110110111110111111101011001111101111010101111011111
1111111010111110111110010110011110111111110101010111010111100111110101011110110111110101100101101111011111011101101111011011001111111110011101110111010111
0111011111000111011010111111111101000000111011101101110110111111011111010100111010111111111111011011101111011111111011111011111000101010011111001011111000
1101110111111111111011110011110111011010011010001110111101100111101101111101101111111101100101010110110010111111101110101011100011111010111001011111110100
1011011000111111111110111111001011111111101101001110111100011001110000011100110111110110101101111111110001011010111110110011111111010101010101110111000101
1001111100011111011011010101111110111111000110111101101011111011110011011100101111010110111101111111111000011111110101110111110001101111010111011111110011
1111111010110101110001101011101101011101110111001110100011101111101011111011111110011011011110101110110100111100111101011101110111010110101111101110101001
0111101110001101111111111011101111111111100011111111111101011100111010011010111101101011111111101111001001011001111111111101110011011111110111110111011101
0010101110110111111010001011011101111101100100010111010111011111101111110111101111101010111011111101111111100111111101110001101101011010101101010111011111
1111000111111111111111001011011111100110111111011111111110111111111111110101001111111001011101101110111111100110111111010001111111110111110101111011111111
1011100110111110011111110111111111101110111011100111110101111111011111110111110001111111011111101101111011011011111111011110111101110000110101111111011110
0101111011001110111011010111011011111110101110110001011011011111111111111111101100010011101111110011011110011101110111111111111011111101101111110110011011
1110111001001111110011111111111111010111111011111010110111111111101010111101110010111111111110010111111010110110011100100011110011111101111111010111101011
1111100111101110110100101011111111111101111001010011111111110111111110111011101001101110111110111011111111111110011111011110000101111110011111100110111011
1111110010011110101010111111111011110011110111000010101111110111111111111011111111111111010110110011010111111111101111111111110101111001110111111111011110
1011110111011111111111111001111111010111101111111111010111111111110111111111001111111101111110111100111101111101110110111011000101001101111011111110111111
0001111011011011001110010011101011101111011111101001111111111111101011010111111111111110100011100011101111111111111011111001110001110101001011111001100110
0010110110110111110111001101001011001111011001110111111111101101111010111011111100111011101101111101111100101110111101111110101100101111110011001101011111
0110001110001111101111111110111101110111110011101101011011110111101111111111111111111110101110111111110011111110110110011000111111111101000011101101001100
1101110111001011001001110011110011011110111110100010110111101111110001001011110111101011111111011111011110110011011110000000111111101110111100110000010111
0110001110100010011111011111111111011000111111111110101101110111101011111110011111111101100111110011110111111110111111001111011100000011111100110011111100
1111110011010111001111110101110011111111000111111111111110111111111100111110011011100110101001111101111001100110111111010110111110000111111000011111111111
1111111111001011101101101001110111010111111111101111101111111111011111110101111111110111001110110111000011100110110010011011001011100100100111111111111111
1100011011111011011011011111111101011111100111111111111101001111111110111111010111111111101101000010111110000111111010011101111111001111101111110111001111
0011101111001110111111111111011111101110111101101110110101111000110111110010111111111101111111111111111111111011011100010110111110010101011111111001011110
1001011010111011111110001011111110010110111111101101011011111101011001110110111111111110101111111110011111111111010111101011011101110100110111111110111001
1001101001111111111111111110111001101110111101110110111101111110101111111110111011100100111101110111010111101111010101111011101111001001101101111110110111
1111111101100111111011111101110110100111010110110110111010110010101011111111101110011100111110111111110100011110000011111111110111101101110011100111111011
1011101111111011101111001001111101011011111111011111001111111011001111111011111111110111010110111100100101011100111011111011111011101010100111011110110111
1011110101111011101111000111100101111111011101111111011111101111111111111101011011111111011111101000101101101011000001101111011101011011011101111010010110
1011000110110011011111011111111111110111111110010111011111111101111101111000111111101011011011111111101111111111111101100110111110101101111110011101110110
1111111101111111110101100110001110011110110110011100101111111111111101111011110101110111010111110111111010001111110111100100101101010011111110001111111111
1101101110111111011110111101011011011101111110101110010111100111110101011110010111101011011110111001101101111111110101000001100010101101011001111101111101
1110111001110011111111011011001110011111101111111101100111011000000110111111110111111111111111011111111010110011111011100010011111010111110011111111110101
1100111010011111111111111010101111111111011111111111010000111110110111011111111111111111111111111011100111101011101111101111101001011011111111010000001101
1111111101011111110111101111101111110111011101111111100111100101101011111011111111101100001111111100111011111000100010111010000110101101111110111111111101
1111011111101111010101010110110111111011111101111101111111001111011110011111111000111010101011101011000110101011011111011011011011111110101010110111111111
1110000101111111110111101111110101110011110101011111111110011100110011101101111011111111111111111111001001111111011010111110111101101111010101001111111111
1101100111111111011111101101100111101011101101111001100101011111101110111111110000011100111110101001111110101101111010111001101011111110100101110010111111
0011111101101111111011101111011111110011100010111110100110011110101111011110110111111100111111111001111001010011101100111011010011110111000111010011011111
1101111111010111101111101111011101101111011010011110110011011010010110111111111111110011101100110100110111111111110000110111110111100110111001111111100111
1011101011011101111101010111101111110101111111100101111011001010100110101011011011001110101110110111010011100011111111000111101101101111001001111011011111
1110111110111111110011111111111111111111111101101111101110101011001101111101101101011101111011111110111111111111111111000111111110011100111110110111110100
1110011011101001100111010111010011101010111101111110101010101110101111011101111011111011111111111111100101101110111101110111111010011011010111011101101011
0011100110010111111010011100110010111001111111101100011011101111111111011011101011011111001110101100101110111111011100111111110111011111011111100111111111
1011111111100111111111101100111011111111111111101010111111111111110101111101110110111101111110111111011011001100011111001101110111111010100110100011111111
1111011000111101101110011101001111111100010100111111111110011110110010100101111110110111011101101111101111110111111011001110111101111011100101110001111111
1111011011110011110111111110011011111101111111111111111100111101111001111111101111101110110001110111111111111111111000011110111110101011111111011001111011
1110011101101110110011110011011010010111111111001111010011111110101111100111110110100001111101110111111110111101010111011111001001111011101111111110010111
0110001011010011001000111111001101001011010111111111001111111100111111001110111111111111110111111010011011001001101100011100111101111011110101111110011011
0001101101111011011011110111100011111110111001110011111110101001101110101111010100111111111111111111111010111110111010111101111111111011111011011111101111
1011111011001111111111110011101011111101101111101011111111011101111110010111111111011101011111011111010001111111111011011111101000110111111010111110110011
1000101011011011101111110011110011111001101101111111011111111111011111111111011001001111101111111111101100111100011111111111010111111111111111011101010010
1101011101110110011011111110110110101111111111110111011111100110111111111111110010111101101111010101100010011111111110101111011111100001111110111111111101
1001110111011111111111110110110110001010111111111101111100010111010011111100001010111111111011111111100111111011101010101110111100111111111110111111111010
