0111111111110110111011101111110111101101111111101111111111111111111111111111111111111111111111110010111111111001111111011111111111111110100111111110111111111
1000111111101110111111111111111000111111111111111111111011111111111111011111111111111111111100111111101111111111111010011111011111111111111111111101111111011
1001011111111101011001111111111101111111111111111111110111111111111101101111111101111111110111111110111111111111111111011110110111111111110111111111111110111
1010110111111111011111101111011101110111111111011111101111111111111111111011011011011110011101110111110111011101111111111101011011111111111100011011111111110
1101011111111011111101111011011111111011111111011111101111111110110111110011110111010111111101111011111111111111111101111101011111111100111101111110111111111
1111101111111111000111011111111011111101111011111011011101111111101001111111111110110011101111111111101111010011111101111011111111110111111111111111111111111
1110110111111111111110111111111110011011111111111111111111111111111111111110111011111111111001111110011001011111111111111101111101111011111111101100111101110
1111111011111101111111111101111111110100111111111110101110111011111111101111010101111011111111011111101101101111101110111001101101111111000011111111111111111
1111111101010110110111111111011111111011111101111101101111111111111101111111111111111111101111001101011111111110110111111110111011111111111011111111111111111
1111111110111101111111110111111111101010111101110101111110111111111111111111111111111111111111111101111111111011101111111111011111111111000111111111101111111
1111111101011110011111011111110100111101111111111111111111111111011111110111111110111111101111111011011111111111111111111111111011111111111111111110101111110
1011111111101100111111111111111011111101111110111100111011101111101011110111111111011111111111011111111111111111111011111111111111111111110011011001111111111
0111111101110011111111011110101111111111001110111111110111111111111111101111111111111011111111111111111111111111111110111111011101111111111111101101011101111
1111011111110011111111111110110111001111111111111111111110111111110111111111111111111111111111111101111110111111011111111010111011111100111111110111111111111
1101111010101101110011101111111111000111101101111110111111111110111101111011111111111111111111111101111111111101111110111011111111110111111111111111101111111
0011111101001110110101111111011111101011111111011111111111111111111111111111111111111111111111011111111111111111111011010111101100100111111011111111111101111
1100101111011111001111111111111110111111111110111101111110111111111110110110110111101110111111111111111111111111111111111011110111110111011111001111111111110
1111101111111111001111111111111110111111111111101101011111101111111111010101111111111101111111111111111111101111111111111111111111111111101111011111111111111
1111101101111100110111110011111110111101111111010111111111111111111111111111111111111111111101111110111111110111101111111111111111111111101111111111111111011
0101111111111101111011111011111111111111011101111111111111011111111111111111111101111111111111011101111111011111101111111110111100110011011101111110111111111
1101011111111110111100110101111101110111111011101110111100111111111111111111111111111010110001111111111111111111111111111111111111011111111111111110011011111
1111110111111111111100011011110111111111111111111111111111111111111111111111111011111110111101110111110111101111101111011111111101111101111110111111111111101
1111101111010111111110001110111011111110111111111111111101111110111111011011111111101111111111111111111011111111111011111111111111101011101111111010101110111
0110111111111101111111001111101111111011110110111111111111111100101111110110111101111010111111010111111111011011111111101111001101100111111111101111111101101
1111111110111111110101110111111110111111111101011011111110111111100111111111111111111110110111111111011111111110111111110101111111110111111111111111111100111
1111011111111111110010111010101111110111111111111111101110111111011111101111111111111111110111111111111110011111111111111101110111111111111111110111011111111
1111111011111111111101111101011111111110111111111111111110100111111111111111111111011111111110111111111111111111101100111111111111111111111001111101111111111
1111111111110011111111011010101110111011111111111110111111111111111111111111111100101111101111111101101011111111111111111111111111111111111111010011011011111
1110011101111110111111111101011110011110100111111111111011111101111001111110110111111110111110111111110111111111111110011111111111111111111011011111101110111
1111111111110111111111101010101111111111111001111110111101101111111101111010010011111111111111111110111111111011010111111111111111111111101111111111111011110
0111111111011011111110111111110111111111100110111111010111101111111111110101111111111101111111110111010111111110111111111111111111111111101101111111111011111
1011101111101111111111011111111011111111111111111111101111111011110110111111111111101111111011101111111111110011111111111101001111111111111101011111111111111
1000111111011111111101111111111101110111111101110111111101111110001111111110111111111111101111111111111110111111110111111110111111111111111111111111111111111
1011110111011111000111110110011110110111101111111111111011111111111111111111111111111010100111010111101111111111011111011111111101001111001101011111111111111
1111110111111001111111111111011111010111111111110101111100111111101011111101110111011111011111111111011101011111111111110111111111111111110111011101111111101
0111111110111000111111111111111111101111111111011110110011111110101110111011110111101111010110111111111101111111111111111101110111111111111011111111111111011
1110111011111101111101111011111100010111011111111111111110111111111110111111111101111010100111110111111011111111011111111111101111011110011111101110111111011
1111010100111110111111101110111111111011111011111011111111111111111111111111111111111111011111111101111011111111111111111111111111111111111011101110111111111
0111101011001111110111111111111111111101111111101111111110111111111101111100011111111111011111110111111111111101111111011111111111111100110111111111110111111
1111111010111111111111011101011111111110111111111111011111011111111101111011110111111111111110111111111110111110111111111111111111111111100111111111111110111
1111111111110111111011111111111111110111011111111111111111111111111101111111101111111111111110111111111111110101111011101111111111111111111111111111111110111
1111111111110101111111111111010110111111101111111111111011110111111111110111011111111111111111111111111111011100111101111111110111111111111101001111111111101
1111111111111111111111101111010111111111110110111111111110111111111111101111101111001111111111111111111111110011111111111111111011111011111110101111111111101
1111101111111111111101111111101111111011111001111111011111101111011010110111111111111011111111101111111111111111111111011111111111111111111110111111111111111
1111111100111101111011110111101101111111111000111011101111111111111111111111111111111111111111000111111111111111101110111111111111010101111111111011111101110
1111111111100111011111101111110111111111110100101111111110111111101111010111011011111100111011111111111110101110111111010111111010110011111110111111111111101
1110011111111110110111110111111111101111111111011100111111111111111101110010111111111111011101111111111011111111111011110111110111111001111111111110111101111
0111111111111111101101111111111111111101111110101101011111010111111111011111111111111111111111111111110011110111011111111010111111111111111101111110111111110
1111111110111111110111111111111101011111111111110111101111100011111110011111111111101111110111111111001111110111111111111111111011011110111111111111011111111
1111101111111111111111110111111111111011111101111011111111111111111111111111110111111111111111110111111110111101111111101111111011111110110111111011111111111
1111111100101111001111111111111111011111111111001101110101111111111101011111011111111011111111111111101111110111111111111110111111111111101110111101101111011
1111111011101101111101111110101111101111111111011110111111111111111111111101110101111111011111111100111110111011111111001111101111111111111111111111010011110
1111101111111111101111111111110111111110111011101111011111111011101011111011100111111111111111111110111101100100010111111111000111111111111111111011111111111
1110011001111111111111111011111011111111111101110111101111011111111110111111111111111111111111111101011111111011111011100101111101111111010111011101111111111
1101111111110111111111111111110111101111111111111101110111111111111110011101111101111111111110111111111101111111111111111111111111111111101011111111111111111
1011111111101111111111111111011110101111101111111111111011111101111111111111101011111111111110111111101111101100101111101111110111110001111111111111111011111
1111101111111111111101011111101101011111111111111101111101111011111111101111111101100011111111111111101111101111111111001111111001111010101110111111111111111
1111111010111011011101110001111111010101110110111111111110111011111101111011111111110111111111111111111111110111111111101111011111101111111110110110111111011
1111111111111111111011111111111111111110111111101111101111011111111111011111101111110111111111101011111111010011111110111101111111101101010111111111111010111
1111111111101111101111111101100111111111111011110111111111100001111011111111111111101111111111011111110111111110111111111111111111101111111111111101100111111
1111111111111111111111111101111111111111101111100111111111100111111111111111110111011111111111011101101111100110111111110111111111100110111101110111111111111
1111111011111111111111111111111011111111111111110111011100101011111110111111111111101111111110011111011110110011111111111111111111111111111111111111101111111
1111111111111111111111101111011111111111111111111111111011101101110111111011111111110001111111111011111111111101101111111111111101111111011101111111111111011
1111011111111101111111001111111101101111111111111111111111111110111111101111111101101111111111111111111110011111111011111101110111111111111110101111111010111
1111111111011111111111111011111101111111111011111111111111111111011111111111111011111110111111111111111111111111111111111111111111110111111111111111111111111
1111101111101111111111100111111101001111111110111111011111111111101111011111111110111101111111111111110110111101111111101111111011111111111110110111111111111
1111011111111011111111110111111011111111111111111111111111111101110100111111101011011111111111111011111111101111101111111101111111111110110111111111111110111
1111101111101111111111111111011111011111111011111111011111101111111011101011111111111111111010110111111111111111110111111111111111110101110111111111111011111
1101101101111101111111111111001111111100011111011101111110111111110101011011111011111111111011111111101111110111101111011111111111111111101111111101111111111
1111111111111111011111111111111011100111111011110111100111111011110110111111111111110110011011110111111111111011111110111110011111010111111111110111111010111
1011111111111111101111011111111111111111111110100101110111011111101101011101111111111111111111101110111110011110111111111111110111110101111111111111111111110
1101111011110111111111111011111111111111110111111111111101111110111011101111111110111100111111101111011111110000111011010111111101111110110110111111111100111
1111011111001111001111101111110111111111101010011111111111111111111111110111111011111111111101110011111111111111111111110111111101101111111111111110111101110
1110011111111101111111011111101111101110111111011111011110111101111001111010111111111111111111111111011011101011011111111111111111111110111111011011111111111
1111111111111111101111111111110111011101111111111110110111111111111111011101011111110111111111111111111111100011101011111111011101101111110110110111111111111
1111110111111111011111101111001101111101111111011111111111111111111111111010111111001111110111111111111111111111111101100101111111111101111111111111111111111
1110111011111111111111111111101111111101101110111101111111111111111111111101010111011011111111111111111101110110001111111011111111111111111111101111111111011
1111111111111111111111111111111111111111010111111111011011011111110111111111101110111110111111011110011101101011111111111110111101111111111111101110111010111
1111011011111111011111111111001111001110111111111010011111110111111111111111010111111011111111111111111111011101101111111111111111111111111101110111100011111
1110110111111111111110111111101111111111111110111111111011111111010101110111111011110110111111111111111111011111111111111111111101110001111111011111111111111
1101111011111111111011101110111111110111111111111110110101111110111111111111111101111111011011011111111111101011110111111111111111111111111111111111111111001
1111101111011111111111111110111111111111111111111111111111111111101111101111101110111111111111111111111111111111111111111101111111101101011111111110111111111
1110011111101111111111111101111111011111110111111111111111110111110111111110011111011111100111111111111111111111111111111111111111101110111111111100111111111
1111111111111111011111011110111011101111110111110111111101101010111111111110111111101111111111111111110111101111111101110111111111111111010110111011011011111
1111001111111111111111111111111111111111111111111111111100011101111110111101111011110111111111110111110111111011110111111011110111011111111111111110111110111
1111101011110111111101101111111110110111111011111101111101111101111111111111010111111011111111110110100011110011111111111111110101111111100111101111101111111
1111111111111111101111111111110111111111111110111111111111111101101111101111111111111101110011011011111111111110111110111101110111101111101110111111011110111
1110111111111111011100100111011110110111111110111111111111111111011110101111101011111110111111111101011111101011111101111111101111111011111001111111111011111
1110111111111111111111111111111111001001111111011110111111111111111110111111111101111111011110111111111101011111111111011011011111101110111110111111111111111
1111101101011111111111111110111100110111111111111111111111111111111111111111111111011111101011111110111111111111011111111111110111101111110111111111011110111
1101111111111111111101110011111110100111111111110111111111111111111111111110111111011101110111101111101011111111111001101101111111111110111111111011111000111
1111110111111111111101111111111011111111111110111111111111111111111000111111111101111101101011111111011011111111111111001111010111111111111111111111111110111
1010010111111111110100111111111111111111111111011111111111111111111111110111111111111111111101111111111111111111111111011011111111111100011011111111111111111
1011111111111111111111111101011111101110011111111111110011111011111011111111111111111111011110111111110011111111111011111110111101111111111111111111111111011
1111111001101110111011101111111110111111111101111111111111100011111111111111101101111101111111001111111111111111111101100111011011111101111011111111000111111
1111111101111111111111111111111011111111111001111111111111011111111111001111111111111111110111000111111011111111111111100100110111111111111101111111111111101
0110111111111111111110101111110110110101111101111011111111111111111010110111111111110011111111100111101111111111111101110110111111111101111111011111111111111
0111011111011111111111111111111111111111111111111111111111011101110111110111111111111101111111111011110111111110111101110111111011101101011101011111111111110
1111111100111001111011111110111111111011111111111110101111110111111111111111111111111110111111111100111111101111110011111011111111111011111111110111110001111
0101110111111111110111111111101111111111111111111110011111111111111111011111101111111011101111111100111111111111101111110111111101001110111111101111101111101
1111110101011111111111110111110111011111111111110111101111111011111111101011101111111110111011111111011011110101111111111111111111111011011111010111111011111
1011101011111111111111111110111110111111111111110101111001110111111101111111111111111011110111110111101111011011110111011011101111011111001111111111111111100
1110111111111111111110111111010111111111111111101111111111101111101111111111111111100011111110111011110111011111111111111111111101111011111111011111110111111
1111110111111111111111011110111111110011111111001111111111111111111111111011111111111011110010101111011011111110111111111111111111101111111110111111101111111
1111110011111111111111111111111111001111111111111111010111111111111111111111001111111111011111111111111101101111111111111111111110100110111111111111110111111
1111111111111011111111111011111101111110111110111010111111111010101111011111111111111111111111111111111110000111111011111101101111110111101111111111111111111
1110100111111111111011101011111111011111101111111111111111011110111111011111110011111111011111111111100110011111111011111111111101101111111110110110111111010
1111111011111111101110111111111111111111111110111111011001110111110111111001101101101110111111111101111100101111110110011111101101111101111110011111111111111
1111101111111111110111111111111011111111010111100101011110010011111101101101011111111011111111111111011110110111011101111111110101111111101111110111111011101
0111101110111111111111101111101011111111110111111110101111011011111110101001101101110010111111111111101111111011101111111111111111011011110001111111011100111
0110111111111101111111111111111111111101001111111011011011111101101111101111110111111111111111111111011111111100100111111110111111111111110100111111101111111
1111111101111111111111110111110111111110101110111111011011100111111111001111011111111101111111111011111011111100101101110111111111111111110111011111111111111
1111111111111011111111111111101110110111111111101111011111111111111111111011011111111111101111111111111111110111011111111011111011111111111011111111111101110
1111111010111111110010111101111111111111111101111111111011111101110101111101010111111111111111111110111111111000101111111111111111111111111010111111110101101
1111111101111111111111111111101101111111111111111111011111111111111011111111111101110111111111111101101111101101110011110111111110111011011111111111111111111
1011111111101110111111011111111111111111011111011111101111111110111111101101111111111111110110111101111110011111110011001111111111110011111111111111111111111
1111001111111111111111111101111111111111101111111111111111111111111111111110111111101110110111010011111111110110111101011111111101111101111111111101111011111
1011111011110101111111111101011111111111111101111111111111011111111110111111111111111101111111111111111111101111111110111111110011111111111111011111111111111
0001111111111110111110111111011110111101111010111110111101111111111101101111111111111111011001111111101111101111111001011101111111111111101111111111111001111
1111111111111111111111101111111111111111011111111010101000111111101111111110111111111111110011001111111111111111111011101111011111110111111111110111111100111
1111111111111110111111110111111111011111111110011111101111110111111111100110111111101111111111000010111111111110110111110111111110101101011111111111110111011
1111101011111001011111111111111111111111111111101111111111111111111111111111011111110111011101111101101111111111011111111010111111001111110101110101111111101
1110010011111111111111110011111011101111111111111111101111011110110111111110111110111101110111101111111110111111111111011101111111011111011110111111111110101
1101111101111011111011111111111101111111111111101101111111111111111110111111101111111111111110100111111111111101111111111010110111111111111111111111111111011
1010011110110111111111101111111011111111111111111111011110111111111110111101111111111111011011011111111111111111111111101111011111111110101111101111111111101
1111111011111110111111101111111011110111111111111110011111111111111111111111111111111110111111111111101110101111111111111111101111111101111111111011110111111
1101111111111111011111111011111111101111101111011111011011111110111111011111111111110001101011101111111111110111111110111110110111101111111111111011011110111
1110111101011011111111111111111111111111110110110011111101111111101111111111111111111111111111011011111111111111011110111111111011111111111111111011111111111
1111110011110110111010101111111110111111111111111111101101111101111111100101101011111011111110111110110111000111111101111111111100111111101101101011110111111
1111111111111110111011111111111111111111111110111111111111111111111111111111111111111111111111111111111101111111110111110111111100111101111101011111110111101
1111111111111111111101111111111110110111111101110111111111111111111110111111111111110111111111111110101111111011111111111001111111011111111111111111011111111
1111111111111110111111001111111110111111111111111111111110000111111111110101111110011101001111111010111001011111111111110011110111101111110111110111111110010
1111101111111100011011100111111111111111111100111111111011110111011010011111111011111111111111111111111100111111111011101111111111110111111100111111111111111
1111110111111111111011011111111111111111110110011111111001111111111111111111111011111110111111111101010111111011110011111111111111111011111111111111100111111
1111011111111011111110111111111111111101111101011111111011011111111011011110111010111111111101010011111111101111111101110111101110111101111111111111111111111
0111011111111011111111111111111111110101111111110011111101110111110111101011111111011111010101111110111101111111111111111111011111111110101111101111111111110
1111111010111111011011111111111110110111111111111111101111011101111111111111111110101111111101111011001111111111110111110101111111111111011001111111101110111
0111111010111111100111011111100110111110111111111101110101111111111101111111111111111001111111111111101110110111111111011111011101111110101111111111111111111
0101111010101111111111111111111111011100111111111011101111011111110011101101111111101011101111111111111111111000111111111011111111101111110111111111110101111
1111111001101110111111111101011111101011111111111111110111111111111111111111111111111110111101011111111111111011001111111111111111111111011011111011111111111
1110011111111111111011111101110010111111101111101111111111110101111111111111110111111110111111101011111111111001111111111011111100110111011101111111101010011
1110111111111111111110111111111111111111110010111101111100111110101111101101111111101101011111111111111011001101101111111101111111110111111110111111111110101
1110111111101111001111111110011010011111101111111111101111111111111111111011111011111111111111110011010111101110111110111111111110111111111111011101101111011
1111110111110111011111101111111111110011100111111111111111111110111111111111001111111011111111111110111111111111111111111111011101111110111111101111101111011
1111111111111011111111111010111111111111111111111111111110110111101110111101110111111111111111111101011111010111111111101011111111101111111111110111101101111
1110111111101111111111011110111111111111111101111011011111111111111111111011111111101111110111111111111111111111111111111111100001111111111011111011101111111
1011110111100111111111111101111111011111111111111101101111101111111101111111111111011111111111111111111111111111111101111011111111111111111111011101111111111
0111010111011111111001011111111111110011111111001111111110111111111111110111101110010111111111111111111111011111111111111111111111111111111111111110111111101
1111111111110111111101111010111111111111111111110110111111111111111111111111111111101101101111011111111111111011111111111111110111011111111111111111011101111
1111111110011101111111011111011111111111111111111101111111101011111111111111110111111011111111011110111011111101111111111111111111111011011101000011101111111
1111111111111111111111111111111111111101111111111110111111101111111111111111110111111111111111011101110101111111101111110111101100111011110111111111110011111
1111111111111111111101111110100111111111111111111110111011011110111010111111100111101110110111111101011111110111111101011111111111111111111101111111110010011
1111110111110110111111100111111111111111111101011111111111111111111111100111111111111111110111111101111111111011001111001111111111111111110111110111011101111
1101111111111111111111010111011111111110011111111111111111011110110110101111101111110101100011111111111111111011111111101101110111101111011100111111111010111
1011111111111111110111111111111111100111111111111101111110111101111111111111011101111111111110111111111111011111111111110110111111101111111101001111111011011
1111111111111111111110101111111111011111100110111111111111111111111111111111111101111111111111101110101111110111101111111001011110111111111110111110111111101
1110110111011111011111111111101111111111111101101110111111111111111111010111111111111111111111111011101111011111011111111111111111101110111111111111111111110
