011110100011011101111000000001010010000011000110011
101000100111001110101110011100111010100010000100101
110111100100000001010011011111100110001100110100000
101011001110110010111100011101101001001010100110001
101101000111110001011011011001100111001101101011000
001110111110010011111010110010100000111111101001101
111001010100100000100110011110010111011011110111101
000001100011110001101111111111000010001000010110100
000101000011001101110110101001001011001111001011111
011111100001100000000101010110000001111111011011110
110111011001111111100010010011001110000000101011010
110010011110101110110011110001011000010001101011010
000110110111000100111001110011110000110001111101001
100111010010001000100100001101111100011101011011111
110000001011010000100011000110000000100011100100001
110000001011100000111010110111100100000111100110010
010101000011000000110001001111010001010001010010111
101011011010000000010101111001111111110110000001000
110101111011111110001100010101000110111101110101100
101111001001100111000101110110110100100011010001001
110111010000100100100100000000111100111001110001100
010100111100010001111011010100011010001010110110111
011011111011001100000101101011010100100101110110001
001010010101101011010110101001011000001100010011000
000001011001100101010011000001001111110010101101011
011111110111100101110100001101000101001100010101110
011110111000010011000011010000011110110101101111101
011100110100011110110100010001011110010001010001101
001001110110101110010010000000101010001110000101011
101110011011110111100011110100111000111011010000111
011111000000110101011000000011010101000000000000001
110000100001110011011111001101100001001110010100110
010100001011010001001101101111000010001011000011100
001010100010010101111010111100100010101000100101001
111010111010000001100100101110001101000000010010001
000110101100000011000000110000110010101011010101000
010001000100101001111010101001000101000110101111111
000001100101110011101000101101000000000111000010001
001111111100010000101101010011011101000110110100111
001011001100010101100011011010010000111010111010110
110101101100001101010100100011011001111100001011110
100011101101111110111010001101001001010000010000100
001111100011101100101110101000000100101100000000101
001000110100110010111111010101010011001101000101010
000011001111110000000000101000000000100110000111100
111100110000101100100110111010010101101000011000000
100110111111010110000111001000001010110110001000000
000011101111110001111001111110001101100010011000111
010001111100010010101100011101011000101111101001010
100000001111010110000100110011010000101110010001101
110101101000111010010110101111100110111000100001010
