011100110010011000110011011001101111100010100010010100011100001110101011001101110100010101001
100010011001011001011001000111110011000010001011101100110000011110110100010000101000010010111
100100110110100000101011101100001001100100111110001111110100001000010010000101000011001101100
101000001111111101010000111000010001110000011011101110001001110110010101001010110100110000101
010000100110000110111111011000001000000110110010101011101100100010111111001001110101110010001
000000101101111100011110011001011000111110001011000001111100101101111001110100000000110100001
101011011011011111110111000110011011010100010011011111001110110000110111000000100110101100000
111000100011110110111101100100100011010001001011011110010111100011100010010110101000101010101
010101100101001111010111111100011010111000100001110000001110000111110000011001001101000100110
001111001000101001001100111100110010101101100000111100011110101100011011010010100000111110110
101110110000000011110000001100111110100011101001011011011001010100110111101010011010001100110
010101111000010110011010010100011111000010001010100111101001111011001110011011010010101111101
001101010100010111010100110101010011100111111101110010011110100010100101111001111000010111111
110101110001101101111101011101100000010001011100101101101001001110000111011001011000011110011
110101101100010001011010001001111111101100111111010111110001101000101110110000001000111011100
000111111001110001101000100011111110000110000110100000100111100011001101011011101010000011101
000010111011100001010001111110111100010010111110010100000000110101011111001111111100100010000
010100101110111110010000000111110001101000101000010101101010101010011010011001100010001010010
101010110010010100011000010011100001001000010011001001110001110010100011100111111101101011000
110111111011111011101111100001111001010001101110100011010000001111001101100010100101100010001
011011010101011100110010101011101111111011001110111011111010000101010010001001100011010100101
000011111100110000010011100010100111011110011110110011101010011010110110111011010011010011001
101011101001001000011100111110100100000100000001001111101011001100001101111101101100011011010
111010111000010010010100111001100001001101110001001010000110000110011100111010101110010111001
001100011100100110011111000010111110101000001100111011101000110000100011111110001111000010001
100111001101110010100011000001010000000001111000101010001100011010110000101011000010111100000
101111001110011010001011000110001010011110001100001001110001101101001110100011101110010100101
011000111111110011000010001010001110101011110100110001010011001000100011010001100001000011011
010000100000000111101110101101000111010001110001101111111101100011000101001010101100010010111
110001000000111101111001010010010100010101111010111110100000100001100111001000010101110111100
110000010110011111111111100000011111001001101100101010001101101101111000101101011011000110010
010101101111101111010000110001101010010100010000000110110011110001111001000001100001011101100
101011101011001110011000101100110001100011100100000011110100110101010000100011000000111100011
100000000011001110001110100111100001111010111110000100111011011111001101101110111010111110001
110000111111101100001100101110110000111101101001000101010111110011011111001101100111001100001
111100110001101001111101000010101100110000101010011011110010110110111011111000001110111001000
101101001110101001001000100100001111001101001111101001000001000100000010110111101111100101010
000101111000010010011100001011010111000000011101110100111111011101100010001010101010111100000
000001001100001001101101101100100110100001011010111001101011010110000000000111011001000001011
001011100100101100000111001001010010100011001010100110101111101101101101001110000001110000101
110011000011100110001100001100001100000100001010000000110000111010101001111000000110101001010
000000010110110000011001010111101010101100010101110000010110000111110101110110011111010110100
101010001110101011010001010111101111000000010010010101101000010111100110001000100011000101001
001110100000111010100101010111010100011001100100101101111111100001010001101011101000000110010
011101010011111011011100111001100111111110000000110000101100010101100110001010011100111111100
001000000000111110011100101100101100110001010001000100010111000011001110011110110111010000110
111111110001001110111100000001000101101110100000100101001000011101011101011011111010100000011
010101111010101000100011000010000010110001000100010010111000111011110101010001100101000111111
010110001101110100011100110111100000111101011010010000010110101110010101101010110100101111010
100000111110101011001100100101000001011001101001100000000000101001111100111011111011111110110
011110110110010000101011111011100001101000010000000011100100010110000111010001011010100110100
111100110101011011000010000011010110010100110110000011011010101111100011110111101010110011010
001110110011101000011111110011111001000100000001001101011100111011000000000111011000000101110
001011100011011001111110101110001011101000110010001110110101100011001101101000010010010010011
011011000001011101101110101011011101011110111001001001010001001000001111101010010000101010001
111001010110101000111000001110011111010011010101100111100101010001000100011110001100111111000
100111101111110001001110110010100100011100111011000110000111101011111011000010100100001011101
101011111100100100000001010010101010010101011100101011011010110101100000001101111000010001010
000000111100100101001111000100010111011101010100100100001100111011010010100111101010011111001
000100010011011100100010001110110110111100010100000001111000000110011000010011100011110110011
000111110101101111100000101011111011000110010001110111001110011111110111000111111001001100000
010100100011000010100100110000011111011010101011001010010110101010100110011100000011000010101
111001000101011001010110011100100100010110000011110110101010110001010111001010001011101100011
110101001110010010011011001000101101111101101010101100000101100010001010010001011010101000100
110110011001110101110101010010000111001011100101101111001011110100010100100011110101010111000
000001011001000110011000001011111110010101111111010111011110101000001011101110101101000011001
110011111010101000100100110101110001010111101001010100001100110000010001010111000000000001101
011111101110000011001101010000111011000001010011110000001011101010100000001000110011000110111
100011000101001111010011001000110111000110000110010001101001000101000000000100110000100100100
010110100011111110010111001011000110000101101111111001110000111010000001001011111000011000000
101010110111011011101100101101000011110000101100001100101010111101000000110000111001100111000
100111100110110110110010100111010111000111010011101101101000101001100100101110011101011111011
000001000010101000110111111000101101100011010000110101100010000011000011001101001110100000011
010001011101111101000111100100000001100011000111011100010001010100100010001000011110011110101
100110001011110111001111110011100111010110111110110001110100011001010101110100001111110000000
101001010000000010100010100000100110101101000100000110010110110001101001101010101001001110101
000100010111000110110101111010001100111101011110110110111011101011100101000101000111101010101
101010001001110111101110011100111010101000010011011110000111100110100100100010011001010011110
110110110100100111111011001110010110110000110111110100001111100011011110000100001010000111011
100110000011110010100100000001100100001001001110111011100100100110011111010001001001110000100
010000011010111110100011101010100101111001011010011110010110101101000111111101110010001111011
100110101000000010110011101011000011100011001101100000011000000011000001111010000011100110010
001000100011000101001101111000100111110011100110011101000011011100010000111010101101100110110
001010001000000000111100100101110010101101100101010000000001111011010011001111010110001101010
000111110101001010110000010001001101110110001010111100110001001100001010101010010110001001010
110111000100111000001111011011011101010101001100010101010111000010000101011001010000001110111
001000110111011001100010010000011111010010001000110000111010101100000101010110001001110110111
101001101111110000001001011001111110110001111001111010010011101010011011010100101111011011000
010010010101111111110111100111100100000001011001111101111011010011010011010111101110011101000
101000000001101100100111000101010001101010101001100110011110000011100011000001101001100110001
011100011111101100001000001011010000000101001101011010001000010100111000010111010010011000011
010000001110110001000010000110101000101010010111110111000101001000010001100001101111111000101
110111010001110100011101101110001110001100100011000001101011011001110001110110101000011001110
