0111111111111111110110110100110011111011111101011001111010111000110111111011101111111111101110111011111110111111101101111111100001010111001011110111011100111100110011100101111
1001100001011001010110111110110100110011100111010111111101000111101111111011101011100000111010011111111111110111110001111001101111101111110110101111101011110100010100110000110
1001010101111111100100001101111110000110100111101110110111011010010110111110011010011011011111111100111001001110111000110111010111010101100010111111101111001001011101010101111
1110111111110110110011011000001111110111110111101110011101111010111110111111110101111101111011111111111001101110111111100101111011111111101111110101110110111101011101111100110
1101010111101111100110111111011001010100110010101111111101111101100001010110011111111111110011111111010100011101110111110110101110110110100000100011011011111101111001001011010
1011100101111101100100111101111101110100111101101100000101101111111101111111111110100111101111111101111011111111100110110011111011110110100110111111111110101001110101010111000
1001000111111111111111110111111101101001111111111101111011000101111111111111110101111011011001111011111010010110011101101100111111110101100111101011011111001110111011110111101
1011111011100111001011000111101110101110010111111010101110111110110111100110111100111111101111110010111100110111101000111111111111110111101110110101111111101011000100111001111
1001101101111110110111111101111101111101111111111101111110111111111111101011111110101111110111111111111001100101111100110011111011011110011001011111110011101001110111110011110
1111111110100010110011011111111101111111001001110011110000111111101111110111011011100110110111011010011011001111111111001111101111100101100110111101111011000111100011110110101
1011111111011001100101111100110111111101111010110100011110011011101110111101011011101011111011110111101011111111111111011110010111111111011111111111111111110110110111100111101
1111011010101110110101110111111110110010010110001011100111000011100100111101110100011010110110100011101101001010001111101111111011010110011000011101101111011101100011111010101
1110111010110100001000101100101011011000111001111000111011111111111101111011011110111111110111111101101111001111001111111111010100011001100011110011111111101001110110011101001
1011111110011010101111111111001001111111110100110111011010111111001100111111111111100011110101111010111111111100111111001010101101101011011111011001101111111111000110101100110
1011101111010101110001011110111101100010110111101101111111110111101111001111111001111011101101110111010111110111111111101101110111111110010111110011111111111111011111001011011
1110111100100010110011011111111101101110111111110111011100101111101011011011011111110111101101011101111010110011101111111111101001011110000101110001101111000001101111001111111
1011111011110111011101110011101110101111001111111110101111111110111110110111111110111011010111111111110100010111111111101100111111110111111011101110101111111111111100101111101
1101001011010011101111101100111111110101111100110111111101110011101111101111100010011101011001101101100101111011110010111111011110101011100110101011111001101111110100011011011
0000001100001100110110110111111110101111111111111111111110111111101111101111111011011010011110110111111011111011100101111111111101101110111010101111110111011111111010111101001
1110111010110100111001010001010001110111111101011111011001111110111011111111011111100011010101101101101110011111111101110110001110101100111011111100111001110101110111111011111
1101101111000101011001001110111110110101011010011111101010101111101111010111011111101011101111000111111100100010110110110110111111100111101110000101010011111100010101110011110
0001001111110111110110010101111111110101100111011111011110001001111101010011011110111110010001010111101111101011011001101110011110101010110110110101001110111111111100111101001
1100111010111100111000001111110001111000111111101100111010110111011101011101100010111100000001111111011100111110111111111110011101011110011010111111011111110101111111110100101
1101111011110111101101001111111111111100101010110100100001111111110101101101011110111110110010111111100111101111110011001011111011011110001111101111110110111111101111011100111
0111110011101111010010110011011011011011111101011101111111110111010011101111001110111011101000101111111001111011100001100110000111010110111111111010110110100110110111110111000
1110111111111111011011110011010110110111001010111011000011011000100110001111111011111111110111110101010101000100100000101111101111011101101110101110110001101110110110111011011
0100101101010111101010111101000111010011111011100011100111111010011011110111101101111111110110111101001110110110010011111111011011001111001000101011111100111100111111010101101
0010111111010101101101111110011101111111101110101011111110111011111000101011100111100110111100111101111010110111010000011110111111111111101010001110111101111111011110111101111
1110011111111011111011110000000001110011101011010011001110111111111101110101100110001111110111001011011100110101110000101111111110111101101011011000101111111011111101101111110
1110111011110011011111111101001011101111111101011010110111110111111111110111110111101111111000110111101111110001101011000010110100100011101011101101101110001010111111111101111
0011111111011111111011011001010100100111101111001110001100101110111011111101001100111111101001111001111111000110011101101110111011111110011111111111111011111111001010100111101
0111011111110011111011010111001011111010011111101111110101101111010011101101111111111011011110011111011101011111010100111011101111100110111011001011111000110100111111110110111
1011000100111000111011011110010101111111011100111111101001111111110000111011110111011011011100111111000111111101110111110101110011101111011011011010011101101010111001110011011
1001111011101111010101111011110110101011101101111101111011111111111011110101010011101011111001110011001101111011111011111111010111010101010011100101101010110000011011011111000
1101011111110111111111110101111111011110101011110111111111001101011010100111011110011011111101110100110001000111101111011011111111111111111101100111111001111101100111001110110
1101110011111100010111111111100110100111111111111110111111101011111011101110111011101111111001101111010101100111111111010011101011101110101011110111101111011110111111110111011
1000001111101101101000111001010111100111111110001111111110010011011101100111100101010100111011111100010111111010101111111001111100111100111001010111011010011110110011101010110
0011110111100101111111010101011010111000101111110111011111111111011101100000000110010111101010010111111011010111111110011011111000111110011111100110111011111100110111110001011
1111000101010111101100001111111111111000110001010111000111111010111110001101101011100111101110111110111110110111111110110100111011110101100011111111111011110111101001000101111
1101001011100100111111001111111011011000111010111011111111101111100111111101101100010011001111011111111001111111011100110010011111011001110101101100110101111101011011110100111
1111111010101111011101111011111001111111001100111111111001111000111111111111001111001111100011111011111110101111010110111011001100110100111111010011111101101111011110111111111
1001111110111111011110101010010110011011000110101111111111011010001111110101011011010001111110101111110010111011101111011101110101101010111111101001111111111011111111111100101
1000011011101001111110111111111111111101100111000101111111010111010111001111110011101111101111111111110011111001001110101011000111110101111000111111010111111111011111110101011
1111011110010111111101101001011111011100111011100110110111101111111111011011101110100111111011111110001111110011101010110110111111101101010110001100101101100111110111000110100
0111101110110011101011110111101100111101011100101111011010011101110001101110101101110101111011110110110110001011101111010100111111110111110011101100011011101101011111111001110
1111011111001011101101101010111101110110001100010000011010110111111001111110100011101110111100100110110001011000010111011111001110111010111111011010101110111101110101011110100
0011111111101111111000110111000111110101110110011101111111100110111100110110010101110010011010101001100111001101101100111110111111011100111111010011110111111111111111110101111
1100001111101101111111011100110011110111100001100001111100101110111101111101111000110111110111010011111011111111011011011101101111010001011111110011111101000111011111100011111
1011111110011010101111101101011111011001110010100111011101111011111111001101101111111100110111000111101111111110101001011011111110111111011111011101110111111110101011111110010
0111111010100111111111111000001111111110111110101010011111101101011110001111110111110011111011110110011100111111110001000000000111111011000111001001111111011110010111101111111
0111100101010101111111000111111110111111110110001101110011111100011111111111111100011010001011111110111101011011110101111001101100111001111010001111011111101011001111100111111
1100101011010111011111001111100111101111111010111010000001101111101011111101011101011111111110110111110100111011100101111010110111111111100011111000111101110011111111111101101
1110101111011010111010111011010111111001111100110010011111101111111010111101111010111100111111111111111111111110110111001101011111101110111001011111001110111011010101111110101
1111101011101111011101101001010101111101111111111110101111100110010010011111011111111111011010111101110111101101110110101111101111011111101110100011100101010111011101111110100
1101101110101111111111101001101011111101111011111100110011111111101011111101110001111110001001110111111111111111111111111101011111011011101110111111111001100101101101011111111
0111110110110011111001001011111100111111011100111100110001111011001110111111001110110111001011101110110000010110000110010111011010111111101000101001111111011010111111110011111
1010001110111110101011101111110001111111011111100110111001110101100000110111001110011011111111011001101101101110110111101111011111111111011111100011011111111111111111111111001
0111111000011010110100011110010111110111111100101111111110111111111111111101111101111101111111111100101110101111010001001111111011110011110110111111011110111111010111111101111
1001110111001111111110111011111111010111100101111111111111011101001001100111100111101111110110011111101101111101111001110101000111011011111000110111111011101111010010101100101
1011100111101110111100111111110011001110111011001010001111101010111111111111000001010111010111111111001110001111111010111111111111000101100011111111111110101110001101110110111
1011110111101101101111010111101111110111110110011111101101110110010111111111111010110101111110111111001100000001110011011100001111111110101110011000010111111000111011111110111
0100111111001111101110111000111111100101001111110111111011101001110011111010100011110011110111110111000101011011110101100010111011011111111101011111101101011111010110010111011
0111010111111111111110111011111111011111011101111001111101011001011110111101111111101011111011100100111111101111111111110110101110110101001111010110011101110110011011011111111
0100111011111111011011111001110111111101001111001101101111100110111111011101111101111011011111111111110110111111111011111110101111110001010110101101111010111111111111101011011
1101111111111011111111010101111011010011100111111001101011010101001111111110101111101010000111010111011110111111110111110101111110011011111111111111100100111011111111101111111
1011011110001000100101111011111111111110101111111110110001011111000011011011111101110111100111101100011111111111010110010111101111000111111011110001100001111110101111111011111
0101011011101111111111100011111001111110110101111111101101110011100101110111101111111011111100111010101110011111110001010111111101110110111100011111011101111111111110011011101
1111011111111110111011110100110000001111111100111110000101011011101011000011011011011111111111111101111111111101010111011111110111100011110101110101110100011110100111011101000
1111001111100011111110001110011101110011111100001111111101011111110101101101110111111101111101111000010111101111011110111001010111111001010111011001001010111010110111101111111
1100111111001011011111111010111101011101111111011011001001111101111110111111011101111111011111011101110111110001011001111111001111101010011110100111011001111100010101111110011
1111011111111100111100011011111111111101110011110011101111111110101011011010010111110111111001111111011011011111111111111101111111101111111101001011001111010111011011111111000
1111111001111101100111100010111011000001110101110011111111011111111001101111101111001110111111111100011111001101101101110111011111111111011100111011101110111100010011011111111
1111011010111111011100111101001110010011101111011111111101011111110011110000110110011101111100110011000010011011101111001011111101111111010110111101110111101110111010110010011
0011111101110110111110111110111101111011111011111111111111111011101011010011001110111110110001111010001111111111110111111111110000111111100111111111011111110110110111001010101
1111111111001111111111001111010010111000101111100110010110111100111101110101111011111010011100111100111111011101111111111111111111100111011110111011100111111101111101011011111
1101011011111111111111111111111111101011111100011111111111111011011111010110111001111111001101111111101110110111111011100101111010001101111111010111101111111111111100110000101
1101011110010110111000100111110110011011001111011110101001101111111010011011001110101101111111010111111011111001011011001010101011100110111111011111101101011101000011111111011
0011111111111111101111010100010111110000011000110111111001001011010111101011001110100011101111111111111111011100100111000111110101111011011110101101011101111111111101110101111
1110110111101111101111011110001100110011110110011011110111001011111101010111110101011110011101100100110111100100111011100011111111111111101011111111101111110111111111111111111
1001111110011101100111011011111110101101100110101111010111100011111011111100111011001001111110111011100111001111110110111111110011010111000011111100011000100001101101101010100
1110110011101101111111111101110111110110111101001100110110101110101110111110110101110111111011111101101111111111101111111011110111001110100111110110011111001100110101010111111
1101101001100111001110000111010111011010111011101101011001110111111111110011001110110111111111011101011011011101111111000110111101001011111111011111100010111011101011111010010
1101111111101111100111111111011101010010001111111100111101101111111011100111110011011111101101110111010111110111111110101111011111100101111100101010111010101001110111111010011
1011101100011011111001111110001110101101010010111111111111011101011111101111001011101011111111010111011001100101011101111100111010111101011111111111101111111011011111011110001
1011101110111010111011111110111111110000101001001011111011100011101111011111101100110110000011101010011001111111111110010111011011111110001111101111100111111001111110110100001
1001110111001001010001110111111000011110101111011001111101111000010111111101101011101011011110011011000100111111101111111111101101001001111101101010011110000101110111111110111
1010111111111111101111011111111111110111101101110111011110110111111101110111011011111101101000111101011010000111111100111101010010011010110100001001111111111100100111110110011
1011111110101111110110001110111111110111111110010101010111111111011111101001110111110110101111011110111010001011111011001110101110100101101110111111100111111011110111101110111
1101110111111111000010011111111001111110111111011101100011101110011110111100110111110011000011111101100110101101001100101001111010101111010110010110111100111101110101101110111
0111101011111100111101010111110111111000010111111101110011111111001111111110101111010100001000110000011111111010110111111110011110111111000110110011101111111101111011101111100
1111011100100011011010001001011111111111011111100111111111001011001111111011111111110111010011111111100101111010010111111001111101111111101001111110100001111011011111111110111
1010010111011111101110000111100110100011011001011001100011111101111111011011111101110101000011110101111011010111101011111101111110011111101111110001011110111111111001101111101
1111110111111000101010010110100100001111111110111111110111111111110101010000110111011101101101000100010010111111011111111011001111111011111111111111101111110111111010101110001
0011111111101111110111100100101001111001101110011110101111010111110111110101111011111001101110110011100001001110011111111111111111010010110110111011100001110111011100100001001
1011111110111110111100111111011011111010111111100111111101011111011110111111011110101010111101010111111110111101111111011001111111001101101010100011111000110110101111011001111
1111111111101111101001110111011111101111101110010111111011111101101111111111110111110111111101101001110001011101111111111110101111010010001100111101001111010111101000100100111
1111111011001101110100111011101110011011111100100010110111111001011111110111010111001111101000010111011011111101111111111011011101111111111100111111111100001001111011011110110
0111110010101011111111111111010110111111011111001111111101111111110101110011111011110011101110101011101111101110011011001111101101110101111000101111111101101110100010000111010
1101101111110110101011111000110111010111111111011111101100111101101000101101110100111101001001101101011011000011111110111111101011111011111111111111110110110110011111011011101
1101111010111011111111111111111111010101111000111001111010111101100101101001110111110110101101111110011111111111111110111010011110111010111111111111011011111111010111111111001
1111011110111101111111011001011000100111111011111011111111100011001101000011111110000001101101110100011110111111011101111111011111111111101110011111111010110000111101111000110
1111111111000111101010101101101100111111111011010111111100000011110111110010111001111011010110111011101110111111101001010111111100110111101110111111100110011011000111101000111
1111011111111101001111101011111101000111100100011110101011111010111100110111110011011011010100101111110111011111111111011101101101111111101111111101111111110111101111011111111
1100100100011110110111110110111111011010100110101111111011111111111111010111011110100100111000100101111000110001101101110111111011111111111101111001111010111111111011111111111
1100011001101111001101010011011010001110111110111000111001010011111111111111111111100011110110101111111001001110101100111111100111001001111111101001001110111101111111010111011
0111010011111110011001011100011111111101001101111010111010100110010111110110111111111000011101011111001010001011011111100111011011100111111111100111101101110100111011101111001
1101010110100111011011111011110011011011111100011101111011100011110111000101101010111100111010101101110100011101111111111111100111111011111100110111111011111100111111100011111
1100111100100111111100101011110111001111011101011111101100100101111101101111110011101100011110111001111100101011111111111110111100000011010111101010101011101110111111111111111
1011110001111100011101111000000111001001111011111111111011110111111110111110110111001101111011111101111011110111111110010011001100111101110110101110111101111101100000111101110
1111111111101110100100110111101110110111100000111100111111110011111110110111011111111110100111111101111010101011110111011111010111100111011101010001111111111010011111011101010
1111011101111011111111111011001101111111110110011111101111010111111010101101000110101111011111000111111011011101110100101011111100111110111000110111111111111101011110101110010
1100110111101011111101011001110111110111111110110111011001111111111111111111100111111111100110111011111101111110111111101110110011001111111110011111111110110011111000111110011
1111110111100111111110111100110011111110010110101111111010111111101000111111011111101111010100111011011110111111011101100011111111001111001001110111101111111110111111111111111
0111101011100110110111110011101111010111100001010110111011111111111111100111101101111011011011111111101001111111100101110101111101110110100111111110111111011011100111110110101
1011001111111111100101100000011001111111011110111000001000110011000011111011101011111111100111111111111111111001100011001111001101111111111110101111101011010111010111111110111
1001111011111111101110100000001110111111111011100011111110000110110110111110010111111110111011111011101111111111110011110101111010111110111110101111010110100001100011111111011
0001110001111111110010110010010011111110111111010000111110011011110110101111111111101101011111111111001001111101001100111111111101111111111111101111011111100110110100111011110
1101101001111111101101111010011011111000010011011111101011101111101101111111111011010101011111111100111101110101111100001100010111101110011001110111110101111110111111110010111
1111111110011011111111101110101111001011101100100011011010110111100011110111001110110110111111011011100111110011110110011111011110011101001111111101111010011011011111001111111
1110110110101001011110100011000111111111110111111011001100111011111111110110000110011110011111111011111110111100010110101110111000011111011111110010111111000011111101001110110
1100001101111111111001110111101101101100111001111011111011011001000111101110100110110111111111111111101010110111001011110101111011011111111111110011010101111010111101011111011
1011101101111011111111101111101011000010010111110000111111111011111101110111010101111111010101010110111111110101011111111000111111100110011101110111110111111101111111011110111
1010110111111101011111111111111101110101101101101001010111010111011101011110111111101101010011011111110111111111101010110001111010011001011110101011001111100001111111111100111
1111010111011011011000010110100111111100111001011010111111110000111111111111011110101110101111101110111111101110111110101010111111101111101101101110011111011010111111111110110
1101111111010111101010010101111110111110010110111011010001010111111100101111111111010101101101110110011110110011110110011111001111111111110010101111111111000011111011111111111
0011011110111010111011110011111011101111010110101001101111010100101110111111011111111010111101101001110101010111110111111111000110111111101010101011011011011111110100110111111
0101111111010101111111110111101100111111100111111010111111011111111001111011101001111101111111111111111101011010111110111111100111111111011010110101101110101101111011111110001
0110101101101110111111101101110101101001111111111111111010111011111111111010011011100101011111111101111010111110111011100101111001110101010011111110101111111101011011111000011
0111111111110010110111011111101111110011001111111101111111111111110111110011101110111011110111110011100111100101100101101111111001011101110111111101101111011110111101111111111
1111011111110111101010111111001111110011011110110101111011111101011111111010111111101100001011111110101111100101111011001101101110111111111111011110111101111111110101110111111
0101111101100110111111000001111110111110111111001111100111001011001111111110111000111001111010001111111101101110011111000101111101010111001100111111011111110001110111100100010
1011111110111011100000111101101001101111101011111111011111101111101010011100011100011010011111011111111100101010011110111010111111100011111101101001101011110101111111011001111
0101000010101111011101110111101010111101010101101111111110101100100011111101011011011110111110101011101110101011101111111011111011000111111110111100100111011110111011100111110
1111111111110011101110111111101111111110101110101001110110011110011000111111101110111001111100101100111101001111111111111101111111101001111101011011101101111111111101101101100
1101110110110111111011111011011110110100010011001101111111101100111101111110111111001010111111011011111101110111111111011101111001111001111001100011111111011100111011110111111
1111001101101100110010000111110011100011001110011111011111110111110110111111011101110101111110101110111111111101101010111011111111111110111111111011011000001001101101111101110
0111111101001000111111001101110100111011111011100011111101111100111100100101101011100111001111101111111111101011011110001001110011011111010010011111111011110110101111111110110
0100000010110110101101101000001111101101111111111010100011100101111111111011110001110110100011001111000111111111001111011110101111011111101111101000110111101100111111111101111
1001000110110100101110111111111110111100111001111010111110101110111001110011111001111101001110111111111111100111101111111111011001111111010100111001110111110101111101010101010
0101011101100111010011011100001000100101110101111100011011001111101111111111110011111111110111011011111111111101011110111111000011111101011001101110010011111110001011110111111
1111011101101110111111111101111111010110110111111111011011011011110011001111111111011001110111100011111011011001011110111010111111001001110000100110111110100011101110110111011
1001001010101111100100011000111111111111110011111101100010010110110110100101101111011100001110000011001111010100110011111101000111010111010100111100111110101011011111111011111
1111111101101011111101111110011001110111011010010001011111110001110101011110011110111101011111111111011111111010111111111111111110111011011111001010011010011111110101101011010
1011010111111111000101101000101010011010101001111001101001111110111110011111101111010001111111011011111100100111110001111100001111101101101001001111011111001110111111110111101
0110011011110100111100111111111110000011011111001111101101011101101010111110111101111111001011011111111110011001011110100011110111111101111101110001100010110111111111110011101
1111010111110000101111110101011001111111001110001010101001110111101101001101111111011001101010011111111001101011111111100101101111101000100111010011101101011111011111111111011
1110111010101010111000111111001110111110101001110010111011110110101001110111101011111101111011101111110001111011111111011111110101100111100110110100010111111111010110111100101
1111111111111111011011110010011101111010111000111110111111110101111111111111111001011011010111111111111111100111101111101110111010110111101000011100110001100111111111101011111
0111010111111111111100011111111101110111110101111101011100110101110100011011101001111011111011101110111101111111111001110100101111011110111011001101001101100110011011101110100
1001111111101010011110111111001110101111111010111111001111111011001101001100010110100110100100101111101100101111010111111101110001100011111111110011000111001111011010110101011
1110111101111111110101100011111111111110110111010111101111110111001011110101111110110110110110111101101111111111111010110011111111110111100011110100100101011011111011111111111
1011011100111111101001111011110010010001111101111111110111011110101100111111111010011111110110011110011011001111110111011111101111101110011011010110111001111101111110111000111
0111111111111111101011111000111001011110011011101110100111111001000010111111001011111111010110010011111110110111111110110111111110111010111111111010010001110111010000010001111
0110101111111111111110100101101010110111111110111111011110101110011001101111111010011011011011010101001001111110111011011111110111111110111100010111111110111000111010111011111
1101110110101110110111111111101111100111111111101011101011111011111011011111011101111011111111100111101111111111100111001110001101110100111111001011100111011110011110100111110
1101100000110110101111110011101101111111011001101101110111001111111111110111111001011011111111110011111111101111111001101101010111111110101100101110001111101101011111111111111
1011111110011110111011010111111010111101111011101110100111111101111111011011110011111011111100001101010110111110110001101101011111001111010101110110011101110111011101111011000
1101101001110110111111111111001100111111101111111100011011110111011101111111111010000110110111110111001111111010101011000100011111011110111100111111110110111001101110111111111
0000001101100110111001011101111010011010111100111111110111110111111110101101011001010001001111110111011100010101111011111001110011001100100111111111111010101001111011011101111
0011110111011111111101110001101000100011111111110011111011100101101000100011111101111101111111011001011110001011011100110110111101110101001011101111011110011110110011111100101
1000111011111001111101111110110110111110010101101001001110001001111110001111011111101111110110111100101111111001110111011111111011111111111010111001001101000111011101101000001
1111111010101010111111101111110111011101111111110101110111101111101011111111011010111101111111001011100111110111101011111111111111111110011001111111111111111011101110011111011
0011101000000011101001110011111111010011111010111011011110011011111000101011011101011000011111111010101111110111100001111111101110011111111111011101111101111110110111011000110
0111010110101111110111111111110100110100111111110111111111010101111111000111011110111111101001100011111010110110111011111111010011110101111011111111000100111100111011111100111
1000001011111111001100111111011101111101111110111111000111101111111110111100101001111111011010101111011111110110111101100111101100111010110111011111111101110111011101110100010
1011111011110011000110111010110111111111011111111111111111011011110111110110111111110111111100101011111111110100111101111111101111111111111101111101101000011011101110010110111
1101001111110100101111101101111110011101111010111111110111111001110011101001111101101111111111010001110101111011111111000011111111101111110111111111111101111101100110011111111
0111011111011000011111111111010111010101111011101001111111011110011101111011111011111110001000101011101110011101111111001111111111010011111111011110011111011111011111101111111
0001100100011111111101010101110001101000110011001101111011101011111111110110101101110101111110101011111101011111101110111111101110010101110001100111101101011111111100110110111
1011011001101101101001111011111101110011111101101111111011111110100111110000111010011111111110011101001111011111111100111111111011101111111110010110111000110111010111111011111
0000111011110011110110001100101111111000100101011110111110011111111011111110101111110111111110001111001111110011111111111101111011001010100111111101101001111100010001111101110
1010111110101011111111001111111011010110101010110111001111000111111110110010111010000000010101100111001111111100100110101000110011011111011111111101011011111110010000110110111
1111001111110101100110110011111100101011110111110111111101111010111010010111011110000101111100111010111100111000111011110111110011011111110101011011101111110111001101111111011
1111100110000111010110010101110110111111101010111110001101011111110011011010111011100111101000111100111110111111101111111111110111111011111111100101011111110110011111111111101
1010001101111011111101110111011110010111111000110111101111111111111011011111111010111111101111110011011111110001111101101110111111010010010111011111011111010111110101111101110
