00101100111001101111100101011111110001110101111111111111101110111110101100110100010110011011111100111101011100111011010111101011110010111111011101011011111101101001101101111000001110
00111111111111101101101111111101111011111111101011110101111001101111101110110111111111101110111111011110110111100110100111011101011111110001111111111110100100011010111110111101010010
11010110111111101011101101111111111111001110100111101100100011010001110110101111111111100111101111111101011011111101110011110111111111001011110101011000111001111111001111111110011101
01101111010111111011011010111111111101110110000001111010101111101100001101010101101001110010011011011110111100111100111110001111100101101110111010011100010111110101111101111101111101
11010111101001100101110111110001011110101111010001101111111101111011010110111111111110011000111101101010100101100111011110011110111101111000110110110111110111111111010111111011111100
11111001011100111100110111001111110111011011011111011110100010101111101111010101100110111101111111100110111110111111110110101111011000001101101100111111101011000010111111011111101111
01111001011110101011110101011001101100111101111011001011010111111110010110101111110000111100011100111101111111011110111111110101010111011111111011101101100010101110111101100101011101
01011110111111100110101101010100001010100011101100101111111001100111101110111011110111001111110000011011111111010111001101111101001010010100101010111000010111111111011101010101111111
11101001001011111111100101111110111111011001111101011111111111001101110010110111110101011110111111110101111111101011101110011011111110111100011111111101101011011101110101011111101110
11110111000110110111111101111111101111111000101011011111010110100011111101110101000110111001100111111111110101011111111111111111001111001000001111110111100111101011111111110011111111
11101111100110111000100011111110100010100111101110111111101111110010001111111101110011100110110111101111111111100100011101101111111111011111111101101011011110110010100111111101111111
01110111011011111011101111111111111111111101001110101011001110101001001110001010111111111111111010111110001011011101110111110111111100101001011110111111111011110101011001011111011011
01110011111100001111100100011111100011101110111110111101111010110111001111111010001110111101101111111111111111011100011010111111101111001111111111111110101111100101111111111010111111
11111001100100001111111111101010111011111100011000111101010101001111110001111101111111110111110111111100111111110000011111110100010011100101101111111101111101100101111110101111111011
11111111111100001101010100011110110011110111101111101100111111110010111111010101101010111111010111001101111101010100111110111101011111010001111111111011101011101011011011111111101011
00010100111100000000101011111111111101011111111011100000111010111010011110100001100001111111110000001100010101110011010111110101110110111000111100100101110111101101111111011111111110
11110110101111100011111010111111111101010110011000111001101111111011010110111110011111110011101010111010101010111011011110011110110111111010111111101001101001110111110111111110100101
11001101110011100010111111111001100111111110011010001011111110100001011011111111111110011111111110000011111010111011111011001111011000110110101101001001101111010110111101111111101100
10110011110111001101001110111110110001101011011100110111111011011111110011101010011111100111110111001111111011110111010001111110110111010100111101111101100111011000111111001110101001
11111010110111101010111111111110111110011111011100111110011011111111110110101011110111101101000010011011111111011111111110011111111111011110011111111011111101100010101100011110011111
11101111111111011101011110000111001111111011100111111011111100110101001111111111101101011111111010011111101111111110111100100101111111101011011111111010111101111111111010111111111100
00011110010001101101101111010111010011111010011101011011111111101100111100111101110111101001110010010011100011111100101011111111101101001111110111100010111011111101100111001101000111
01110001010101011111110110111111111111101110101011111111011111111011111111111111110111110111111101001110110111110101000101110100111111101101011110111111011111111101001010111110101000
11101111110111100111111001110101100110101111111111011111001001100110101101111110101101001111111011111011111110111111011011111100111001101110111111111001111001001101011011011110110100
01011100001101011111111000111111011111111011110010111111010110010010111010001010011111100100011100111111111111111100010110011011010011100000111101110101011011110001011101011100101111
11101111111101010101010100110110011110111111110111011001101101111111101111010110110011101101011010111110110010111111011111111101011101110111111011011011111010110101011111111111110011
01111000111101011111001111010111110101101111111101111100110110011111011100111101000010010101110110111011110101101110100111110110111011011001111111111100000110011010111101111000111100
11111011111110111111011111101011101001111100110010111111100111110011110111011011000111010111111010011111101101011100101110010111110111111111111001111100011001100111011111101011011010
11110110111111111111001010010010101111100011111110011101111011111011101111110111011011110111111111001111011010110101111000101011110111111110011011001101011011111100110011101111011111
11110101111110111011111111100001010110111111110110001110111111111011010111100111111110110111110101000100110110111111111111101101111111011001110001111111010011111010011111011110101111
10110100111111111011111011111000111111100111111100111111111111001010101111111111011011010111111111111101001110111011100110111111011110111010011111101111111110111110011110011001101111
11111110010110011100111110110100001111110101011111011011111110001101111101101101111111001101111110111111111011111110101111011101111111101111110111110111011011100111111101110110011111
11110110111111111111001100111010011010100111100001111111111100011011111011100001110010001100111100111010110010101111011110100111111111010100110001101110111010011101111001101011111100
11111100100101111011011011100110101011100011111111011101101110111111011011010101001111111110011110111111001110110110101000111011001001010010111110111111011111111000101111111111111101
01111011110101011001101011011011110111111111101110110111111011010111111011110100111011111101011111111011101111011101100111100101010011111111110111001011110111010111111010111111110110
00111110110100011101101111101111001000010011101011010101011010111101111111100111110100111101111100111110011001101111110100011001011110111111101110111110111110101101100111110101110111
01101101111111100101111111001111111001001110110110010000111110011111011111111110111111100010010111101111110101010011111010111111011111111110001111111111110011110111110111010101111111
11110100110111111110111010111011011010101111111011011101011111110111011011111001111111111001111001101111110111101111101111101111111011110111011110000101011110110101111011110100010000
11011011011111100110111111111111111001011100010011101111101110110111110111101010110011101101011111110111110011110110010111111101001111100110110001111100011010100111100110101111011000
11010110110101111101110011010101001100101111111111110101111101111001011111001111111010100110111001000101111101110111101111111110101111111001111011111111111001011101001111111111110111
01101110110111010111111111110100001011110011101010110011111111111011000110011001011011111000100111110101111101110100101011111111110111110011111110111111001011111111101011101011011111
11111010001111111101001101110111101011110011111111100011110101011111111110110110000111010111110110010011111000001100110100101010011111101111010011101101000001110100101001001110111011
01111101001010111111111111101110111111011101110111111111111011110011100010010010111110000110111111001110011111111110001111011011111111111100101101110111111110101110111001010011111011
11001111101100110011100111101111111101011110111111011010011011111110111111100101011111111111001101001011111111110111111111111010111111111001111110101011111101101010111110100111010101
11100011111010110000101111111110111111011111011011111110110010110011111110111111110111001101111110101110101110101110001011001111001110111011110111101111110111101111001110011011001110
10001110100011011111010111111111010011110111101111111111101110001011100001001111110101101100111001111011101111111111111110011100111111010011011111010111000101110111111010110110110001
11000111111111111111011100101011011101011101110011110110111110111010111100011111110101111011110101111111011000101101110111111100110111011100110101111111010111111111111111111101011111
10100101101110100011110101101111011010010111010000111111111101111011010000101111111011010111101101011001101111100111011011110101110111111111111011011001111111011100111111010100111110
11100110011110110100101111011101011111111111111000101110101111001001110110111111001001101011110111110010010111000111010101010010111110111110111101111010111110111111011111110010100111
11111110110000110000111101100001110101110111111000111101110001101111111101001111010111111011110110110111111101110110111111111110110111011100111010011110110111010000111110011111111101
11111001001111111011101010110010101000111110111111000010110111101101111111111010101111110111011011110011101011111111111110011101111111111011110101010001111101101010110111111011110011
11010100111011001011111111111011111111011011111101001011101001011000011110010011110001101010110100101110101011100110101011110010011111111111011101001011111111011001011000111110001010
10111111111111101101111111111111110001100011110111010111101110111100100111000111010111111111111101111111111110011110111111000111110111111001011101101111110111000000110111101110101011
11101101111011100011001110111110111101110010111111001011111101101111111011101010111110011101111111110110100111010100110111100111111111011100111111111001111110110111101111101101111011
10011111111100000111111110010111101000101111111110111101111111011111001110011101011001111100101110111010101011011111100110110110111111111111111100111110111101111110000111111011111111
11001011111111001110111111011011111101111110010101011110010111110111011100101010100111101011011011101101101110110011100111111110010111101111011111100011101111011111100111110110111111
11111101101010111110110001111111111010111110111111111110001011111110011001100111001110001011111111111011110111010111111111011011111111001111111010101011110010001111010001101111110110
01001011110011110111111010101111101111011111101101100111000001111111110001100111000011111111100110001101110101110011100011111110111110101011010101111110100001010111111111111100110111
11011001101110111111111101001111111111111011011110011110100011110001001001100110001011111101110011111011011101101010111101101011010011111101011101101010101101111001011111110011101011
10011010111101101100111011110111110011111100011110101111000011100110111101100110111010111011110001011011111111111100010001011111111101111111011101111110101001101111011010011111111111
10110110111110111111011010111111011111101011111010101011101101110100110110111111011010101101011101111111111101111011110111110011011011100001000110110101111001011110110111101111101001
01111011101001101011011101011110001001011111000111110111111110111101001110101011111011111111100111110101100110111011111101001100011100011111000001111010111011111111001000111110110111
11011111011110111101111101011100010101111011101101101101111111011111111010100111101111110011111000111110110010111100101111111111110101011011110011100001011111110111111111111011110110
10101010001010111011101011111100111111111111101100011011111011101101110100101101011100111110010111010111100011001101101111110010001111111101111100110000100111001111110000101111111100
11011110100101011011011001101111110110011101011111111110110001110101110111110111001110111011011111001011110011110010100111011111001001010111110010111101101111111010111101001010101110
11010111100011000011110101100001011111100101000001101111110111111010101011001011111011100111101011100011111111000011100111011110111011111100001111101101010011101111110100101101111111
11001111011011111011001111111110111011101111111101000111110100100100101110001111011111111111110111011110101011111011111111101101011111111010111110111001110011111001010111111011100001
01101101110111001111101001111101111111111110110111100111011001111000100110011111010111101111100011111111010101111111010010110010111011011011111110110011110111111010111101101100111111
11100101110001100011011111011011101100100111111011101100010110111111001111111111011111110111101111001101111011100101011111011010110111101111111111001101111011000111011111100011111110
00101010110001111111011010110101111111110101101111110101110110111000000100111111111111010010110110010101010111110111110111111111010111110011011011110010011111101011100111101111111110
11010101011110110100111111101011111111010101101001110111101101100110100101100111111001101101001010110010111110101110011111110111101000010100100101111111111011111111011110111101100110
11111111011110111001111101111111000110111101101011111011000111011011111001111000001111101000010110111111010011111101011111001111111111111101111000111111111100111111101100000110111001
01101111101110111111101011011110111111111111100010111110000011101111100001010101111100011011111100010110101110011100101100010110010101111010101111101100111111011100101110011111011110
00010100011011100110101101011111111111110001010001101100111100001100101110111110110111111001111110111010010111111011011101101111110010011010110111110100111110110111111110111111111001
11101011111011011111111100101111101111100101100110100101111111111000111101010100110111010011101000111001110110100111111011111111110101001111000011000111001011011111010111100111011010
11011101111011101100111101111010011011001110101010110010000010001001110111101111111011100111101010111111011001101111111011111001111000001111111011111000011011011111011011011111111101
00101011001111001111111110110011000011111000111111100111000011010111110101010001000011111011110111001101010010001111100001100101111011110111011111001010110110111000101100111111111011
11111110111001101100111101101111011110010101111111001010111110111011111011110000001111111111111000111111101111101101011011111110110010111111111101111101011110011101111011110010111110
01101011100110001111101111011110000110110110111111111101111111101111111001010001111101011010011110111100111000110011110011110101011111111101000011111100111110111111100001111001101110
01111111111001110101111000111111110101011001111111011010110011111111111010011010010111101011110111101100110110111111110111111000000110111101110110011011101111110101100111001011011110
01111111101101110101111101000101101111110010111100110101000101100100011011110010011001010111111111111111011111111011111101101110011010000101001111011000111011111110110111111011111101
11101011101101001111011011001111101111111011111101011110000111010111111011110011101100101110101111101101101011100110001011111111111010010110011011010011011101111110111111110101101110
01111000000111101110100110001111011011011011000110100110101111111110111110010110110101111001110110010110010011000111111001010111111011001011011110111111011111111111111111110111111100
11101101110111001111111110010101010111000111111001101101100000111011110111100111011011111010110111111110101111101101110011101101011100111011111011011101011100111101110110001111101110
11101101011111101111011011111111111011111111100101101101111111101111110101111101000100010111111111010110101101110101101011111111011111110110110011100011011011011111111111110111100101
01110001101101011011111111011011011011101101111111111011011001100111111101111111101100100110111111010011111110111100101001111101111101111101111101010000111111111011000011010111111100
01110110011111111011011011001100011111111001011011111011011111111111101101011101011101001001111100101100001111111111110111111101001111000010111011100001111111001101110111000010111111
10011110110111111100101000111110011101001101001101101110011101111010110011101110101110001101111000001001111111111011110111000111001101101000011100011011111011110110111111110110100111
11001111110110110101110101000001111101101001111011011111111111011011001111001111011100110110111111011101010111111011101111100110011011011111111001011011111111101110111111111101101111
01100111101111110111101111111111111100110111110100101110011011010111101000010100110011011010111100100111101110110001101111010110111010011011110101101111101111111111011011001101110111
11110001101101111110101100011110010010010111001111111001110101111111110010111111110111001101011011000111111110111111111100011111111000110010011110010011110101101111111111111110100110
10100101010111111111111101111111001101100101101111101101111111101111101011111101101010110010111011111100001100011011000010101111100111011011011111001111010111001011000011110110101111
11101101111111011110111100111111100101011110111111011110111101100111110011111101111111111101001111001110111111011111001100011100111111111111011110000111101110111110111011111011010101
11011111101101110110111111111111111111110110111011111101101110111010010111001111101111111111001111110001011011110111111111101010110011101111101110101011011100111101111101001101111101
11111110100110001100101111011011111101110011110100101111100010101100101011110110110011111111110011110000111000011001111101110001000111111110011111000101111111011101011101110011111111
11101110111011100110001010101111111110101111101111011110110011011010110111001011111111101100110001101111011111111111011101010111111111101111111111111101011111110101111000011111011011
01110100111111101111110101111011011010101110100011100111111001011111111101011011111111001011111000101111100011010011111111111110001111111101110001001101111011111101111111100100100011
01111100111011100010001100001110001011111011011110101101101111011111100000001001110111001011111100011011110100111111101101011001010001111011101111110100010100110110001011110111110110
10101110111111001000000111100011111111101000111011111111101011100101001101110111110100100101011110001111111100111110101011111100001110111001110010101110111001001101101111111101110111
11110011110111001001110111110011111100101100011111101110101111110011011111110110101111001001011001000100110001111111111111111101110111110111111001010110010110111111101111010101100101
11111011011111111011101111111011111111000011111100011011111110101011100101111111110100111001100111100111110010010111111101100110100101101111111100101010101111011011101111111111111111
11110110111111110010101011011111010111111010101001011101010011110011110110011111111110101111100110111000011001101011101101111001001110111110011100111111001010011111110011001100110110
01011101011110001111111111111001111111100111111011111110101110111111001111010100101111000110100111101001011111101110101111111111110000111001110111110000111111010111111111101111001110
10100011111010100111110110111011011011111101011101101001111111011101110100111100110001011110010111101010001001111001011111111101101001111111100111011111101101011001010011011011010111
01011111111011101111111111110101101011111101110101111111110111111110101010100111010111010110101011111000011101101111010101010010100101101001011010101101111110101011111101011101001010
11110111111011110111001111101101100111111111001011001000111110101101111101111011101001011010111101111110101011110111101011011111011101011111101101101001100010111011110001101011101111
10110111101111101111100110011011011100011111111101111011001110000110101010010110110111110111111100100111110110110010111001111111111100110101111101011111101101111111000111001110011111
11011111111011110001101110110110011011011011110111001101111111000101011011100101100111111111100101100010101011111000111011010110010111111111011000101101011010111101111111101111111001
01100111101111001111111111001111111001100011110110111111100101111110111111101101111101111110110110001010011101111110110110001110111110111111110111001110011011111111001001111101010000
01101011111111110011111010110001001111111011010111110110111110011111110101010100111110111000110110010111110110011010110110101010111110011110111111111111011101001111101101101011111000
11111100101001011110111111101111110101111011111101110001011111101011111101110111110111111110010101110111111110000111111110011011111101111010111001111111101101111100111101001111001101
10110111010111111111111111011111011010111011010001101111110111101011010111000011100011111111111111111001011111000010110010111101101111111111101000011111011111110111111101111001110010
10110110110110001101110111110111101101000110111000101010001111110011001111011101100101111011101101110111100111000010011101111111111100101110011110100110111110111110011111111111000100
01111111011110100011111111111101111101111111111111111110100100110001111110111101011111100010110101111010110010100011001111010111101111001111000011010110011011101011111011111111110111
11001111110000011111100101100111110111110011110111111011111011001111011001111011111000111011110111111110111011111101101110111011110111111011100111111111110001010001101101110111101011
10101101110100011111001101001110101111010001011110100011110011010111110101111111101110111111111111011101110000100110110110100010111010110001110011110111111110011101111001110110111111
01110110110100100101110000111111011111011101011001111111111011111110010010111011101111111110011011111110011111110011011100001110101111111111001110110001101101101001111111101011011000
10111110011111111111100111001100100110100101011111101100101111000011111101110111101100110010011110011001101111111001100111011111111100000010111111110010111111111011110110101101111100
00011011111011101101110101011101110011011011110101111000101001110010101111110100111011001110111111111111011100101110100101111011101110100101011101101111010011011011110011110111111011
11011111111101111001101011110111101101110111011011101111101011111110111111000001100000111110111111011111100011101111111011111111011110111110101011111111110010011110101111110001110111
11111110110111111101010111110111101011111011111101111111110010111111111100110111010110111101010010110011010111110111010100110111111111010110100101010010101001111100101011011101111110
11100011011101010110011101100101001001111011101111011101111111111110111101111111111111111100011111111111111100001100011100110111110011010011110111101000010111011111111011000010110111
10100111011111110010111101101110111011111101001101010111011010110011011001111111110111101001011010111111001001011011001111011111011111111110111001101011111101111111110001111001011010
01101011110111111011011111110011010110111011011111110011110110111101111010110111011011100110101111110111111100111110011111101011101011011110101111101110110010010111110111100111111010
11011101111010101111010111001111010111111111111001100001111101101110110101110101110111100011110011110111011011111010111100110011100111001001010101110010111111111111111111101110111111
01111111011111111111111101110111101011111000111101101111010101101110011111101110111111111111100110111011011110011100110111100010110111111001110011111011010010111100110101110011110001
10111100111110001111010010111010110011011111100011011111111110111101111111100100111010011111010110001010111111101111111111111100001101110010101111011011111110111101111011101101101010
11110111111110110101110011011111111111101010100100101100101110101010011101111010011111110011001101010111011000111110011111111000111000100111100110011111111100101101110110111101111000
10111000101110011011111100111101100001011011011111101110110100100101101101111100011001000111110100011011101011111111111011011101001100111111111011111110111111010101011111110101111010
11101110101101111111101111111111101111001111011111111111111111100111110111111110111111001110110101010010011111101011010111100101001010001011111111111011111100010011111011101111111111
01101101111110100101111101100111110111110111110010110110110111011111001100011010111111111110100110100101011011111101111110110011110001100011111111011101000101111011100111111010111111
01111010111110111011111001011111100110111111111111111111110101110010110110100011000111110001101110111100111111111110111110101110100011111010111000111000111110001111101010011110011011
11100011111011111011101010111111101111111111111111111111111010010111110101001111111010101101111110110100000111010111101111111100010101111111111111101111111110111111111000100110111101
01111010011011101011111111111101111011111111011101111111101110111111110110101010001011111001111111011001110100110110100011111110001110111101010111110011101110100111111011101111011110
11011000100101011100101111011011001111111111100110111011011110010110110110001111000111010010111111111111101110111011101100100111101111011000110011011000101010001111011010101111111111
11001011101000111111000001111110111111011011111111111110001101111111011111001111010111001111101011110111011111110011100111110110100111101011001111111101001001111111111011000111000111
10111110111110011001111100111111001110010111101111111111111101110111100111110111001101011101111111101111110111111110100100111100110111110111011111111110101101111111111101111101010000
10010111101011000111011101011001101111100110001111010111101101011100101100111111110011001000111110011101011111011100101110110001100011001000111111001111111110111101111111111000111101
10110010001010001101110101011011011111101100110110110011110101101011110011111100011110101111111101011101010111111110110111110011111110011000111111011110111111110100010010111100101111
11100110001111100000111001110101001101011101110100111011111111111001110100111111101101001101110111111011111110010111101001001101111011011000110001111111011101111111011010111011011111
01111111001011111110010111110101111100111011101111100110100000111011101111010101000111101100010111111011011011110011010111110111111110100111010101110110001101001101101111111001111011
11111010101110111011111111111111111001111101111111111111111100111011110101011101011111111111101110111110101111101001011001101100111111101111101111110111011111111111110111001000111111
11010111111111111111101111111010010111011011010111011111101100010111110110011100111101111011111101011100111101111000111100110010111110011110010010000101111001111101110110111101101111
11101100111111111111111110100011011111001011111010111111011110010111101011001101101001010111111101001111011011001010111011011011011011011110110001111111111010101000101111111111110111
01011011110111101001111101101011011111011101110101000101100010101111110011111011111110100011111101100011100011001111110101010111111011111110011001111110011100110100110111111011111110
11100010111011101111110111111111101010110110111110111101011101100100111011111110110111101101001111010011011011100111011111111110111011111111110110010101101101101101111011111110111111
01001111111111111011111110110111110110111111101010001111111111111111011111010110001010100100010101101110110101101011111101111100110111011001110110010111011011011111101100100111010111
11111101110111100011101111110101010110111010011111100110010111011011011101010111111101011010000101010111001001110111110110001111111101111011110111100101111010101111011111111010111011
11110111101111101111101101111110111110111101101111011110111101001110101110011111101100011101010110101101111111110010001101110111111110111111000110000111011100001010101001111110111101
01011110110111010010001010111111110111111110111001001010010110001100101111100110001100000101101111110101101111111111001100010001101010011111111111111010010101101110010111101001001111
11001100011110100001111001000111111110011011111011011011111101000001011100101001011010011111110000111101001011111111011110111111110011001111110110101101111101111111100101111110110111
10001110111101111111001111001111011011011111111100111101100010101111101100100101011110111111111110000101111101110011101100100111011011010101011101111010001010101111011111111111011010
11101110110111111111110101000010101110010011100111111111111111011011101111001011100001111110101010101011111000101011110110111011110111101110001101010010001111011010011011110110011101
10111001001101010001111111011111111111110011101111111110100011100111111111011110111111111011011111110010100111011111011101111111110110000111011110111110000010111011011111011111101100
10100100101111101101111111011011110101111011000110110111001111101000111111110111111111111100111110101111101111111101110010101011110111111111111111111011100011101110111110101111101111
11011001011011010111101000100010011101000011111111111111001000111001010111001111011101101111111101011011101001111001110001101011111111001111110011001110100001110111101111101111000111
00011111111110110110011011101111111111101010101111011101100001111111111011111111101011111101101110011110110110011101011101011110100111100110010100110001111001101010001010111101111010
10111101110111111111111110011101011010011101111101111011011111111111111010110001111011111111001110101011001011110110111011101000101000011011111001100110101110101111011110110100010100
10111011011111111001111011011111010111101111111010100110001101101111011101001011111101011110110111010000111110111100110010101111001011011111011111010111011111010111011110100011110101
01111001101100001110111011101110111011011100011111010111011011101011001111111111111111010100111111011111011110111011011111111110111010011111011010100010110100101110101111100011101101
11101011110000110010111100101110110100011011101110110011101111011111011110111110111111101111111010111101111111101101111111101111001110111101111101111111111011010011101011101110011101
00111011100111011100111101011011101111111110111110000111110111110100101111110111111110111110111111110110001111111001000111111111100111111111111011110111001101110001110111111110111101
01101111011000101101100000110111001010101011111010100111110111111101111101110010111011011111100001011110111011011100011101111000011111111001010000111111111111111000011110111011111111
10111001110111111000111111010001101111111000111010010101111101110110111101110111001111100111011110111111111111010111111001111011111111111101111001110011010101101100001011101111101011
11010110111011011111110000101001111111101111011101101101010010111101010111001111111110111010110110111110110101110111111111111111011111011100111111101010001100011100011111101010111100
01011111110111111110100111111111101011000011011111111000111110111111101001110100111110111110111110000111110100111101111001111111110011111111011011010101111001100110100001101010100111
11110111010111110111101111110111111001011111111111010100011101101001101111011100011010011110111111111010100111111111100111001010110111111101100101111001111111111011100011100110010001
11111111111011011111010011110111010110110001101111101111011010101111111111101001111110111010011010111010101101111010110100011101101000001100111110110111011101110110100011111011100100
01101100011011111010111101011110011111111001111111101111011110100010111011110101111111111111100011111111001100001100111111011011111101110111111111010101111111111111101101110111011101
10111111111110111110010111111101110111011110001110101111111010101011110000110111111011111111111011111111111111111111101111111110111001011100110111011111110100011101111110110111111111
11111010011011101100101001111001111101111001011010111111111011110111111001101110111010011011101011101010010111011111111100111111111011101111101111111111101111111111111111011001011001
11111101111110111101101111100111011111010010111111110011011101100010001011011110111011011011101101111001100010011111001110100101101100001111101111011011110011000110000111100111111110
11111100101111111111111111111110111000111100101001111110110111111111011011011011100100001110110100101111111111111100110010101011011101101111111111011111011110001111110100100111101111
01110111101101111111111111001101011111110101011101011101110111010101011111111000011111011111010111111110101110101111011010011011110111111010001101101011111111001101001011011011011111
00101100110111111111101101011101111000111111110011111011101111111010110111111101101111110011101101001011011101101111101001011100011111110001000111111011111100111111111111011100111010
01011111111101110100110001011010111110111011101001100110101110110110111011111011111111001100111101111011110111111110111110110111110001111001101110100101011110110011000111111100100101
00011101111011111110101111100110111110010110010111101111111111111111111101011110111111111111011011111100010101010111011111011111111010100110111111011010011010110111110101011011010001
01111011011111010001100101111001111111111111011101100111110101110101110111111101101001100100111101101101001111010101111111111101111111101101110111111011100011101110101011110110101111
10111111111111110111101010111111110010101110101101011111001110011101110111111111111101101001011100001010111101100011111010111011111111100111111011011101111010011111100011111110010111
10111111111010011101110110101111111110011001101111000011110101111101111010010111111111111111111001111111011000101101010111001000011011110111011111101110111101111110110111011101011011
11000101111111110001010011011111001110011110101110111111111101101101111010101111010100111111001111101111111000010111001111111010111101110011111111110111001110000011010001011110011100
00110111011111101011010011001111010110011111011011101111011111000111000101011000100010111101111110111001011100100111001101001100011110110111111101111110101100111111011011101101111100
