0111111111011111111111011101000111111011111101000111011011110100
1010111111100110110111011111111111110110011011110110110111011111
1100111111111110111101011101011101111110101010001111111111101110
1000111111111111111001111001101110100101011101111101101111111111
1111011111111010101110011111111100111100111001011111111010111111
1111101001111111011101111101011111100111110011111101110011111010
1111110101101111111111111111110111111111011100110111011111100110
1111101011110110111011011010101111110001111111010101111111111101
1111100101011100111111010111111110011111011011110111111111110110
1111111110111110111110111111011110111101010101110111010111110111
0111111101011101111101111111111101111111111000111111111111111111
1011110111100111110011100011100011111111011111111110101101101111
1011111011100111101111101111111101010001101101110100101110110101
1111011111111011111111101111111111110101110001111111110011100011
1111111101011101011010011111101011111001011111111010111010111111
1001011000111110011101111111100101111101111100010011111101101100
1111101111111100001011011110111110101101101010101111111101110111
1111011111110111000111111111110110111111111111011011111111000111
1011111111101111100111110011110111101111101010001011001111101010
1110111011101101011011110111110011111011101111010111110011011011
1100101111011110111101011011011101111110101111111111111111111100
1111011110111101111110110110111101111101101011100111111111111111
0001011001111101011101000101111010011110101110111111111011110110
1111111111100011111111001110110101111111011110101110001111111010
1111111101101111110010010110011100111111100111110011001110100110
1110111011101111110101111001111111101110111111111111111101101111
0100101111111111111111011000101110111101111110001111101001111111
1111111011111111011110100100110111111101001010100101111111111111
0101101110111111111101110111001011001100111100111001001110011111
0110111011101100111111111101001110001000000110111111101011001111
0111110111101110100011101110110111111101010101111111101111110111
1111111111101101111011011111011011000011111101100111011011110111
1101011111010110111100100111111101111011101011011001110110101100
1110011100111111001111010101101110100111111101110111111011101010
1111111101110111111111011111001011001101011011011110111111110101
1110101111111111010111111011001010001010101011011011110111000111
1010101011110011111111111111111010110011001111110100011110111110
0111111011110101111011111111101001100010111001111100111000100111
1110011010110000011110111100000111011100111111011000111010011111
1001011111111111111101011011001111101000110101111011101111101101
1010110100101101111111101110100111010111010101111101011001110001
1101111111110111010000010110101101100111101001101101111111110111
1111101110111011111111110111100111111110010000111101101111111111
1001001101011011010110111110111101001011100001000110111110101011
0110010110010010111111111111010010111010000001111110111001101010
1101110111011110010111001100001111111111110110111011010011110001
0101011011111110100011111101111101001101111011011011111111111111
0101111111111111010110101100111011111111101011101110011111111010
0011110000110110111010110110111010110111111011110111110101100101
1111111111111100100111110111011101101100111110011010011111110010
1110101011110111111111111110011101110001000111111101101101100011
1011111111100101111111101111111111010001111001101010100010011111
0111110110111111110111100111011011110111011110101011011111111110
1110111111100111110111100101000111111110110111111100101111111111
1011101110111011111011111111111101101111111110110110110111110111
0111001111111001111011011101101010111001011100111110111011110111
1111111111101110011111111001111111111011011101110101111101101011
1111011111110101111111110111011101110001111011111110111110001110
1011111111111111101011111111001111101101111111111110111110010110
1101110111101010100111110011101100101010111001110101111100101111
0111110100110011001111010111110011001011001110110001110011010111
1111101111111011110011101111111110111111011000101001111101111011
0111111011110110111101111111111101011110011110110111111111111101
0101100101111110110101000111111100110111111101101011011110011110
