0001001010110000101111010001101010111011111110100111100
0000101111011101111001111001110110100010100111010101111
0000001000111111100101011000110010011111000000101011101
1000110001110100100000000010011111000010111110010111101
0101001111111011011011110000110001110100100110110000001
0001000111101011110001011001011100010000100011101101000
1110100110100001100101100001100011101000001101111011110
0100111000010101000101101110110000111001011000111000001
1100111001010101101110101101011011010001011001011000101
0101110010100000001101000010010000100110111011100011101
1011111001011000000001110011011100100010100101001101000
1111100110100111010111010010101011000000110110100010101
0110110000100011011001101111100000100110010100111000001
0111000110010001011101100000101110011001100111101111010
0010110000011001111100110111010101011111110000101100111
0110111110011110110001101100010001101100000000101101110
1111011010000011000101100011111010010000101011100111101
0100110000011111000000000011011100000110010100001000011
1100100011001110000001000010011011101010100101011111000
1010001111010110100011010111100000000111010100111010101
1000100010010000000101100101100011001010101100100011010
1110111101111101101110111101110011011001111100111110110
0100101110101111100011011010010101100000000010100101011
1110110000110010000101100010011001111000100101010111011
0110010110001001000001100110110001100010001000101010100
0000000110001011000111001011010100110010111110101011110
0001000101111010111100111101110010011101001111100101010
1100011010101010110111000110010011000001011011001111011
1110101100011100100111001010010111100101100000000100101
0111110111100011111001111111101001001001011000011110100
1001010010110100111000010000010111101000100110001001011
0101010000100110010000100100101000010101010000111101101
1111001010010100101011000011101000010110000110110101011
0001101010010011001011111001111000000010011010000111010
1100101101101001001000111100101000001101111011101010001
1010110110000110100001010110000110000100011101010000100
1010001100000111001011010010011000100101010001001000110
0010100001001011010100000010100110111001100110111010100
1111000001101010011110001100000011000001011100000111010
1010000110000110000101000011110100101110101110001011101
1101110001110110101011010100101000100101011101101011100
1001000111011010010101000101010101111010100000100010101
1001001111000000100011001111010001110011100111100000001
1101101000111100011111010110001010010111101000100001011
1101110001010100100000100111001011100101001001101100011
0100011011100100101000010011000000111000101010100100100
1010111101011111100111101110000110100100111111000111100
0101101110001000001101010000010110010100000000000101111
0010011110101111011101001101011100101101100010000101000
1101010000100111101001110011110111000010000011111010100
1011001001010100101111011101010001100111110000100101101
1111011001100101101010110111001111000011100100111010011
1111001011010011100101001100110100011101110001110110000
0100001000000111010011110111001011001010000110010001001
0111100111011010110100110001101110100001011110010011010
