0011000100000011101110001110011000100111001001000000110000000100110101011101011011000100110110001011110111100111100011000100101110010010010
0001111010011101000001000100100100101011100110100111010011010101010110100111011101101110011011010101010111011010000011111100110000101100001
1000110110000111101011010000010101110000000100111100100101110100001111011000001001100101110100010101010001111010000110100010001001001000001
1100111111001111100110010010100110001101110010110001110000000001010110100011111010111100011110001001111011101011011100101010110011011011000
0111011110101110101000110101011100111100001101001011110110001000010011110010101110111101001011110011010011111101001011100011010101101001100
0111101000000001100111110001101011110110000001001000000111011100110101010110101101010110101101111110110101100000001011001110111010100101111
0101110101110000110001101111011010001100010110010010000110011000010001001000010111101110011011100110100001001111110010011000001100010110011
1011101001101001001111111100001001111110110000101101101111001001011000101000111000011001010101101100001100001101110101101101001001100001000
0111100001110100110100010111011001010110000111001011111011111111000100001110101000100000010010101010110111111011011010111110100100101000110
0001001110101010011001011111011000000100100101110010101000000100011010011101010000000000111001001110100001001111111010111010001010100101110
0000101111001100010101001010000010001000001101011000010100011010100110111111101100001110001000111111011000010011000111000011110101011110001
0100001010000101011010100011010100011111000111101101011110111100011011111100001011101001111001001110100010010100111101000001101010000100111
0101100101100010010001101100011101010000010010000000111110011011010010011101011110100101000100100011010101100100011110101001111111110110111
0111100010110001011010101000100011111101101011101001100000000011010001001101101000010011110111101100100101101001100111000100110011110011010
1011100001001000100000101010110100010101100101101101101010000011101110101011001001000100011101010010111011001011010011100101101010100111010
1111010100010100001101111111111010111100100011101010001010000111111110110100011110001100101100010001000110010010011111110110000111101000100
1011111010000010001101001100100011110011001001110000000110111101111001000111101011000110100000011101011100110000100111110001111001100011111
0000001011111100001100111000100010001100100000010110000110100101011000000100000000111101010000111111111111011100101010000000001101101011100
1010100101010101110100110101101001000100110101101001100011010011010011101110011011011011011010010001101110101101101100101001100110011000110
1001010110100001111000110010000100010010111101100111001100011011110110000001000101001010011001011111111011011000010111001010101001000110111
1011010100010100000000100001011010001100101010101000000011000011011001001101000111011011101110001011010101111010001101100111010001100100000
0110011101101001100000111101111001100001000010100000101100110010100001010100010100000000110110001011101101011101011110010010101111111010011
0000111100011111011111000001110100100011111110001101101100011001100110010100111101100110001111110101000011000111110000101100000000110001001
0011110111000001011101000101111111010111110100111110000010110000011101110010100001111100101000100100111010100100101110100000001100111010011
1000001101101111110001000111001010010010011100010110001010110101011001110111010101010010111011001110110100110110010011010010010100010101001
1100101111001001101001011000011111010000110001011010110011010111100001000000101000100110111001001001111111111111111010110001000101110000001
1001001011110011000100001000100001101000010011011111101010001011101101101010100001010010110011101110110111110000110101110111011110111100011
0000111011010001001011111000100110011000010000001101010100011100110111101111110101001111010010001101110101111000001001001110110110011111111
0101010000000111111001110011010110011001011101000101110101100001011110001001110110010011010100110000011111010001001111011001001101000001101
1010101011011011000011110100100100111110010010101011111001100100101001101111001110010010110001001110110100001111001100110011110111000001000
1000111111001001001011011100000101000001001010101101110100100000111011100001101100000011111001100110011101000001100101110110010101111010110
0111100000011010000100110101111011001011011100110101010111010111100111010001011101110110111110111011111101011000111001011100111111000111000
0001011000100101110010011101100100000101001011101000101010001000001101111001001101111111010100110010100010110101110000101011010101010111100
0010010110001100101001010110001100001010011010000000000111000000100001101100000101010110111101101101110011010001101111111010011110011110101
1110110100000101100001100010010000010010011101111001111100010000000100010001101101101111111011011011100100100011110001111111100010110110101
0010110110011111100100011101110000101011110100111101101101100110111100011010100111101101100101100110000100010011111110101111101100110001000
0101101100110101010010000011110101010110111111011100110110111001001100011010011010101001100001011111000010100100001011101000100000110111001
1001111111010111011010010000010010001001111101001111100110101011011110110011000100111101110011000010011110010000010100100000011000100001000
1100010110010000100100111000010101111001101100001101011001000010000011010101100111010000000000100100011100001111000101000000001110100111101
1101000000010110100001110000101110010110000110011101110111110001001110101000011101100101111100111000010010110111001001101011100111011110011
0101000101000111011110110100000000011110000100010001100001110110000011011111100000010011111000011110100010100010011010000101110010011101011
0001001100001000001100111111110101111100000001011011110011000100010001011101101110100011001101110011011011010111001111100001111001110001111
1000100000100100100110101000101111101110000000110011110111001100000010111111100101111110101000001001101100111010010100010110010010110100100
0110101011110010001100111000100100111111100010000001101001010110001110101010111100110111000000010110100001110000011100011111010101011100011
0101001010011101000011100010011011001001000101000000000011101001110110000010001100010000011100100110001110101011101100000110110101101000110
1000110011110111101100000110100010101100010010010001000111110001000000010110111011111011010011101111001100001010111111101100000011101100001
0111000101010111101111010000011110110000001000001000011111111000000001111100010101001100101100001111011001000000000110001001100010101001111
0011001001100000110000011110000100111001111001000001101101100110000000111010011011110110000111000100101001110111011010101001000111000001011
0010110110110111001010110111011010111111010000100001100011101000000100011101111101110111001110100011101100101101000111101111000000000001000
0110000100010010010100111011101100011111000000000011000101001000011010111010011110011011001110000011001100000111010101010011011110100100111
0100101011000001010100011110010000000100011000000101010001010111101001011101011001011100101100110101110010111110110000010001000011000010010
0101100110010110001100100011111100110111111101011110101101010110101010011110010000010110001000011001010100001010010110111000001110010010111
1011100111001110001001100110111010111101111100011001000011110100011110110010000010111000110011101101111000000100010100010001111011101001111
1101100010111000000000000101111100101011011000100010001110010010110110011111100100000110001100111101100110001110110000010010010001011010111
0000000111011011000101101010010010110010000100110001010011010101110001001011100001001001000111110011010000111000010100100100111001011110101
0010111100111000110101100001101101111101001001110101010000100110111000100000010011010101010110111000101010111011101100000111001101111001111
0100111110011011111010011110000111001101011011101000111000000000001111111111111100100010101000101100100111111110111000011100111001000011010
0110010110000000001010000100110101010011111111111111101000111110011001111100111001100011000000110000100111010010110001101010101000110100011
0010000010010000110001011000111000011101100011111000100101010001011001110001100010110001001010000001011100110010010111111000110111001010001
0110011010111000101101111101000100101001100101100011111001100001010010101010110111010111011001011111111111001101001100001100001101101000100
0000111110111000100100100011000010001100001010101100000001000001100111010011010011101000011001100000111111100011010100111001011010111110000
1110010011010001110000001101010100010000111100010011101101000011011001111000111101101011110110111000001101011111010100110101001100010100110
0000000010101111001111000110000100010110100100010011010101000101111100010011110110111110110111010000111111000011110111100111101010001100000
0101000110001111111110101110100100001101000011000010001000111110011100110101011011001111110010010001010011000100101101101101010001001101011
1000010000100011100101100111011101010000000010000011011100001010011011011010000001101101110001000011110110101011011111010001110110001010100
1101111101011101111110011001101000010100010010000100111101110111101010000000110001011100100000100100110010000101000101001101100110100001111
0010000101010011110010011010111010011101000100000111100111100111110100110000111101000101001000000101011010111011001110110100000100110001111
1111010010100011000100110011100110111101000110001000110010001011001010011011001001010010011010010010100000111001000000011011010111101110000
0111100001111011001100100001101100000111101110000101110010011000110100111100001100110111010001100100011111100110110000111100011101111000001
1010111000010100101011011111011111000010110000100010001011101100100000000100011000100011001011001001010000111000001000011011000001110111010
0101100100110011001000011011011011000101001100110100100111110101001010001001000000111110100011101111110010000110101111000111011101110011010
1010110001111001000001111000000110111110111001111111110011101111101110000011101101000011101000000110000111001110101111000110111101111000100
1010001111111110001010000011110011011001111100111111011011010100100110100001010011100010011011110100101100001001111000110000010001101100110
1100010011111101111011101001010001000010111001101011010011000001000011000001111011010111001011001101100010010111010101110100100110110010010
0101110010100010101000011011010000011100101111010101111010011010100100010000000111100001010110010010011000010111000001001111000111100011001
1101000001101110100110001001111110100110111000001010011010101011000100111100100011000101010100010101011111110011011111000000000001101011000
0001110110100100100000110111101000110010111101001000011011110110011000010101001010001011101100011000100110001011111101110110011111000101100
1101001101001001001001101001100100001001000101111111000111011111011001001100000000011001011010111001010001010010011101101110010110111100100
1111110110111111101000100100011110101001010111011110000011000101001111010100100111101011111001100000010001001110101010000101101011001010011
0100111000101001000111101001111111110111011110101100010010010110001010010010001000101111101011110010000101010000000111111100100001000101011
1001101000011001101010000000110000011010010001010100100100111011000000001111101000111010101010000011011000110011100010111000101110010110110
1110011000010010101110111011000111110011001001111010001101011101111100011111001000001011000000011010111110111111000011111010100110011001001
0111101010011000010000110100000110111101011101011000100011101110100011101010001110010000001100010111100010110001110100101110010110001000000
0001110100000100011010011010110111000110101111011111100100110010010110100100010010100111110010001000010111111110100100110111010010000000100
0101101100110001011110010001000010111100001001100110101000001111110000100000111111000100100000010001101000111100001101101000010111110110101
1111111000101011110000110101000111110101001100111011010100010011111010100101000100011011001001000100100011101100100011000011101000011111111
0100011000100100101110101111111111100000111101011101010011010111000111111100101111010101100100010000101110110011010110000000111101000100000
0010100100011100011010000001101010111101110101001100001101110101101011010111111101010110000100010100110101101001010110100011011001101011111
1010010001010101100011011110011101111101101000100010100010000111110000110000101110011010010100010101000100111010101111010011100011101100101
1111001111010110011101001111111111100101100011000000100100011111100110001011011000010000100111011011000000011010101111111000100010111001001
0101111001110011001110111100001101100001111010101111010010111000001101011100111110100100000110001101111001100100110000001010111110001101011
1011010100001111000011100000100111010001010010111110011100000110000000000011100000100011111010100000111111000010000110001101110100111100011
1101101010000100001011101011000100100100000001011100101100100111000101101110010110010000011101110010100011011000100011010100111001111110111
0100111101010110000100101110011001111100010001010000101000011010100011101100001100000100010010000111000101010110111000011111110100011000111
0000111110101100010000110010101111010011010011001010111111001100010010101000011100000000000110010100100000110100111001110110110101100101110
0110110000100011111100100000100110101001110100000011011101010111000100001011110101101011110010100001110110110011011001011010011001101111010
1001010111110100110111001111010101101001101001100001110110010100000001100100110001010000011000000001001110101100000001111110011001001101000
0110011101110100110100111011011001011010100111110010110010010000011010111101000000100101101001100001011100110100110100010101010011010010011
1000111011111010010111001010011110111100110111101100001000010000100100110010000111100000010011000000101011010101001000000111010000111001011
1111100000101001111111100101000101101000011001101111111000110001101001100101010010101000111001011100101000111110011011011110001001010010001
1001011011010110011101011111010111100000101100011010110111011010110100101100100001101111001110110011010001010100101010000000011011111011100
1111110010101010110110011111111101000111010000100011101000111011111011100011011011010001001100010100101111111111011100111110110000001101011
0001000100100010111101010100101100000110011011111100100100111110001010001011000011001010001100001111010000101011110111000100010100010001010
1100010110001101111011001111111100110110001011001101010011111110100010011001100101010011100101011100010011110011111110001010110001101000010
1101100010010011011100110110100011001101110010000010010111011011111010110101100001110110000110011010010101100001001000000101010000000000101
1111111011001110010111100111101101000000010100110000000011011111000010010001011100010101001111000010110110011011011110101011001001110001011
1011110010001100101010011111000010101001101110011010001110101000101111000001000011111111101000111101011110000101011101101111101111101100011
0110100010110001110111001111100111010101011100010010001111100100001101000111010111111010110011110111110101001000001100100010010110110100111
0111101111000110011111000101010100000010001011001011011110010100101101011000101001011101110010001001011001010010000000101011000101001111101
1000101101011000011001111100010010001011010000011110110010010101010010110110001001011100001001101111110000100001100101010101001100100001101
1111001011100011000010101100010000110011111011010111010111101110101010110111111011010010110101010001011101001001101111000111111101110110000
1001101111100110001001100100111011110011010010011100000100011110111100001111100011100011000000010010011111100110010101001000111001010011001
1000001101010100111000110110001111110000000011000010010111000011000010111000101010110100111011100100101100000110011101111010001000101111101
0001001111011011000101101110000110110100101101010111111011101110100010001101110000100011001001110101011101100001100011011100010111011010000
0001110011011001011011010101110101011001110111010000000110010001101001111001111000001000110001110011110111110010100000100011011111010000011
0011000100111101101111010010111001010110011111101101101100111111111000110101110100111011110100000100011101110111100000101001001111111010000
1110111011101111110101011100100001011000110001111001000000100010101000110001001111000111110110000001101101000010010001000010000100101011100
1100110100110111100110001011101101101011010001001100000001100011110000110111110101001100110010111001001000100111110010010101001011101100101
0111100111001011101010110110011011111101010001011001001001101111001010001100110111111001010000101000010001111000101100010000100110000110110
0100001011000001100001001110111101100000001100000111110010101100101111001100100111010000110011111101010000000100110001100100111001111110100
0101011111001000001100100001100111111001000101111001000011111001010111000010010111101000011101011001010101101001110100000101110011010011010
1100010110000111000010100011001100110000101111001000001110010111011010110110111100110000000111101111011010100110010001011001011100000101000
0011110011100001000111001011011011110001001110001100010101000010000101110010110001110101101001111011010101111010101010000000001110100011001
0000100100111010101010000110110010110001110100111110100100001111110101100010001000010101100101000110000011101110001101001100111111100011010
1101010010111110101101000001010100111001110010100000101011100010110000010100001111000110111111100000010100100011000000111001001110110101100
0101110000101100100010001011011111000100111110000100111010101001100110111000110000111011001111111110111110010011011000011101001111000101010
1010011101011010110101010010100101010110010000000101101111011110000010110000101010000111001010011001100001100111101101010111110110011100101
1000101010101001011001011111111111010011000110010101000100110100111110110110110011101010001101100000001000111110011110100111111010011100000
1001010001011111001001000011010101100011101001110111100000101010110100000110111011111000111000000100100000110000011101101011111100111111011
0011100100101101110111000100111110000001010111010010111110110001000111111011101100001011100010111101100101101011011101011001010000011000000
0100110111001111110011110110001000111110011011100100100101011000011111111111010000001001110110110010100101110110100111010011100010011011100
1001001000101100001001111111001011111001111100000001011101001100001011110100010011001100010111000111101001010011011100011000101111100000000
0111100010100001011001010011001001000001100111100000111100111011100110011001011001100101111111011010110100101000110111010000001111100001111
0100011001111010000110001011000111101011101101000100001001001111000101001000110110001110101110111000010000111010100001110100111110000001010
1001001000101110110101010001001111101011000000000011011010101000100101100111001010001101000010010101100000001011110110111011000010100001001
0001110101000110110000101001110110011110110000111000100110000001011001100011100101000101011000111010111001001101100010001111110010101110101
0000110011011001111100000001101011100010011010100101111100010100111000011000110010011101100011100000100010011100100011110000101000101001010
1000011011011110101101010011001000000001110110110111110111000101011001101100001110000101001111110110011101110000001000101001010010001100101
0110011000111000100101111111100001101011110101110101111101100001011010000010001101001101111111000111010011111101101001000010001010001011010
