000010010000010111100001010000101011111100011011101110100111101001011010001101110
001001111111011011010100110100001000101110000001111101001010010011001010000101101
010111111100011110101110110001110010100011000110001100101011000000010011001111101
001011011001011100110101011011000100100100110111111011001011100011000001000001110
101101110100101100110100011100011111010110010010111000011010100100110101001011101
011110111101100100000010001011101010111100010001000111011101001101100010001101101
011011010000101011011101010111010101111110110110011010011101111001110010101110000
111111100000111000010001111010010001111000100000111011111100111001100000101110000
011101000010111100010001111111101101110110001010011100010000110010100100001101100
011011000011100001110100100111000000100011101101010011000001110100010000110010010
010000001101011000001001000100111001010001000011001100110111001101010100101011101
010101000110001011010011100100001110100100010001001111100110110000011110010101111
000011111100000101101000110010010000101011111111001101101010000001110101111101111
111100011010001011011100010110100011110110010011001100001011110011101101011111000
011110111011010010110010010110100101111101111010011001110100001101000110001001000
101111001000100000101000101011110001000101001110101110111110010100100110011100001
111000100001011001110011001001110011000101110110011010001100010010000000001111111
110000100101110010001111100110111000100011111001101011010001010101100110001110011
101110000100101110000001110001010110101111010011110001111110011100001101100001111
010110111101011010001100110101011100101110110101101101011001011100000100010011100
001000100010110101010000000111010001000000110101111001010000110101111100011000110
011110100100010001010010010011100100001101010100101010111001001011111111001111110
001001000001001011000101111110110110010011100101100010110110100010100011101011001
100100111011000011100010010110100101110011100011110101001101000001111111111101110
011000011101100101110010001110111001010110000101111010111010100000110010011010110
111110111000111000110111000101111001000101000110101101000110100010000100111010100
000111011000000110000010100100111000010011001001000100101110100010101001011010011
010010101111011001011011111011010010100010000101110001001110100100000111000110111
000101111100111101001111100100111010001000000001110110101111001100100011110100101
001101101100000110111100010100100100001100000010010110110101010011000000111111100
101001001010011111000111111011011100111001100001101001001000110010100010110101011
001010110010100111111010111110101010111010111000001001110010001001101110011100101
110011001011000001010000111010110001110111101100110111100100101000101110100011101
000110101001001000110111000001100011000011001000000011110000111001011001110101010
101011000001010010100010000110010101001010010101101110110001010110101010001011001
100010111010011110001001110000001110101010111111100001010110011101000100011101001
111101111101111001110001000100111001001010000001001101010000001001110110000111110
100011111010011000000011101000111000000011101111000000101000010010110100010000000
110001110000101000110100000011110011100101101110101101011010111010111000010011100
110111101001011110110100110001001000001001110101110000011100110010000000110010000
011010101100110001110011101100011111110001001101001101000101111100011101111110110
001000000110101111100111011000101100011110010110100111100111101111101010010010111
000100110100101011011011000000111001011100011101001000110100001100010001111100000
100111100001111011111100000000010011000101101110100111000010110101110100110001001
100000001100101101000000001000011101011010110000001111000110011111111000110001010
001100100100100110011110110100001011011111110001010000110111001110111111111111001
101110101010111110100001010001000001011001010001001000110100110001011010110001100
110101000111110001111011101110100011110110100110011110111001001101001000101111001
110110010000000101111111110110101011001101010000011111000010100011110000011010000
010110111100001010101001100111001000000100000101101100110010000011100111101100010
111110111011111111011100110000110010101010101011110110100010011010000101111101100
111001001011110100010001011011001010101011011001111011011010101011100011011000110
100101110101000111000110100011001110000001011001101101011111110011010011100000000
010101010101101001111001010100111101101011011000100110000011010111011101011101111
101000010011101100100110101011011110010001100111011000000010000100011110100000110
000011111010001101111110100001010111101100100111010110000000011101100101101011010
011111110000110110110101101110100000011100000001000110000010011001000000011100001
100001110011001110100011011111001001000111101110000010000011100111011111100101111
111110000011110100100010111110010001001001011100111111101101000111001001001100101
101101100110010001010101000011000010000011000101000011000110010100000000011110011
100110111101010000001010111100101100001111010010100110000100010110111101110010100
010000111101010111111000000001100111011110011010001011011001100100100101111101101
100001110010001000110100000010011101101011101101001100011000000011111110110010110
000011000110001101111000000110000011000011111101000001110111110001100000100100110
010100001000010010000110011001100010011101001100111111000110101001110010111110000
110101110010111001001101000001010101100001011011110111011110001110111111001100111
000011111000110101001111101010111010111001011100110100010000111111001110000011110
101010100111100000001101100000000100111010111110100011100100101011001100101000011
110000000001010000101101001000011110001011001111000001100110101001110101001001001
000010001011111101111101010100011001110010010100011001110100111001111010101110010
111001100001001101000111100110111010100001000110010110100100001011100101011100001
001110000000110000100111001110000100000010100100011111010110110001001010000010101
000000110110100000100011010011101100000110111111011010110100111110010100011010100
000000000101110100011001111011110101011111111110101101001001111010000010101001010
101011111010111111001111111001010011000010100101111101011011010011011110110000101
111001111001110111000101000111110101100010100101011001001111010111000110000011010
001010110110010011010110111101001010101111000101100000010001101010100101100100000
111111001011111010110111000001101111101000011111001001010100010000101000010100011
111111001011100010111101110111011000101011000010001101100110111101100001101000010
100100000101100011101101101100100100100011001000010101110101001101110100010101101
011011000011100111100010001110111011000001010101000001001111010001011011001001010
