01011110110101100111111111111010111111111110111111111111111110111111111111111111111111111111011111111011111
10110111111110011110111111101111111111111111111111011111111011101111111111111101101111111100111111111001010
01000110111010011111111101101101110011111111101101100111111010101111111111111111011101111101111111101111110
11001011111011110111111111111110111111111111111111101111111110111111110110111111110111111111011011101111001
10010011100011011001111111111110111001111011111111110111001111111111111110111111111011011111001011011111111
11100011111111111100111110110101111101111111111111001101111111111101111111011111111111110111111111111111110
11111101111111011111111111111101111111111101010011101111111101011111101111110111111111111111111111001101111
01011110011110100111101011110111111111011111011110011100011101111011101100111111111101011111111111111111110
11111110011111110111001111100111111111111011011111111110110111111111111101110110111111111111110111110111111
11110111100111111111111111111110101101010100111110111111111110111110111111111111110111111101111111111111101
01110111100111111101110011111101111101110111101010001111111111111111110011011110101111111111111111110111011
11000111111011110110111111111111011101001111011111011111111111111101101100100111100101111110101111110111111
01111111111101101101111111111111111111111111111111111111111111111111111111001011101111110001011010111101110
10011110111110011111011111110111111111011111101111111111111101111110111101111111111011111111111001111010111
10010101111110010111101000111111101111011111111111111101011111111111111101111110111011101111111111101111111
01111110111101101011110110111011111011011011101011111111111111111111001111111011101110111100111000111100111
01101110011011010111110111111110011101110110111011110011111111111101111111101011111101111111111101111111111
11110111111111101011011111111111111101011011111111100111111110010100110110111101101111111111110111111101111
11110011110101111101011111110111111111111111111111111111011111110111011111010111111101011111111111110111110
10111011111011111110111111101111111111011111011011011111001100101111111110110101011110011111111101111111111
11111111011110111001001111111101111101111111111111111111011110111011110111101111111111111111110111111111111
11111110011111011111001011101111110111001111001011101111111011111111110111111011111111001111111111101111101
11111111110111100111110110101111011011101111111111111111010011011101111110110011111010111111111111111111111
11111110110111011111101011110111111111111111000011111011111111111111111111011111111111011110111111011111111
11011111111111011111111101111111111011111111111110011111101111111111111111001111111101111111111010111110111
11111011111111001111110110111101011011111101111111111011110111011011011011111011111111101111101101111011111
11111111111111111111111111011000011001110110110111111111111011011100110111111111111101101111110111011110001
10011111011111111110100111101101111011111111111111111011111110011101111111110111111110111111111011101111111
11111010011110111101111011110011101110101111111111011110111101110011100111101111111111111111111101111011101
01111111111111101111111111010011111111110111110111011101100111111101111111111111011101111101111111111011011
11011001110111111111011110001101101111111110101111111111101110111111011111111011111111011111111111101111101
01100111101111110111111111011110101111111110101011010111111110100111110111111111011110101110101011111111111
11111111111011110111110110011111011111111010111111001111111110111111111111101011011111111101111010010001101
11111111101111011111111111110100100001111111110001111111101111111110110110111001110011011000111011011111101
11011111111111111111101111111111100100011011111111111111111010111111111110110111111111111011111101111110111
11010111111111101111110100001111101001111111111011111110110111101101110101111111111111111111011111011011011
11110011100011110011011111011111100001011111001101111011100111111111011111111110010110111111111110101011011
11111111111111111111111111110111110110111010111101111111101110011011111111111111111111110111111110111111111
11111110101010001010101111111111110101011111101111110101111111111101111110011110111101110011011111111110101
11111111111011111111100111110111111111101111111111101111110111011111111111111101101111100101110110110111111
11111111100111110111111111011011111111110110111111111111111111111111101111111101110111111111111111111111111
11110111011111101011111111111111010110111011010111110111111101111111111111111011110110011111011111111111111
11111101101111111111111110111111111111111101110111111111111111111111111101011111110011111010111011111011011
01111111101111110111111111011100011110110110110111100111011101110111111111111011101110100111111010101111101
11111100011011111110101011111111111101111011011111011111011101111110011111111101110111111111111111111011111
11011111110110101111101011111100111101011111101111111111111111111111111111011011011101111000111001111110101
11111101111111111111111011011011101111111000110111111011110111110001001111111011111101011111111110101011111
11111101110111100110101011111110101011111111111011101111011111111110111101111010110111111001111111111111111
11011111111111111111111111111111101100111111111101111101111111111110111110110111111111110111111111101011011
11111110100111111111111101111111111111111111111110111100111101111101111111111001101111110111011111111101110
10111010110011111110111101110010011111111111011111000100111111111111111111111111101011111111110111010111111
11001001110111111011101111111111011111101110111011001111101111011111011111111110011001110010011111110111111
11010111111111110011111111111110111111011010111111010011111010001111111111001111011011110101111010111110111
11111111111111110111111010101111111101111111110111110011111111111001111000111111111111111111111111011111001
11111010111111011111111111111011111111011111111100011101111011111111010111101101111111111011011111010111111
11111110011111111111111111110111111011111111111110011110111111101111111111111111110001011111011111111111111
11110110111111011100010111111111111111111110011011111111010111111111111111100110111110010111111111101111101
11110111111111111110111101111001101100111111111111101111101110001111110111110101111110111111111111111111001
11111111011111111111110110111011111001101111110111111111010111111111111011111111111111011010111011111011101
10011111111111111111100111011111110111111111111111110101111001111111111101100111101101101110111111110111111
11111100111110111110111111110111111111111010011110111111111001111111111111111101111111111111111111111001111
01001111101111111010011111101100010110111111111111110111101110101111111110011101011010111111111111101111011
11111101111111111011110110001111111110101111111111100111101111011101011011111111111111111111111101111111111
10011111111111111110111111111110111011111111111111110110101110101101111110011111110111101111111110111110100
11111111111111111001111111110110111111111110110111111111111111110101111011011010101110011111111111111110110
11111110111111111111011110110111111110111111110111111011111111111000011110111111111110111110111111110111111
11111011111011110011110111001011111011011111110110111011111111000001101111110110111011011111011111111011110
11111111101110111011111111011111101111111111011001111111111111111010111110111011111101011111100101111111110
11111111111111101101111110111101111101111111010111101101111111011011011111111111111101111110111101100001111
11111100111011101111111111110111111111110111110111111111111111111101101111111101111101011110111111111110111
11101111110111111011001111010110101011111111111111111101101111111111110101111111111100101111110111111111110
11111111110111111111111110111111111111111111111111111011110111010111111011111111111111101111101111011001111
11111110011010011111111111111111111011111101111011111011111011111111110100111111111111111111111111101111001
11100110111011111010110111111111100111011111111101111011111110101010111100111111111110101111111111101011111
11111011110101111101111001111111111111011101101111110111111110100111111111011111111011111110110111001111111
11111111111001110111011101110111011111111111111111110101011011111111111111101110011101111111111110101011110
11111101011011111100110111101111110111111111111101111111001011111101111111110101111111110101101001110011111
11111111111101100111100110111101001111111010100010111111111111110110111111111011011111111111110111101111111
10111111111111111010111111111111101111100111011110111101101100111111101111110101111111101111111111110111111
11111111010111011111111111111111111101011111111011101111011111110101111111101110110111111110111111010111111
11011111111111111110111111111010011101111111101111100111111110111111111111101011011111111111110111111111011
10111111110001101011111111111111111111101110111110011111111011110111111111111111100111111111111111011101110
11101111101011111111111111111111101101110001011011111110111111101111111111111110100111111111011111110101010
11110111111110011111110111111111101111111101111111000110111110111101111111011111111001100011111011110111011
11011110111011110101111101011011111111011111100111101110111011111110000111101111111001011111111111111110111
11111111111111101110110111101110111101111010111111111111001110110011110110111111111110111011111110111111111
11110110111111111100101011111101101111111011110111111110010111110100101111111111111101011111011111111111110
11111111111111011111101110011110111111101110111111111111111011101111110010111101111011101011111111111011111
11111011111101111111111111111111111110001110111100100111011111111111111111110111111011110001011110111111101
11111111111101111111111111111111100111011101101011101101110111111111111111111111111010100001111011111111111
10011111101101101111111111111011001111101111101011110111111111111111111111110111111111110001111101111011111
10111111111011101111111011111110101111111101101111101111110011111011001111011110111111111110111111110111111
01100111111101111111111111111111111011011011111110101100111111111101111111111111110111010111010111111111111
11110111111011111111111110111110111111111111111111111111111111111110111011110111111111111111100111111111111
11111111011111111011011111011111111111101111111111011111111111111110110111011011011111111111000111100011111
11100111111100101111111101101110001111111100101111110111110111111111111111110111111011111011111010011011111
11111111111110100110111110110111110111111111101111111111111111011110011111110111111111111101111101110111111
11111111111101101111111101111111011100101110110111110111111111101111111111101111111110110111111010101101111
11110101111111111111111011011111001011111111111111011001111111111111111011011110101111111111111011011111111
11001101111111011111101111101101111101111110110101111111011110111111011100001011111111111111110110101111011
11111111010011111101111111111111011111101111111111001101111011111011011111110100110011111110110101110111110
00111111111110111111111110110011011001111101010101111111110101111101011010100111111111101101110011111011100
10111101111101101011111111111111011111111111111110111111111101111111011011111111100111111111111110111101111
11111111111110101111111101011111110111011111101111110111111111100111101111111111111101111111111111111110111
10101111110111111111111111011011111001111101111101111011101110111111111101111111010011111111111111101111010
11101111101111111111101111010101001111011110101111111011000111101111111101111111111111110111111111111011100
10011010111101111101111111111111111111111111111110111111111111100100110111101111100111011111111111110011000
