00101011000011010100110010100111101011101110100111
00001101110000101010110000110100110011011011111010
10010110110010010010010001000111111000101110111011
00101001010111010001001010011100000100001000110010
11010011100001110111100111111010011000111000001111
01100010100111100010100100010010000001011100001011
10101100000001001010010100011111101110110011010100
11011000010111101001110000001111001000111010111100
01101100011100000001010111011101010111101001101011
01110001101000110111101001000010001111111010001101
00000000110100001111000011101000101001000110000101
00010101101000111100101010010001000011011100100101
10110101000000000011100110000100001001111000100001
10011111000000101100010011110111010000111001000011
01001101010101001110010011110001100101011011110001
10111000010100000000011100001001111011011100011101
01000011001101100001011100100100011110000101000101
10001000011101100000001011000010001010100111100011
01101110011010100000110111100110110111100011001000
00011001111010001000011001001100010011101111010101
11001101010110000010011100010111001011001011100100
11100011100001111011100010000100111111001100101000
00010000010100011101100101111001010100101111010001
00001110100010011010101001001110001100010001100011
10011000101111100110010000111100000111110101100010
00101000111001100111001100101010011000011001100101
11001000001001101010001011011101101000101111010010
01011110100101100000101010101100010111001110010010
00011011101000010001001111110100111011100111010000
11110011100011001011110110111011101101101001101101
10101111010001000110100101000100000101010000110111
10100011100101110000101000100100101101011100100111
11100010001000110010010000101101010101111101010010
01101000100001011011011001011000101010011111010010
10101011011010011100110101101101010110110000110111
00010010110000101010011110010111101001101110011110
11000010110100011111110010011000011001001101001011
11000100111110110011110010011111100110011000010101
10101011110011000111001010101100101100010101001010
01001111010111110000000111000011111001100110000101
11111101110111110001111001110101110111000001100000
10100100001100011101011010111001110110110010101110
11100011011000100111101000111000010100010101011111
01000010100001101111101111101100110010101010011110
11110001100110100100110111000111001000001100000000
01110011000000110001001000111010111101000011000001
01101101110000010010010000000100000110100111000011
10001011011100011001100001000111001101010111000010
11111100100001000100000110110011111110100111001101
10101100111111111101001101000111001011010010011010
