0010111000001010101111011011101001111010111110011101010010111101000110000111011101001001110110110110111010001010010101111110110011111110011101010001001010111111010010011101111000
0011101101110100010101001001111110101110111111101010010101111111110110001101111111111111111101101101001110001110100100011110101111001000101101100111011010011101011110111111000010
1101110010001101011110000101010011110000001111100111000110010011111110111110110111010011100110111001001111011101010110011111000111110000011000000111101111000000110001111111110001
0110110111111100011110010101101100010111101111010011011110110101100011111010111101001001100011111111110100011000010111100111111011110110111110111011001011111110100011110010110101
1111011111111100111011010000101101000101101111100111110110010001110110011010010111010011011111101111011100100100110100110111001010101111101111111111110010010101111101111111011111
1011101010011001000011111111101011011111111101101111100110000010000111100011010100101010011101011111111010010011011110011010011111001101001110101011110011011100011100101111001111
1100110111101001110110010001000111101000110110011100011101011010101100101001111001001100110011011101010110011101111111111101111111001101111001101101111000011111001111101111111110
0101101010010111110100111111111111101001010101000100010101111111111110001001101111111111001110111000010111101111000011101111011010011010011111011001010101011001110110101010111011
0011111100110110111110111101110111110101111101101100111100001100111110111110011100110011111011100111011111011000110101011010101111111100010001111110111110000110010011111111110110
0101101000001101001010101011101111010111111111100101101101011011110001100101011100111101001101111110110110010001110101100111000110100011011111011011011111110101010111100111110000
0101101010011111110111111000110010101010111111011100101101111110111111000011011001111011101011111110010100011101111111111110010010110011110110110110101101101011110111101011011010
0101110110101011000001011111111111000101111111111010010011101110010101110110011111111110100111100000111010010000111011100101001101001101000111110111111001110010110111100001111111
1011111001110110111111110111111010111010011111110011010111001101111111110110011001010011001110111101110101110000000001101010110010011111101001101110001111001011110010001111000101
0111100111101011100110101000000010111111111011110000101011001100110010110010111111111100111001000110110111110011011011110011011011111100111100000010111110101111010100110011000001
1000000110111100010110111101100111111111101110011101111111111111101111111100101100011101001100111111111010001111001100001110101110101001010100111101100111101111000110110111011000
0010011101110100100011100001001111010010011111001111111101111001111011111101110001000011111101110000100111001101101101111110000010000110001011111111111110001111111111111000000101
1000101110101101001101110101010010111010111101101111000000111101101011111101110100111100101111101101110111001010000101000100000111011101001101111001010011000100100110100010000011
0111101110101010000011000111110101111011101111001110111010010110011100111000111110100111011001111001011110110010011111011011100111101101001000011101000010011110101111010111100001
1011100011001000100011100111111101111110011011000011111101111110001110001111111010101111111010011011010011101111111000001111111111111010011100010000111001011110010001010001010011
1111001110101110100011111010110100101011011110101101110100110011001011011011010111010001011101110110100001110101100010110100101000011111011100100011100111100101111101100111001011
1011111011101111011101110010001011011001011011100111011111011101100001111011011010011011010111001010111100101001000111101001111001110010101011010111101111111101111101111111100100
1100110000111001111110111100111011001110101111110001110011111011010011110011111010110011101010010010001110011011011001100111100011101011111111111110100111111001100110011111110110
0000010111101111101111001011010101100100011101110011110111110111111111011111101111111000101111010010010101110100101011100011100111011101110100111001110111000000100111011110111111
1001111110111010100111000101011100111011011011100010110111011001111100001111001110000110111000101001000100101100111011111111010110011110101001110001110010001110011111001001010111
1100010111110110000101100100100110111110101111111001100000000001010111101111101010011001110011011010100110101011000011100011111010111111111010111101101111101110011111110000001100
0011010110011010111001011001110010001111100101101111111011110101111011110011110110010100101101111110111111110110100101011001100111101001111011001000101111111101001001010111000010
1000010101011000011110100000110001110011110000110110110111110011011110100110101101111011111011100101110101101101011001100111110001110001111010010101111011110110100011101101101110
1111011111011011111000110100000111111111101111110111100101011011100001011100000100010111101101100000001110101011101101001011110101110110101011101010010110101110010010011110111110
1101110111111010011101001110011111101000011111100100111111111101011100000010001101111001111101110111011010111001111011011101010110101110101100000001011010111010011011101101100110
0110000110111000111101110110101010111011101110110011111101111011000011011101111001101110110011011101101111111011010110110110111111011110010111100101011111100110010001101111101111
1101110101011001001011010000110111010001100111101000100101100101111110011100010110010111100001111111100100111110000100001100101001111100110111001010011010010101110011110111100100
0101101111010011011100111001101011111101110100111101111110001111111110100010011100010110011101111111011101011001011111110001101111100010111101110001011111010110001001111111011000
0110011111111111100011001101111101110111001010111001101110111011101110000101110111110011110011111100111111101111111010010001101111110010001000010100010010010110000100111101111010
1010111111010011011011100011101110001100001111000000110111011111011101110001100101110010110110011101001011000100011110101110001111011111001110000111010110111011011010111111101110
1110001110101110111100111011110110001011111000010001011110011110101100111111011101110100001101011000010000111101111011001101001101111111101100111111101110110101011111110011011101
1011010011001111111010011011011110000110100001000110110100111111111100101011110101001011111011111100110110010011101100011000101011111111110111110100110011011101111111111010111011
1100011100101110111111011101110101100101100000011111111111111110110010101111000111101011110000111110001110101110111110010111011001011010000111111001001111010111101111111110111111
0101110011010110001001101101000111011011111110010001011110111001110111101111101111111111111110111001110001011110110100000111001101111011111101110111011111101000011111101011111110
1101010001101111111101011111010010110100100110011111100001110010010110110011011011110111011000111010001010111001001100010100111111101100100110111010010111111001111001101101001001
0001110111010110010110010111011110101100111010111011100011100110110000001011011101011100000010111111010101001110111011111110001100111110011001010100111011100100001010111001101100
1101111011110110110001001111011100111111010110010001000001011011010001011111111101111111100100110001110001001011110110011111110010101101101000010100101111111101011111011111111010
1100011111111101101110110010100100100101101110001100110110100101111101011111110111010011010110111111110100111110111000001101110010101111000100011010010111011111101011011011111000
1111110011111111111111111001110011100101010111101111111111110001001101010001101101001100111111111101010111110001100101000101001011101011101110011111111011100100110111110111010110
1111111111111011110101101101111101000110111011100111110010110111101111111110110111101001111111110111110111111001101011110110000110101100110110010011000101011001111110101110001101
1111101001111111011111011001111011000111111101110101111101111100101101011100111010111010100111101011011011111111111011001011011110110011110110001010111010110110111100001101011101
0111110111111101111011111101101001010000001110101100100111110101110111011011111110011011101101101110101111110110001010101100010001011001001101111011100110111110100001110111111110
0110110011011100100111111111111110000001001111010101111111010011101011110101110011101111101101110011001101111110010011011010101110001110101100101111011000011101000001111111110001
1001001000111110000001101011010110101111100010100011100100111110001111000110000110010100110110100000101011000110111101110101000011100101111111110001011110011110101111011011101011
1100011010110011110100001100001110001011011001000011101101111111011001101011001111111011100111101010110001000011110000010101111101110110111111110100110110001101110101011111111110
1010111111100011110110000111100100011010011111100011110001011111111111101110111110011101000101000100000110101100001000010110111101011111001111111001011011001010111000011001111001
0111110000011001111010110111010000011011001100011101111111110011111111100101101011001111010110011111101110101011111001111010100100111110011111010101100111000010110110010111110100
1011110001001011101111101101010110101111101110111110101110001111111100110101101111101010101111000111011110100101010110110000111110110110110110111010111100100111000110110011110111
0000110011100111011101111111111111011011011111111111011011110110111101110011011110010111111110010110111111001101011101011111111011010110110100110011111110100010101111011101111110
1101101110011011011111110110110101111100011110100110101111101110100101100011000110001101001011111011111100010010010001011101110100001010001100100110010001101011101001110111010011
0001001011100111011010000100110110101100001010101011110101000100100001001110110100101000011011110001011101011001111010110111000010110001101101101101110011011010011011101100111000
0111111111101011001110110011111111111100011011111011011011011101111110111010111101111001100110011100001100111111001111101110110011000010010111101110110111111011111111110110111011
1011110000011110010011110110100111101101011101100011110100101111100110101000011001110011100111011110111011100111100101010111001001011000101110100110110111010111101110011111111001
0100001101111111001011110111111001001011101011101110111100111111101101111101111110101111111010010100010101011011011111101111100110100111000011011110101010111110111111110001101111
1101000100110011101101100110111010011111011111011010110011001011011101100111111101101011010101011000111110111000110110111100110110010111011100110010010011111110111010110010101111
1111101101100011111111110111110011111110101111111110100101000100111011011100110110111110101110011111100100010111111101101110011111111010010110011111111111111011101110010111110111
1100001111111111101011010001110111111100100010011101010111100100110111110101011100011010011111101101000000110100110100100011111101101000001100100111011111100101000010111001111111
1101000110111110111010100100101101111001010111011101111111011011100101111110111110111101110001010011011111111111011111010101111011101010101101011100000101011100001111011001111111
0110011101110010011101100011010111111011100100111111110011100101110111111001011101101111101111110110110001100001100100111111110001100100111101101001010011111011010111111111111100
1111100101001011100111111111111111010100111101101111000111100110111101110111001111010100100101001000001010001110111011000101111101101101110001011011111111011101000001001101101110
0111101111101111100010110101001110111101010111100111111111011111011111101110111110100101111011001011101111110111111010100110011101001110000101011011111000001110101111100100111111
0110100111111101010001111110101101011111110001001111100100111011101110110111111010110111001000000101011101010001011010001001011010111111011110110010110110100111101111111111111111
0010001110101011111100110110101111110000011110111111100101110001110010011110001100001011001100101001111100000101110011110111010000111011110110010111111111111110101100110001010101
1110111110111010011000111010101111110110011111010111110111101111110011101111111110111101010111010010101110110110111100100111010111111010110111111010101111100101110000110110101101
1111110110101111101101101110011110001110000101110110000110011010111101111001011111100101101111101011011001010011011111111111010110101010011111110001101110011111011111001110011111
0001010001111011100111101101010001000100111111111110111001111111100110111111110111111011011111011010011101011001110001011110111001101011110111001110110111111111100010111101100011
0011011011011111110011001110000101111110000100101111110111101111110111011111111010110111101011011010111010101101110110101001100111111110011010011100101101111110110110111111111100
0011100010011111110111100101011001100010111111100001100101011111011011100110110000011001110011110111011001001110000101101100011011110001011111011011011110001001110111100101011110
0111101110000011111110111001011000111101110111001100001111010110101111100111111001111111111111101110001111100101101011101111111011100000001011111110111011111110111110100111101011
1110000011011011101000111011011010101100110110110111001001111101111101111011010111110010110010111110100011110101110101111111110011011110100110111101110101111111001110111101110011
1011110010111100001111111110100100111111110101011100111100100101111101111100011111101010011000000111100111100110111010111100111110000011111110011001011111111111110010001111111111
1100011101100001101111111100010011111111111001101011110001101011010111101100011101010000000110111000101000100111101111001101010101100001100000011111110100110100010101101011011111
0111001100000111111001101110010011010100111111100111001101110100110101111000010011110001101000110011101010111101101101010110111100011101010110111111111011011001001000111111110011
1111111011111101111111000100011110110011110111100100101111111110110111111111100101110110101111010110011011000111011111100111001100110111111001011010110011110011111001111111110011
1101001111111110011011111010110100100111101011001111100111101111111110101011000110000111100101010010111111110101011111100101011111001000101000101111111011100011101110011101110100
1111110111010110110100110111101111111101111101011101111101111111101111000111011011111111111110001110111010001101010111101111001110101000111111001101111110111011111111110101011001
0110100100010100011111111100001010001110010111111111110001010101110111100110101101110001111111100101110110010111011101111111101010101110011011100011011101101010011001010111110111
1111101100111101000100100010110011111111111100101011000110100011000011001111110110010111011111100110101111110110001101111000101101011110101110001111111110000111010000101011010110
0100010111110100111001100010110011101110100110101001001111110110110111101110110110000010110111001010111111101110011111011111110011011110100101100010000101111100100000010111100100
0110100111111110100111101111101111100111110011011100100110011101010101111101110111001110011010111001111101010000010001100111011000110101111010110110001011001101010110111111010111
1101011101110110101010101010110000011101101111101111011101111110001101011010000100010110111110011011101101110101101011101111110010001101101000111011100111101110101011101000101010
0100001101010110111000010101011100100111101000110110110001010111110110101000011101011000101111101111111111111111001111110101100011101010101011100111010111011010011111001110110011
0110110110111001011011010011011111011110110011101011100011111010011001101110011101111001111111001011111101111100101110000011011011110011100000111000011011101001101111110111111011
1111100111101011011111001011101010011110110101101110110111100110111111111000101111000010111001110001110011111101011010001110111000010111111111100001110001111000001111101111110100
1111001010110101101001111111111011011100101111111001100111010111100010111100111110101111000101001111100010111010001101011101111011111111100111011011101111110111110111010100110110
1100111010000101011110011010110111011110011100010010101001101100100101011110000111111011000011111010001001100001111001110101111010100101100111001101110101111011010011101011011001
0100110111101111111101110111100100110110001101100001111001011010111011101010110111011111000101110011100011111011101101110000010110110000101011111110111100110010111101100101111010
1110110101011011100110100101100101100100111111111111100110111011001111001001011111101110101010000111100100111101111010001111111000111000110010101010111111111101101101010100110111
1011101110111000101011101010010011010101011110011011111111011010100111111101010111111110010101011101111101001000001010101000110111011111111100110100010110000010100111011111010111
0101111011110101110110101111111110110000001111101101011010101111100111111000011011100111111010111111001010111101111101110111011111010101110000111000010010111101100101101110010111
1111100111111011110100010111101110011111111111111000011000001010001010011101100011010101011001011001010011101110011111001110111110101100101100010101111011101111011010101010111111
1011011101101011011101101100111111111111111100100010111111110110000101110101111000011001011011100101010010001111111100001100101111111101111111111111000100000101011111010110111100
0111111101101010111010011100011111111111011011001010010110111001101011101101000100111110110011100111111101101111100111001111001101101101110101101010111111110101111101111111101101
1101111011101110100100000110111111011001011101000111100111011010010000011110010111000100100111011011100111100100111011000110011001010110101011011010010101011011001100110110110011
1001110011100110001111101100101100001011010111101011110010010110100111111110111101101110111101001101001111011101101111000001101000110101111111101111111110110011001110111010111011
0111111010001010111000010010111101000101111110100011011000011100111010010010100010011111101111111110111001000011011011010001111111111110001001100011001100101001110100011101000111
1001010001011111100110001110011010010100110101011010110010110010101100100111101111111111101110001101011010111011110000111110000010110111111011110001110111100111101110111000010111
1001111111111110111010100110100110110101111110001001111011100110011011110000011110110111000010111001100101110111100010101100111001011110101111101111000010100111101110011010110010
1110110010010010010011000101110111001010000011110011111110100101111111111001111101111110010011001011100101011111101010011001011111000101111101111001110011101001100110100111101100
0111101111101101110011111111011110011001011101100111111101110100111101001010001011111110000110001110011011110010101100010111111101011111100100001010011111100100001110000111110111
1110011111010111111001001101110011011010001111010111100010100101100100101110111111100101101001110110100100111111110100110000010011001110100001111100111111110010101111110001111110
0010000110001101101100100110010111000101101111111000101011000110110011011110011001111111011010101111011100101111101011100101011100100111111111110101011111110001011101011011100011
0000100100001100011110111111111010101010011111100111000110101110100100101111101001101111111101101100110111011011011111011100101101101011111011111111111101110011101110100101110101
0011011011111100010101100100111100110110011111100000011101111100110111000100101011011111101101000010111110100110111011110011111101101100101110111000111100110101110110110111001011
1111001110100011101011011011111110101111110110100110101101100101000001110000100100100111101111111010101011100101110011111110110101101011000111110101010011110101110001001011001100
0110101100100011001100110110001011101101010011110101100110011101101100111111111111101111000101111110011011011011011011111110110011100000101000101111011001111111010011011101111000
1100010100000110111001001101011010011101110011111010010111010101100110010011010011100100101000111001111111110101111101101110111110001111111111111101101111110001111000101110111111
0010011101100111001111001011110110110010101110001011101111010110111011101101111110001101011101011011111011101110110111111001001100010011001100001101111011100011111111111111111101
0100101011110001001100110101100010111101111110011010001010111011101101101111100000001010011101011110111111011011010101111001101110111010001111111001110111000010010111101011111101
1011111011110100011001010010110111101101110010111011111001111101111111100110011110110001010101110101100010111111100010111111111010111010001010111111010011011010011101011101101001
0000011000110111011001110011100111111011010111010110101101010101110110001011111011101111111111110111001101110110000010111101111101111000001011001010111110010001111111110001100100
1111111011100011110010000101011101011110101000010001100111111110000110110101111111100110101001111010000110100011100011010101011110100101101101000101111111100110101101010010001001
0011011100110100010110111000110111101001100111100001001101100101111010101011011100101111000110101111011001111101011101111010010111011110110011010001111100011101100101110011101001
1001001111111101110011111111100100100001001110110010110111010101001011011101111111111100111001101111000001111111100110001001110100101111010111101111001010011010111011101101111011
1001101101111101000111111010010101000001000101010011001101111010101110111110011111011100011011000000110011011111111010000011011011010100111111110011101110111111101000001111001111
1110111010100101010100010100110110011011100100111111111010100110001011000110100011100100111001000001101110111101111110000111101101001010111101001110100101111110010100011111100010
1110011110101011011010010101101001110001110011100010110101110010010011111111000111101001100110111000111000101111111011000110011111000111110111101101111101111110010101111011010111
1111101101110011101101010010111001101111111101011100111111110111101111011111111110111101110101111100110101101110011100011011101111111110011110001010001010110001010011010101011110
1111110111101111011001111011010001001101100110100110101111011010101111001100110110111011000101101100100100011110010010111101101111011111011011111000100101000111000010010110001001
0011101101010100011011111111100110101100111010011000111011001111011110101101011110111110110101001011001101010001111101110110101111110001011010111001100010000101101010111000011111
1101001010001010011111101111011110010010110000101111110101101111000001101110100011101101110110110011010100111110111001010111001000100001001111101111011101110111110001111001011011
1001011100101100001010011011110000001010110011001101110100111111111111011111101000111011111111100101011111011110011111101000001001110111101111101100011111100010101101001010001100
0101111110010110001110001000011111111111001010101101100010011101110001011010111111010011110101111111011101110011111100111111110100111101011010110010111100110010111110100011110011
0110011011010010111000110101110111100111000110101111010001111001100110100011111101000000001011111001001101111011101111011111001011101100110011101110111111000010110100100110110111
1111111111101111111001111100110111010010111110110001101101110100010110111110001110101110111011110001101010000110110110101111000100011001110011111110101110110000101111001011111101
1111011010010100111011100111011111111110001001011100100110011111100101111101001001100110100011011101011110111100001010111111010100111101110110011011111110101001111111111010110101
1011100011100110011011001111101110110111111110011011001001011111011111111001010110010110111100111011100001111100111101000101111101010011111110101101001011110111101111111100110110
1011000110101100101110111011011011111101000011001111101010110000011100110100110001110011101111010111110100000001111010100111011011101010110110111011000000110001010110010111010010
1100111110011110111101111100111001111111111101100110010010011101111111100100101111101100100110111001010110111010111011010110001111010111111100111011000000001110110011011001011111
1001111010011101110100111001111001110011110100111111100001100011110000100100110011111001110011111111111111010010000111101110011101001000110110110100110110101001101100111011011011
1001100101101001001111011001110111111101011010101111110101110100111111100110010011100111100010000101110111101011110011011110010000111001111001110011001010000111111011111110110100
0000111001111010110101101110000001110100111011010100001001100001011001010011110000011011110011011010101101101011000101001011111011101010011011111101110000010000011011101110011110
0101101000101100000011111111101100110110101110111001101010000111001101000111011101111111111111111110111111110110000110111000010111111110010000011111111000110011101101111101101110
1011001111100110001101101110011100010101000110011011100100110011011111110010110110010001000111011010101001100010000011111111001111111111101011011011011011000111111110100101101101
1111111101001101111111011111100111100101101001111110011010101110010010111010011111011101001010110111111001110111111100110111111000101011010111111111100101101110101101100000101011
1101110101110110101101100000111101111110011111111111111110111110111111010110100101100001110010111010011101011011100101111100110001111100001011000001101111111101100010111111101110
0001110101110001000011001111011001011010001110011111000111010000011111111110100111010101111100010110110001111010111011101111111111110101011101101111010101101001011110011100111111
1100101111011001100011010101011100011101000001011110001101000111100111011000010110100101111000011111111011101010101111111010110110000011011110001100111111101111111001111011111100
0101111010111011100101111001010100111110000001111101111110101010010110001100101010111111001111011011111011111110110001101011111110111111001010010101111010101001110101001001111001
1001100111110011111011111010000110111111111101011111100001110101111110111111110000011010101011110100101011111010110010100011001011011111111000101010011110111110001001111100001110
0001111111001011110001101101001000101010011011100101001101010111100101111111111101001010111101011110011110110111111001011111110111111001111011010101001111011000100111100010101001
0110101010111011010011001010010011110101101000101010011111011100001001101101101101010100011010110010010011101111010101011000110110100101101011101010101111100111110011011110011111
0111110011111101000111000001001001100110011111100001110111111001111101011001111011111100101100011111010100100100011001110100101111011010111010010101100111011111101101101011110100
1111111101010011110110111010110101101100001101110110101000011011101010010111101111001101110000110011111001101111110111101001100001111011111110101010111011110101111100110000111111
0010111010110111001111111110000000110001101011001011101111010001111111101101111101001001111100101010101010110011101110111011001111000101101101100111001110110000101000000011111110
0100111111010101101000110011111111010111011010111101111110111011111001011111111111000111011111101110101111111101111110001000111101000101110011110001000011110011011101011011001110
1111001011111101001010001110111100101101101010110101100001011001101110111010101111010010101100101011000111110111001111101100111111100010110101111101100101101000100110001110101110
0010000111101111000111101101010101101110110101011011100110011101011111110111000111101100111110011111100111110010101110111010111111000100001111011110101010100010111010101110010010
1111110011001111110111111111111111111111111011011110101111111011011111011010111101011110100111101010111111001011111101100101010111100110010101111111110101011001111011010110110001
0011010101111010101111101110010100011111111100000110011110111111001101101110111010111111110100101100101111101111110100011010110100100000011111001111011010111011110100111111101001
1001000001110110000111001111110001100111101011000001110101111010011101101111011110101011111101101011111111111111000100111100111011110100101111110101111101000110100101010100111111
1101111101010000011011000110101111111010110111110000001111110111001011101111110100100101111101001110000011111110011011111100101010110001100100011011110011001111010110000011110000
1101011100101111011011011101100001010110110101111100011101110111101011111110100110111111010101100101001000000100010011111000000001001100001111111010001011010110110101100010001001
1101111011000111111110011111011110111001111011111001000011101101111111101111000001111000100101111000110100011100000110111011100000101010011101010111000000111001111111110011011100
1001001010111111011000011011110111001000010011010111111111110010111011101110011111001100111010100110110010100101110101111010111100101010111001010110010101111000011011110110100011
1100101101101111000111000100001001111010110100101001010110011011010111010110111101010010110101111111111001111111001010100111100001110110110111100111010011010100110111111111001111
0011100100111001110111100010001000011010011111011110110111110000111101111010011100101010101111001001111010111011001111100001111111101110111101101111101111101101011100101110111001
1110110111111101001110011001111001110110101110001110001101100010000110111011010111010100111000111001000001011111111001011100101101011011010011100101010111011111100010011011111111
0100111000000001010110011100100101111111110110010100111111110100111010001100111110001111001100111110110111100011011101100001011011100111111011010011110110000110100100101111101110
0100111101110111110111111000000010111100101110011011100111010110111010111101001100010111101111011111111111110001111110011000011111110100111010101011011001111101101001110011111010
1101001111111011110001111011101001111101111100010011101111111110110011111110001100011111110010110010111110110101101001000111001011111011010110001100001110010111010000110111010010
0011101011110001011110111110111100111110111001111000111101000111110010010001010110001111111111011000000011001101111111001100110011101011101001111110010010101111000100100111111111
0111111111110111100110001010111111111111001101100001011101101010111101111101110101011011011001101110101010110011101011001001101101100111111101011011000101001111101111010111110110
1111100010000111011011101101001111111001111001111111110111111110011101100100111110110010100110011111110011010101011110011111100001111110100111010101010011100111010110101011011110
1110111110101001000011110011110111011111110110111100101010001111010011100111111001011101010011101011110001001111110001111001110011101111100111110110011101000001111000010011001011
1110111011001010010111100111111111001010101111101010111110010011110111111110111110110111101111011101001100110111010001110110000100110011110110010100001111100011101011100001010011
0111111111101110110111100101011101111100111101111011010110110010010110101011110011110111010011111110011101011011100110111010011111010111000101001110111111011111111111111001101000
1110111011111110011111010110111111100111111011111111110011011111011001111111111111110011011010001001001111111101111011111100101010011100110101100010110001010101011111111110111101
1011001111010000010011100011111011011101110001111111101111111111110101101110111010101111101100111110011111100111111011010000001111100010111111101011101011110010111101100011001100
1011101111110010001001110001000110111100111011101111111110011110111010110111111111010111111111110110110110100111100001001101101111111111000011100111100110110100110111110101000110
1000111100110010000100101011010111111111110111011100101111101111110110111011000100001010011000111010001010011111110111100111110010001101111111111101111001101101111101011011100011
0001111010011001000011111011111001101101001111001011100001111111111110110011001011110001100111111001101110101011101000101101010111101011110111010111111000100101011001110001110011
0100111110110000101101110111110011011100101001011001110101111101110011011111110011011110101111100111110111010010000001111101101100111101101110010101111100100011011111111100011101
0011110100011101111100110000010000111010000110110101010111111100111111001111110110010110010111101111100101110011110111101011101111001100011010101101000011101011110001001101001110
