000111011101110110101100111110110101110111101011101111110100111111110011100111111111110111101111011011110001111110101111111
001111011111111111101101011011100011011111110011101101111111110011111110011011111110101010111111010110101111010110111101011
010110111101110111110011011011001111111111011111111101111001101110111101111111110111110001111111101100100110100100110000001
111001111011110110111110111011101111101100110111100011111111111111010001111111101101111111110110111011100111111111111110110
111001111111111001011010101010111011011100111101011000111011001110111110011111101010111111111101110110111110110110011111111
110110111111011111111011010011000111111011111111101101111111101110101111101111111100001011111011100111101011010101101101101
001111011110111111110011110001110011011111101111011011111111111110000101101111111101111110101011100011101101101011110111111
111111101111011111111001100101111111010100111111110111111111111110101101110000011111101110110101111110110101011001011011111
111111110111000111010111011101111011111111111111111010010110111111110010100111011011010111101111111011111111010001111111010
111011111001111111110111001111101110110011111111111011000001111011111110010111111111101101011100011111100111111110111101101
010111111001111000100111101110111101011111110101010111011110010110101100100110111111110001111011110111110100001111011111011
111111011110110111111111110111100111111101111001111001011110110111011110101111010111111011110011111111111101111111111111011
111110100111011111101111111101000110101111011110000101010010111011010001111111111011101000100100111110101111111010111011001
111111110111101001011110101011110011011111011111111011111101111111100011111110111111011110111101011000011011110111110111101
010011110110110111110111011111011011001110001110111011101101110011011111000101111101000110011110101000110110111111111111110
111101111101101011110101110111110111101010101101010110101011101110111011101011111100110101010101110100010111010001111101110
111101111101101101111111011111111111001110101101011111111100111111000100111111101101111111111011011101111011110111111111111
011011111101111110011010111111011110111110110101111111111110101101111101111111100010110010011111110100111010111011110111101
111101110111101110011111111101111101100011111010110101111101111111011111111110111111111101011111100101010111111101010111110
001111111101011111101111101111111100111010111110101111101110110111101110111111011101111011110111011101111101111101110111011
110111010001110011110111011101010011111000101111111111011010101111101001011100011111011100110111110101111111111111000110010
110100001111111110111001011111011001101101111111111011001111110111111000110101111111111111111110011011001111001111101111111
001111101111111011111001111101110110101011011111111011011011011111111111010010011111011101111101010111111101110101101100011
011001111111101110111110011011011011011111011111001011111111100000111011111110111111111011111101000001101111111011111101111
100110110011110101110010010111111011011111100111010001011101101111111011101111110111100010100101111100111101010111111011101
111101101001101111101111101001001011111011111000110111101100110110111101111101111111101111011100000100111111000110100101101
111110001110111011111111010011101111010111101111111011111111111111101101110111110100111010010111111111101011111011011111111
100000011111101111111110100011011111100111011100010100011111111111001110011101111101101110111110111111110111101110011111101
111111000111011111010101101101111110111011111101111111110110111011111111110110111001011111110111111010101111111101001111111
011101111101111111111111111110111101011111111001111010010000111111101010111111010111111111011110111101111111111010101011110
110110111111010110110010101011011111110111111110001101110101111110110111111110110011011101111111111011011101111111011111101
100010111010011111111111100111100010111110011011101001111101110101011100101111110101110110001011111101111111011011100110111
001110011110001011110101111111100101111111101101010110111111111111101010111011001111110111110100100111111101111101101111111
101101010111100111110010001111101001011111111011111111111101101010110011111010110111110011111011111111111101101111100011101
011111111101111111001011111110110000111111101011111111111111100110110100110111111011100101101101101101010011111011110110110
111111111011011110101101111101101100110111011011110111111111111110111111011101011110110011111111011011111011111111000011011
101101001101100101111110010110111011011011011101101111111101100111011110111111001101111100111111111100111110111111111101111
111011111111010001011001111011111111100111111101111100011011001101011111111111111101101110110101000101011101111101111111110
011111101011111111011111110011011110100011111111101101111011110111011101111111110111110000010000111100111100111011110110110
111110111011111011000101101101111111010001111110110011111011111010011011011111101111011011101100101100000110111111011010111
111001101110111111110011111111111111111000111111111111110110110101111111011111101101111110110011010001111110111110010011001
111001101111110000100111111111101111111100111101001011110101110111111111111101110111101110111111100101011111011111000111101
110111111111000111111100111011101110011111010110100111111111011101011111110101011111010111100110001111111111110111111101110
011111011111110001110111010111110101111111101101110100101100111111111010011111010011101111111111111101111011100111111111111
101011111101111110111111011111111111111111010010011101110001100111111111111110111111011101101111100111111001001101111111100
001111111110111111011111101110101000111111110011111111101011011111101101111111011100110111111101111011011110101011111111111
111101111100111000111111101000110111001110101100110011111111110100110111101111110111110100110101111111011110011100111100111
111111111111010111001111101011011111111011010100011010110011101011111111110110111101010111111111010011011011110010110111111
111101011101011001111110011011010111111110110110010011111111110110111001000111111000001010111110101110101110011111111111011
001010111111011111101110111111001111010110011111101111010110111111111111111110001111110101011000111111111110101101111011000
111011101101011011011111001011110110111011001101010101011011111111111011001011111011110111110111011110011011111100110111101
111001010010100111111000010110101111111010111100011010011011101111111111001010111111110110101111101001111100111011111011111
100100111110011111011111011011001111100111100111110101011111110110110111111010111100011111111000111101111111111101101110111
111101110111111011111111111010110111101111101110111010010000101111110111111111011011111111101111111101101111110011111100111
111111110000011111110001011010111111101111111111100000001111101111110111111000101110111111111011010111101111111111101001011
111111111011110011101011101111111111111111101011111111001111111001011011110001101111000111111101111011101111101101101110111
011111110011011111111111111100011111111100110110101110110011100101101011011101110110100111111100101101000001110111101111011
110101111011011011110101111110111111100011110010110010110001111110111110101111110100110011011111101111111111111000111111001
010111111011100101011111001110001011011110100111111110111001011001100110111101101011101010011101011010111011011110110110111
011111110100011100100111101100111111111101101111101110111110111111101101111011110101100111111111110111011110011110111011011
111101111101111111111101111111111111101111011011111111111101011111111101001111110111111011011110111111000101101111000110101
110100111111111010110110011111111001001111110110111010010111101110110101110110110111011011011101111110110100011110110100011
101111111100110111101010101111101101010100110101011101110111110000111110111100011111001111011111111101011000111111111100011
101111111011010111111110111101111011111011111110111111101101110000011111110111100101100110111111100110101111101111110111111
111111111111111110111110111111101111101101011101111111100101110000010010111011010111111111101011111111011110111111011101111
110100001101111011111110101111011000111011111101011101111011100000111111010110101111111011111111101011110111011101111111111
111011011110010101011111111011101111000011011111111111101111111001001001110001101111111111100011111111111111111110011101111
111110001101101101100111110010110111111111111011111111110100111111001110101101110011110011111101101111101110011110001101010
011011010111001101111111111111011001111111111101111100011101101101110111110111011111100110110100111011111011111101110110111
011011110111001011110010011110110011111011101111010111100111111101011001100110111110110111111111111101110111111100101001011
110011001101011100110011100111101101110111111011011111111110001111011001111100101110111011101111111011111001111111110011100
101101110000111101101011111010100101011111101111111111111001110101101110111111111111101111111111011111111111101100111111111
101101111011110111110101111011111110111001101111010011110111011110111111010111010110000011011101111100100111111110110111110
011110010100110011111111011111101111111111111101010011111011011111101011101100101010110111111000011001111111111001011101001
011111100001110111111001110101111101111111011110011111101111101010010011010111111111011101111111100111001111010111010101101
101111101111111011111101111111110011111111111111110001001110111101011111111001010101111111111110111111111100110110110011111
111111101111110111110011101011111110111110011111111111000101110111001101101001111001011111101111001111111111101111111101100
111111101101101111010100111101011011111111110110101001011111100110111001101110111111011110101111101111100111111111110011110
111111100110111111100101111110110110011111001011101110111111110101110111011011011010111111111101001111010011011101111101110
111001111111111100111111111111110111011001111111101111001101111010011101101111101100111101110101111100011011111111011011010
110111111110111110111111010110001011110110101101111111110010001001101111011011110011101111110011011101100110110011011111111
111101110111011110111111111101011101111111101111010110111101111111101111101101010001111101110111110111111011101010111100111
111010011111110001101111110001101111001101111010011101111010111011111111111001101000110111111111011111111111111110111111100
101100111111111010111111110111111110111111111011011101010011111111111001001111001100111111111101110110111011000110111101110
111110110111100111110101111101011111111011010110011101101111100111111111010100111111011011111111111111111110111001001101011
101110101011010111111111001011111101101110101111011111100100110011110110011111110111100100111101100011111111111110111011110
010111110101110010111111011111100000110111011000100011100010111011100011001111111101100011111110111101010001110101111101111
100110111100011110101110010111111010110011111111011111111001001110101101011111111111010011011111101100011111111111111111010
110111111001011011010101111111011101010111110101101111111111111111111111110111101011101100001111110110110101111011111110100
101111001111000110110111010011101111000100111101011011111101111011110111111110111111101100111111101111110110101011110110111
111111111011110010011111100110101111110111111111101111111001000111111111011111111111111001011111101100011110011100111111011
011111010111011111111111011111101101111011010111111010111111111101011101111100111111111101101101000111111111011111111111111
111011101110011011100111010101110111100101011101110111111111111111010111111111100011111111110101110101111010111101100111111
111110011100111101111111111111101011110101111111101101011111111101011111101111110111111111111011100111111111101011110011010
111101101011001011111100001111110101100011111001101101100101101111100111001111001110101111100101011011111111011110011111101
111011111011010111111011101010110111110011011111001101110111011111110111101011111111110111111110111111111010111111111101100
001111111011101101101000101111111110101101011110110111011101111111111110101101010101111111101101001111011011111011011111011
110110011111110111011110101111110101101010010111011011110011111010101111110100011111101010001011001010101101111111111111001
101100011101111010010100101111110111101100110110111111011110111011111111110111111010101101100011110110100111011010111110111
011011010111100111111010111101011110111101111010111011101101111110110101101111111111101111111101101011111100110111101100111
110111111111100000000110001110101101000000101111111000110111110111111011001111100111110011010111111101111100111010011101100
100101101111000010111111001101111111010011111111010111111101101011111111011111101110111001011111100110110101110010111111010
111111111111101011011011111111011101101010111000110111110110010101111111110111001111110011011111011111001100111111011111111
100010011011011111111010110101111111111011111111011110000111011011101111010110110111111111111111100111001101111111111101110
010011101001110011011111111011111101111011111111111111110111001110111011011110010111110100111111110110110111111000111111000
011110111111101100111111110111111100111111100110110111110101110111110101111111001010110111110110011111111011110011010001111
011111001100111111101101011111010011100111110111111011110111000111111101111011111111110101111111101000001101011111111101111
110101111101110110111111111111111111010001111001001011111110100101101111111011110111011110010110111001011110111010111110101
101110100101111011111011001111101111111110110101011111111100101110101111110111011110111111001101110111111101001111001111101
110111011101111111111011101011111011111111100011101111101111011011111110111101111010111110111011111111111111001110111111010
100100110111101001111101001111111111111111001110111110110111111111111111110011110110110111111111111010111011110111111111100
111111000111011010111110110110101101110111111010111010111011111111111111101111110011011100111011010100110010111010011111001
110110100111111011001101111101110111101111110101100101101011111110110010101111011111010111010111111111110111111101111111111
000101111011011111111111101010111111111101111100110111111000101111001010011011111000101111011101110100110110101010001111111
111101101101111111010111110001011110111000111111111111111111011101001111100111100111011111111101011101011011011010011111111
011110111111111111110001101100100010111110111111111101000111011111101011111111111111011111110111111011111111011110101110110
110111011111101110000111101111101000110100111110110111111101001011110101010010111111111110110011111111111011111111110110110
110111101111011111111111011110111010111001111111101011011110111111111001111010101111101111111011111111111011111111111011011
100110111011111011111100101111111111011111011101111110011111100101001011100101011010010111111110111001101001111111111101110
110011111111111111110101111111101101110011111101111100101101000111110111111111111011111100111111110011111110111111100110010
100111110100011111100101111111111110111101111111001111010010100111101011101111101111011011011011001110110111101011111010011
110110111011001110111111001011011011111100110111100111111011011111111101100101111101111101111100101101110110010011111111101
111011110111110011010111111110111101100111010111101111111111111111101101011100001100101001111010111100100111100111100100110
