0101111111110001110111111111111110111111101111111111011111101111011111101111111110001111111011111111101111111111111111111111111111111111011111101011111111101111111
1001111111111111111111111101110101110111101111111111011101111111111111011011110111111111111111111111111111111111111111111111111000111111111101101111110111110111101
0001111111101111110111111111111011111111111110111111011101111110111111111110111111011101111110111011110111111111111011111111111111110111011110111111111011110111111
1110111101111111111111111111011101111111111101111111011111110111111111111110111111111111110101111011111110111111111101111111111011111110110110111111111111111101111
1111010111111101111111110111111011111110101011111111111111111111100111111111111111111110111011111011111110111111101111110111111111111111111111101111111111110111011
1111101111111110111111111111111111111111111111111111100111110111101111111111111111111111110111111111101111111111101111111111111111111111111111101111111111111111111
1111010111101111110111110111011111111111011111111111111111111101011111111101111011110111111111111111111111111111111111111111111111111111111110011101110110110110111
1111111011001111111111101111111111111110111111001111111110011111111111111111101111111111101111110011111111111111101010111111101111111111111111111011111111111101011
1110111101111110111011111111111111111111111111111011111011111011111110011101111101111111111111111110111111111111111111111111111111011111111111011010111111100111111
1111111110111111111111110111101111111111110111011111111111110110111111111111001111111111111111111111101111111111111101011111011111111111111011101111111011110111111
1111111011011111100111111011111111111111111111111011111111111111111111011111111110110111111110101001111111111101111111011111101011111100110111111101111111111011011
1101110011101111111111100011111111111111101111111111111111011101111111111101111111110111111111011111111011111101111110011111111001111101111111110111111111111111111
0111111111110110111111111111111111111111110111011111111111111111111111011111111110111111001110110111111111111111111111011110010111111111111110111111111011101011111
0111111111111011111111111011111111110111101110111111111111111111111111111111111011011111111011111111111011011111111111111011111011011111111111111011011111111011111
0111011111111101111101111111111111111111111011111111111111111111111111111111011011011111111110111111101111101111111000111110111111111111011101111110111111111101111
1111101101110110110011111010111101111011111111111111110111111111111111101111111111111111111111100111111111110101111111111111111111111011111111111111110111110111111
1111111111111111011111111111111111111111111111111101011111010101110110111111111111111111111111111111111111111111111111011101111111111111111111110111111111011111111
1111111111011111101011111111011011110111111011111111111111111111111111011111111111111111111111011011111111111111111111110111111111111111110010111010111111111111100
0101110111011110110111111111111110111111111111111110001111111111111110111111111111011101111101101111111111111111101101100111111111111111101110011111111101111111011
1111111101111110101011111011101111111111111111011111111111111111111111111111101111011001100111111111111111111110111111011011111111111111111101111111101111110111011
1111111111111101111100011010011111111011101111111001111111111111111101111111111011111111111001111111111111111111111111111111111111111111101111011111111111011111111
1111111111111111111100111111110111111100111011111001111111011011111101111111111101111111111011111111110101111011111111111111101111011111111110111101111111110101111
1111111111111111111101011111111111111011111101111111111101110111111111111111111111111111101111111111111111111111110111011111111111111100111111011011111111011111111
1111111011101111111111101011101111101101110111101111111110111101111111111111111011111111011011111111111111111011110011111111111110111011110110110110111111110011111
1111010110101111111111110111110011011111111110111111110101111111111011111111110111110111100111110111101111010011111111010011111111111011111111110111101111111111111
1111111111001010111001101000111111111011111111111101110110111111111111111110101110111001111111011111111111111111110111001111111111111110111111111111111111011111111
1011111111111111111111111001111111111101101111111111111111111111111101111110111011101111111111111111111111110111011111111111111111111111101110111111111111111111101
1111111111111110111101111010010101111111111111001110111011111111111111101110111111111111101111111111111111111001101111111111111101110111111111101101111011101111111
1110110111111111101101111110011111110111111111111111111110111111101111110111111111110101111110111111011111110111110111111110111011111111101111111111111111111101010
1111111110111111111011101111101111111111101111111111111111111111110111111111111100111011111111101111110111110011111111111110111111101111111111111111111101111111011
1011111111111111111110110110110111101111010111110111111111101111111111111111111111111101101101101111111111111111100111111111111011101001101111110111101111011011111
1101011111111111101111110111111001111101111111111111001111010111011110101111111111111111111111111111111111111111111111111011111011111111011111111111111110101111111
1010111111111110111111111110111001111111111111101111101111110111111111111001101111110101111110111111011011011011011101110111111111111111111101011100101101111111011
0111111111111111110111111111111110111111111111111111111111111111111101111101110111110110111111111111011111111101101101111101110111011111111111111111111110111101111
1111111111111111111111110111111111011111001111101101111111111110111011110111111111110100111111010011001111111110111110111111111111111111111011110111011111110111101
1111111111111111111111101111110111101111111111111111111111111111111111111111111111111110110111111011111111110011011111101111111111110111111111111110111111100111011
1011111111111011101111111111011111110111111111111111111111111111111111111101110111111111111111111101111111111011111101111111111111101111111111111111111111101111101
1111111111111110111101011011111111111011011111111111111111101011111010011111111111111111111111111111111111111111110111111111111001111111111111111111011111111111111
1111111111111111111110101101111011111101111111110101110111011111111011111111111111111101101111011111111111110111011111101111011111111111111111111101111111111111111
1111011011111111111110111111111111111110111111111011111110111110111011111011111111111111010111111111111111110111111011011110111111111101111101111111111111111111110
1111110111111111111111111111110111011011011111111111111111111111111101111111111111111111101100111111110010110111111110101111111111100011111111111111111111111111111
0011011111101011111101111101101111011111101111111111111110110111111111111111111111111111111111110111111111101110111111110111111010111111111111111111111111101111111
1111111110110111111111101111110111111111110111111010110111111101111111011111001101111111110111111111111111111111110111011101111111111011111001111101111001111111111
1111011111111101101110111111111111111111111011111011111011111111111111111101111111111111111111111111111101111111101111101101111101110111111111101110111110111110111
1110111111111111111111011111111111111111111101100111111111111111110110111111111011111111111111111111111011111101111111111011101111110111110010111111101110111110111
1101111111111011111111110111111111111111111110110111111111111111110111110111011111111111111111110100111101111111111101111111011011111111111011111111010111111111011
1111111010110111111011111110111111111111111111011111101111111111111111111111111011110111111111111101111111111011011111111111110111101001111111101111111111111111111
1111111011111111111111101110111101011111111101101101110111111111111111110101111111111101110110101110111111111111010101101011111111011111111111111011111111111111111
1111111111111111111111111111110111111101111100110111111111111101111101101101111111101111111111111101011111100111111111111111111101111101111001111111101010111110011
1111111101011111111100111111111111111110110011111011110110111111001111111101111111111111111110101011011111111010001011101111111111111111101111101111111111011111100
1111111111111111011100111011111111011101111111101101101111111101111111011111011111111001001111110100111111111101111101111110111111111111101010111111100111111111011
1111111111111111110111111110111111111111110111111110101100111111111111111111111110011111111111111111110111011111111111111111111111111111010111110111101111111111111
0000111111111111010111111111111011111111111111111111011111111111111110111111111111111101111111110111111111111101011110010111101111011011111111111111111111111111111
1111101111111111110111111111111001111111111111011100101110011011111111111110111011111111011101110111111011110111011111111101111101111100011111111101111111111101111
1111101111111110111111110011111111111101110111101011110111111110101111111011111111101111111111111111110111111111111111111110011111111111111111111111111111111110011
1111111101111111111111111110111111111111111011111111111011111011011111011110111011111111111111111111110101111111011110110101111111111111011111111111110111111011011
1001111111111111111111010111111111111111111111111110111101110111111111100001110111101111101111101101111101111111111111111100111111110101101111011111111011111110111
1111111011111111111111101011011111111110101111111010101110111111111110111111111111111111110111111011110110101101111110111111111111111101111111111110010111111111111
1111111011101111011110111111111011111101111111111111101111011101101101111111111100011110110010111111111101111111111111111111101101111111111110111111111011011111111
0111111111111111111111111111110111111011111111111111111111101111111011111111111111111111111111111110011111111110111111111111011011111111101111111111101011111111111
1110101110111111011111011111111001111111101111111111111101110111101101111101111110111111111101111111011111110111111110010101111111111111111111111111111111011111111
1111111101111111111110111111111111111011111111111111101011111011110111111110111111111010110001111111110100111110101111111101111110011101011111111111111111111111111
1111110111101111011111101111111111111111110111110101111111011101111111111110110100111111111111111110111111101111111111111111111111111011111110101111111111101011101
1101111110111111111111111111111111011110111111111111110111111110111101111111111111111111111110111111011111111110101111111010110110111111111111111111110111111111010
0111110111111111111111111111111011111111111111111011111011111111001011111011011011111110111111111111101111101101111111100111111111111111111111111111111111111111110
1111001111111111111111111111011111111111111111111011110111010111001111111111100111111111111111111111111111101011111111101110111111101111111111011101111110101111111
1111011111111111011111111111101111111111111100111111111111111011110111111111011111111111011111111010111111111111111111111110011111111111011111111111011111111111110
1111111111111111111111110111111111011000111111111111111111101111011011111110111111110111111111111110111111110110101111111110100111110111111111110011111111111101111
1111111111111111111100111101111110111111011111110111111111010110111101111111111111111111111111111110111111110111110111111011111111111110010101011110011111001101101
1111111101111111010111111111111011111011111101111111011110111111111110011111111111111111111111111011111111110101111101111101110111111111111111001101111111011111111
1011111101010111101111111111111111111011110111111101111011111111111110011111011011111111011101101110011011111111011111111101111011111111111111111111011111111111111
0111111111111110111111111110111011111111111111110111111101111111111111100111111001111111111111101111111111111111111111111111110111110111111111101111111111011111111
1111111111111111111111111111011111011111111110101111111101111111111111100111111111111111111111111111111111111111111111101010111111111111110110101011111111111111001
1011111111111111111111111111111101111110111111111111110101111111011111111011011111101111111110111111111011101110110111111101110111111111110111111101111111111111101
1111110101101111111111111111111100110111111011100011111101110111111111111101011011111110111110011110110111111111111111111110101111111101111101111111111111111110101
1100111111111111111111111000111111111111111111111111101011111001111011111110110100111111111101111101110111111101111111111111111111111011111101111101100111110110101
1111111110111101111111111111111111111111110110111101111111111111010111011001011111101111111111111101101111111111001111111111111111111011111111101011111101111111101
1111111010111111111011111011111101111111110111111111111111111111101111111111101110111111011101111101011101111110111011111110111011111101011111111111111111011111111
1011111111111111111111110111111110110111111111111111111101111101101111111110110111111111111011101011111111011111111111111110111110110110111111111110111111111011111
1111110111111001111101101101111111111111111101011111101011111111011111001101111001111110111101111111111111111101111011111111111111110111011111111011111111111111111
1111111101111111111110111111101111111111110111111111111111011101111111101110111001100110111111111111101111110111111111111111111111111111111111101111101111101011111
0111111111010111111111111011101111111111111111111110111111010101111111111110101110111101101111111111011101111001111111011101011101111011111101111111111111101101111
0101111111111001110011111111111111111111111111111110111111011111111111111111111111011111111111111111111111111111111111101111111111111111010111111110010111111101111
0111111111111111111111111101111111111111111111110111110101111111111111111011011101101111101111100101111111101011111111111111111011111101101111111111101011111111010
1111110111001111111111110111011100011111111111011111111111111111111011111111111101110111111110111111111011101101111111111111111101111010001111111100011111111111010
1111111111111111111011111011101111111111111111111101111111111011111111111111111111111011111111111110111111110101101111111111011111011111110111111111011111111111111
1101111111111111110011111011010101011101111111101101011111111111111111111111111110111101111110111111110011111111111111111111111111111111111111111110111111111111111
1111011111111111111111111111111110001111111111111111111111011011011111111101111001111110111011111111111110111110011111111111111111111111110111111111111111111111111
1111111111110111111111101111111111111110111111111101101111111111110111011111101111111111011111111111101111111111010111111111111111111111111111111111111111110111111
1111111011110111111011010110110111111101011111111101111101111111111111111111111110101111101111111111111111111111111111101111111111111011111101111111111011111111111
1110101111111111111011110111111111101110110111101111111110011011111111111111111111111111110110111111101111111111111101010101100111100011111111111110111111111101011
0111011111111011111100101111111111111111111111111111111111011011111111111111110111111110111011111111010011111111111111111111011111111111111111111111111111111111101
1110111111111111110101111111110111111111011111111111101111110011111111011110101011111111111101111011111111111111111111011101111111111111110110111011111111111001111
1101111111010101111111111111011101111111011111101011111111011110111111111001111111110101110110111111101111011111111111101111111111111111111111111101111111111111111
1111111111101111101111111011111111011101111111111111111111111111111111111101111111111111111111011111011101101100111111111111111011111111100100101111111011101111110
1111111111011110110111111111100111111111111111101011111101111111111111001111110111101111111111101111111110101110111111111011111011111111111111101111111111011110111
1111111011110110111111110111111111011111101110111101001111111111111111111111111111101111111111110111101111111111111111111111111111111111111011011111111111111111111
1100011011011111101111111111111111001111111111111011111110111111110110111111110111111111111101111011111110110100110111011011001111111111110111101011101111011111011
1111111111011111111111111111111111110111111110010101111101111111111111111110001111101111111111111101111101111111101111111101101110111111101101111111110111111110111
1111111101111111111111111111111111111111111110101101111111101101110001011101111111111011111111111110111110111111011111100111111101111110111011111111111111111111111
1111111111111111111111111111011100011111111111110011111111100110111111011111101110111111111011011111011111111111011111111111111011111111011111111110111111111111101
0111101110111101111111110111111111011111111111111111111111111111011111111111011101111111010110110111101110111100101111111111111111110111011101110011111111111000111
1101111111111111111110111111101111111111011111111110110010111011111111111100111111111101111011111111110111111111111111110111110110110011111011011101110110101001111
1111111111101011111111111111111101111111011101111111101111111111111111011011111111110101111011111111111011110111111111001111111111101111111111111110111111111101111
1111111111111111111110111111111111111111111010111111111001011011111111111111101110111111111111011101111101111110111111011110111111011110110111011111111111111111111
1110011111111111111111111111111111111111011111111111111110111011111111111111111111111110111111101010101110111110111111101111111110001111101110111011111111111111111
1111111111111011111111110111111101111111111111111110111111111111111111111111110111111111111110111111111111011111111111111011101111111011111111111111101111111111111
1111111111111101111111111111111111111111101111110111111110111101001111111011111111100111111111001111111111100110111111111011111011111111100111111010111111111111111
1111111111111110111111110101001111101100011111110111101111110111111000111111111101111011111111111011111011100111110111101111110110101111111111111110111111111111111
1111111111111111111110100110101101100111111111011011111111111111101111111111111110101111111111111111111111111011110111111111100110011111101101111111111111101111111
1111111111001110111111111110111110111111111101111101011110111111011110111110111010110011111111011011101111111101110111111111111111110111111110111101110111111001110
1111111111111111111011111111111111011111101111111011111111101010111011111011101111111110111111001011101100101110111110111011111011111111111111111111110111111111111
1111111111111111111111111101111101101101111111001011001011111111111111011111011111111110011111111110011111111111011111011111111111111111101111111111110111111011111
1111001011111111110111111110110110111111111011111011111111111010111011111111011111111011111111111101101111111111101010011111111100111111111011111010111111110011111
1111111111111111111111001011010111111011110111101111111111111111111101111011111111111111011111111011111111110001110111110001111111101101110111111111111011111111111
1101111011111101111111101111111111111110111111111011111111111111111111111111101011111111111111111111111111111111101011111111111111110111111111111111111111111111011
1110111110111101110111111111111100110111111110101101111111111111111110111111111111111111110111111111111111111111111101111111111111111111111111110101111111011111111
1111111011101101111111111111111111011111011111111111011010110111111111111111111111111111111111111111111111111110101110110111110110111111111011111111111111111111111
1111111110000111011011010011111111111110110111111111011111110111111111111111111110111111110101111011111001111111001111001111110111111111111010111111101111111111111
1111111111111111110111111011111111101101011011101011111111111111001111110111111111011111101110111110111010110111111111000111111111111101111101111111111010111111111
1111011111111111100111110111111101111111101111111111011011110111011111111111111111111111110111111110110111111111110110100111111111111111111101111111111111111111111
1111111111111011111011110111111011111111111101101111111111111110111101110111111111111111111111101011111111001110110111111011110111111111111100111110111111111111111
1111111111111111011111111111111110111111110011111111101001110011111110011011111110111111110101111101111111111111110111111101101111111111111111111111110101111111011
1111111111110101111111111111001111111110111111111101110101111110100011110101100111111111111111111111111101111111111111111110111111111101111111111111110011011111111
1111111110110111111111111111111111111101111110111111110111101111110111111111111110111011111011111011111111111111111111111111011011111111111111111111111111111101111
1111111011011111111110111111111111111111111101111111011111011111111011111101111111111111110111111001111111011011111111111101101011010111101111111111111110111111110
1111111111110111111111111111111110111111111111011111111111111110111010101011111111111111110111111111110111110011111110011011110111111111111100111011111011111111111
1010111111001011111111111111010011111011101110111111111111101111111111011111101111101111111111001111011111101110111111111111001011111111110111111111111111111111111
1011111111101111111111111110111111111011111011110111101111011111111111111111111110110111111111111110111111111111101111111111111101111111011111111111111111111011111
1011111111111111111111101111111111111111101111111111111111111010111111111111110111111111111111111101110110110011101110111111111110111111111111111111111111111111101
1111111101111011111110111111111110111111111111101111011111111011111111111111111111111011111111111111111100111011111111111111101111011111111111111111011111111011111
1111111111111111111111111111100111110111011111011111111111111111101111111111111111111111110111111111111010110111110111111111111111101111111111111100111111111101111
1101111111111111111111111110111111101111011001111111111101111111111011101111110011111111110111111111100111111101111011111111101111110111100111111111111111111111111
1111111111111110111111100111110111111111010111011111011111111101111111111110011110110111100111111111110111011111111111111111111111111010101011111111001111111111111
1111111111001111111111011111110111111110111111010111101100111011111111111101101111101111111111111111111111111111110111101110111111111101111111011111100100111111111
1110111111011111111111011011111111111111111111111111101111111111111101111111110111110111111111111110111101111111111111111111111111111010111101100110011111111111111
0101111111111101111111111111111011111111111111111110101011111011110101111111101011010111111111111111001111111111111111111111111101111111011111100110111111111111101
1111111111111111110101111101010111111111111111111001111101101111111111111111111111100111111111011101111110101011011111111111101111110011101111111110011101011111011
1110111111011111101111101111111111111111111101111110111111111111111101110011111111011010111101011011111101101111110111111111111011110111110111110110111111011111111
1111111110111111101111111111111111011111110100110101111111111111111111111111111111111111111111110110110111111111101110011111111111111011111001111101011111110011111
1011111111111101111011111111111101111110110111110111111111111111111101111100111110111111101111011101101111111011111111100011110111111110111001111111111110011111011
1100110111110111100110101101111111111111111101111101111111011101111111110111111111111111111101011111111110111101111111011011110111111111111110110111111011111111111
1111110101111111110101011111111101111111111111111111111101111111101100111111111111111111111111110111110101111111111111111111111111111101111111001111111100111111111
0011001110111111111111111110111111111111111011011011111111111101111110100111011101111111111111001011111111111111111111111111111111111110011111001111111111111111111
1111111111101111011111100111110111011111111111111110111111111111111011111111111111111111111111111111101111111111111101111111111111111110010110110111011111111011111
0111111001111011101111011111111111111111111111101111111111111111111011110111011011111111111101111011101110101111101111111111110111111111111111111011111111011111110
1111110111011111111110111110111101111101110111111111101111111111101110111010111111110111111110111111110111111101111101111111111111101111111011111101111100111111111
1111111101111101101111101111111101101111111011111111111110111111111101111111110111010101110111111111011011100111101111111011111111101110000111111110111111111111011
1111111111111011111111111111111111011011111110111111111110111111110101011111111111010011111111111111111111111111111111111111111111011010101011110111011111111111111
1111111111111111111011110111110101111111111101110100111111101111111111111110111101101111111111111011111111011111111111011111111111111001111111111111101111111100111
1011110111111110111111111111111111111111111110111101111010111110111111111110111111011111111111111101110111111100011111111100111111111101111111111111110111101111111
1101111110110111111111111110111111111111110111110111111101001111111111111111111111101111101111011111111111111111110111101110110111111111111110111111111011111111111
1111111111111111110111111111101101111111110111111111111111111111111111111111011111111111111111111111111111111111111111111101111111111101101111011101111101110111111
1111110111111111111111111111111010111111111001110111111111111111101111111111111111111111111111111111110111111111111111101111101111111101111101011101111110101111111
1111111111111111011101011011110111111111111111111011111111010111111100101111101111111111111111101011111111111111111101111110111111111111100101111011111111011101111
0111111101110111111111111110111011100111101111111111111111111101101101111111111100111111111111011111110111111011111111111111111111111111111111111111110110101111111
1001010100111110111010101111111111001111111111111111111111111111111111111110111111111111011111111111111111111111101111111111111111111111111011111111111101110111111
1111111111010011111111101111110111111111111111111111111011111101111111111111110101111111111101111111100111111101001111111111111101011111111011110111111111111011111
1110111011111101111110111111011110111111111111111111101111111111111001111111111110011111110101111111100011111101111111111111011111101111111111111111101111011101101
1111110111111111111111111111111111111111111001110111110101111111111111111100111111111111111111101101101111111111111111111111111111111111111111111111101111111110111
1111011011011111110011111111001101101111111110110101110011111110111111110111111111100111110111111011111111111111111011111101111111111111101101111110111111111111010
1011111111111111101111111101111111010111111111111011111111111101111101110000011111111111111011111111011111111111111111111111111110111111011111111111111111111101101
1111111111111111101111111111011111111110111111111011111111111110010111111111111111100111111111011111111111111101111111111111101111111111111111111011111111111111010
