011101011111110111110110101111111111111110101111101101101111111011110011111111111111111111101011101001111101011101111111111111110111111111111011111
101110111111111111011111110111101011011011111111111111111111111111111111111111111111110011111111111111001111111111111111111101001110110111110011111
110001111100101111111111111111101111111111010111100101111111111111101011111101011011111111101111110011111111110111111111111111111111110011110111111
110011111111111011011010111011110111011111111111110010111110111111100111111111111111111111111110011111111101111111110111111101110111110011111111111
010101111111101111111111111111101011111111111110111011111111110110010111111111101011011111111011101111111101111101111111111111100111111111111110101
101110111111101101110111111011111111110000101011011010101111101001010111011111110111111101111110101101111111110111111111100111111111101111110110111
011111011101001111111111111111111111111111111111111111011101011111110111111111101111111110111111010111011101011010110111111111001111011110110111111
111111101011111011101110101110111111011111111111111111101101111011111011011110100101111111111110111111110101101111111111111111111110111111011111111
111111110011111011110110111111111011111111101110111111101111110110011111101001111111101111111011110000111111111111111110111111011101111101101101101
111111100011111111111101111111101111001111111011111111111111111110111011111111101010011010111101101110011010111110011011111100111011111111111111111
110111011101011111110111101011011101111111111111011111011111111111111011111111111111011101011101111111111111101011111111110101011111111011111110111
110111111110111111111111111111011101111011111111110111111111101111110111111101111111110111111111011101111111110111111110111111111111011111101110111
111111011101011111111111111101011111101111111011111111111110110101111111111111101111110010111101010111110111111110010111111111010111101011111110011
110100011111101111111111111110111111111111011011111111111111111011101111111101101111111101101111111111111011110111111111111111101111111111111101110
011111111111110111111111111011011111111111111111111011111111111111011110011111010111111111111111110111001101000011111111010111111111011101111011010
111011100111111011111111111111101111111011111111111101111111111111011110100011111001101111111110111111101110011111111111111111111011111111111111111
111110111111111101111111111111111111111111111101001111011111111111111111011111101111111011101011111111011111111101010110111110010010011111111101001
111111111111111110110111111101111010111111111111111111111111111111011111111010011111111111110111101011110111111111101111111111111110111110111111111
101011111111111111001111111011111111111111101011011111111011110111110001111111111111111111111101110110111010110111111101111110110110111111111111111
111111101111111111001111110111111111011111111011111111111010011111111110011110111111111111001011111111111011001101111111010111111101011101111010010
011110110101111110110011101101111111111111111110011111111111111111111011111111011111011100111011101110111111110110110101111010111101111111111110111
111011111111111111110011101111111110111011111111111111111111111110111111111111101110111110110111101010111111111111011100111011110101101111110111111
111111111011111111111101111111011111001111011011110111111111110111111010110111110111111111101110011110111111111100111101101111111111111111111111110
011011100111111111111110111111111011101111111011011110111111110100110111111111101111111101111011101011111111111111011110111111111101111111101111111
111111111111111111111111011111011111111101110101111111111101000011101010101110110101111111111111011110111111111101110111111111111111101110111011111
011111101101111111110011101001111010111101111111011111111001110101111111011111111111001010010101111111011111001111110110111101111101101110111111111
101111111111111111101111110110111111101111110111111011111111111100101111011110111111111111110111111101111111011101111111101101101111111100111101111
111010111101110111011111101011110111101111110110010100111011111111111111101111111101011111111110101000100110100111111010111111111001111111111111111
111111111111011110110111101101011110011111100111011111110111111111011111101110111111001111111111111001011111110011111111110011101110111111101110101
111111101111101111111111110110111111111110110111011010111111111111111010101111111111110111011011111110111111111101110111111111111101111111110111111
111111111100010111111101011101001011111111111111101001011111110111011001011011111111110101111101111111010111111001111111111111011111111101111101111
100101111011111011111111111111001011101011101110101001101110111110111011111111011111111110111110101111111111111111111111111111111111111111111111111
111011111111111111111111111011110101111011111111011111101111111111111110110111111011110100111011111110111111111110011111111111111011111111111111111
101101110111111110111110101111001011110111111111111111011111111110111111101001100111111101111111100101111111111111111111111111011101011101111111111
111111111100111111111111111111110101111011111100111011110111111011110110111011111111111110111111111111111110111110111111110111111111111111111111110
111111111111111110111011101101111110011111110111101111011111111111011110111111011111111111111101111110011111111111101111110011111001111101111111111
101011101011111111101101111101111110011011111111111111011111111111111111111101101111011111111111101110110111111111111111100111111111010000111111111
111111111011011111111100110011101111100100111101111111111011011101110101111111111001001111111101101101111011101111111110101111111111111111001100111
111110111111111111111111111111111011100011111111111111111111111111011111101110101111101111111111011111001110000101011011111111111111111111111111111
101110111110111011111011111111100101010011111111111111111111011101010101111111111111111010111111111111101101101111111111111111111101111111011101100
111110111111111111111111001111111111101100111110110110110111110110111101111101111111111111111101011110111110111111111110101011111011111101111111110
011110111111111111111111111110111111101100101111111011111111111101011011111111111111110111111111111000111001001111011111111111111101111100111111111
110111111111101111111101111111111111111111011111111111111111111111101011011111111101111011011110110111111111111111111111110011011101111111101011111
011110110111111111011111111101101111111110101100111111111111111111111111110111101111111111110110101010111111110001110111001111101111111101111111110
110111111111111111111111010000111110111111110010111111010111111011111111101110111111111111111111111111111111011111010111111101111011101101111101011
111110111011001111001100111111111111111111110011111000111111101111111101101111111111111111111110001111111011011111111111111010111000011110011111111
111111111111111101111111011111111101101111101101111011111101111011111011011111111111011111101111111101111111111111111111011111111011011111011111111
111101110111111111110111111011101101111101100110111110111010111111111111111111101111000111101011010111111111111110011111011011111111111110011001001
111110111101111101010110101000110111111111111111011011111111110110111111111011101001011010111101111110111100001111110111110111111111010011110010111
010111111111111101111111111111001110111111111111101111001111111110011111010111111111111110111101011110101111111101101111101001011111111011101011111
110011111110111111111101111011111111111101111111110111101111010111011111100101111110111111111111011001011111111111001011111101111100110101110111111
111000111111110111111111110110001101111110111001011001110011111111111111001100101111101111111111111111101111011111010000001101011110111111101111111
010111111111111011111111111011001111111111111011111001000110111111111011110101101010110111111101111101111111011011111111111111111110111111111111010
111010111111111111111110111010111111111101111010111110111111111110111111011111110110110110111111010111111111111011111111111111111010111111111111111
111111011101111101111111111111011010011111110111101101011111111110111111111011111111110011110011111101111000111111100110011111101001101111110110111
011110100111111111111111111111100111111111111111100101101111110111111011111111111011111011111111111111111111111111111011111111011011111111110111001
111111111111111111111111111101111101111101110111111001110111110111111111101010111111110111111000111111111111111111101111111010111110111101101101011
111111111111111111001111101011111111101111111110111011111011011111111110110010111111111111111101011111111011110111111101101110111111101111111101111
111111001111111111111111001111111111111111111101111111111101111111111111101011110011111111111110110011111111101111111010111111111111111110111111111
111011111111011111101111111111101111111111111110111101111110111111111111011110111111111100111110111011011111101011110111011101111111111111111110111
111111011111111111101111011111111111101011111111110111111011000111111111111111110111101011111110111111111111110001101101111010110101101101111010111
111110111110111111111111011111111111111111111011111111111111001111011001011111111110111011111011111111001101111110111111011110111101011111110111101
111101110111011111011100001111011111111101111111010111100111010111111101101110111111111111111111101111101111111011101111111101111111111100111111111
011110101111101111111111011111111101111111110101111111111111111011111111111111001111111111111100101011111101111101100011011111111111110111111101010
111110111111011111111110100111111111101010111111111111111111111100111011111111111111110110111011110111111111111111110111111100110101111110101111111
111101110011111111111010110111101011111101111111001110011111111100111100111110111101111111101011111111110001111111111111111111111110011111011111111
111100110111110010111111111101011110110010111111100111111111101111001111110111110110111110111110111101010001110110111101011111110110011011111110101
110011111111101111111111010111111111111111011111111111111111111111000111011100111111111111111111101111110111011111010111110011111111111111101111111
011000011110111111011110111111111101101011111111111111111111111111100111111111110001100111010101111111011111111110111111111101010111111111101111011
010111101001111111010101011110001111111110011101111101101111101101111011011111111111111110110111111101110101111011111111110110110111101001001111111
111111111111111111011111111111011111101001111011111111111111100110111101111111110111111110111111110101111111101011111111111111111111111011110111111
111111111111110011101101011110110100111111111111111111111011111110111110100001110011111111111110111111110110100010111111111101011111011111110111110
111110101111110101101111100111011111111111011101101010111110101111101011011110111111110110111001111011101110111111111111111001111101111101111110011
111111110111111011111111011000111011110111110011110011110101110111111110101111111110011111101011111101111111011111110011111011111111111011001101111
111111111111111011111101111111110111111111101111100101111011111111011110110111101111101111011011111111111111111111101110111111111111110111111111111
111111110111111010111111111111011001111111111111011111010001111111111110111011111101111111101101111101110111101101111111110111111110011111110110111
110111110110101111111111111111111011011101111111110001111111111111101110111100111111101111011111111111111101111111110111111110110111111011101111011
111111101111111110101111010101111111110111110111111011110010110110101111011100011110110110110101101110111111111011101011111111011111111111111111100
110111111111110110110111111111101110111111111111111111111111111011111111111110010111100111111111110111111101111110111010101111111111111011111111101
111101001011001101111010111111111011010111101110011001111111111011111111110111101111110111111111010111101110111111100111111110111101110111101110111
111110101111110111111101011111111011111111111111111110111101011111010100111111010011011111111011010111111110010111011011111111101011101101111111111
110101111011111011111111111111110111101111111111011101101101111111110110111111110011111110101011111111110110111110111111001111111101111101110101111
111111101111111011111111011011111111101111011111011111111111111110110111111011111100111111110101101110111011101111111111101111111011011110011010111
111111111011111111111011111111111111111111111111110100111111101111011111101110111100111111111111101111111111111111001100101001101111011001111111111
111101111001111111110111101001111111001111111100011111111111111111111111101111110111010111111111101111011111111011111110111011111111001011110110010
111111110111111011111111101101111111100111111110111011111111011111110111110101011111101111111011111110111111111010111111101111110111111110011111100
101111111110011111111111111110010111111110111110111100010111111101110111011110001111010011101011111111111111111110011111101110111011111101011111111
101111111011011101111111101111111111111011011111011111001111001111111111111111111111110011111011100011110011101111111111101111111111110111111111001
111110111101101111110110111111010011111111111111111111111110111111111111111111111111111101111111111111001111111111101111111001111111111101101110111
111111011011011111110011101111100101111011111111001110111110111101011001011110111011111110111111111111101111111101011111001111011101111011111101011
111111111101111111101111101110111111111111011111111111111111111111110111110101111111111111011010101111111011100111111001111101111011011111111111101
010111111111101101101101111111111111111111111100111111111111111110111111101011111011110111101111101111111011101111111111111111111001111111111101111
111111111111111110111011100111111111111111101111111111011111111111110011111110111101111111110101101111111110111111011011111101111111111101011110111
011101110111111101100110111110110111111111111110111111010111101100111111000111110011100011011011111101111110110111010011111111111101110011101111011
111111111001011111011111101111011110101101111111001101110011111011110111011010111101111111110100101111101111111111101101101011100101111111111010111
111010101111111011111101111011101111111111001011111111110100011011011110111111111111111111011100111101011101111110110111111110110110111101001101111
111011011110011111111101011111111111110101111010100110111011111111111111111111100111111111111111011111011011101011111110110011011111111111101111111
011100111011111110110010111011101011001111101011111111111111110011101111111110111100011011000101101111101111111111111111001111100110010101111001101
110111010111010111011111111111111011111111011110111110111101111101111101111111000111111011111111110111101111011101111000001111111111101111111011110
010111110111111110111010111001111111111110101111110111111100111011111111011111111111111011111111111011111100111111101111110111111111111111111011111
011110110110111111111111110001111011101110111101110101011111111111011001101011111111111111111010111101111111111110101111101111101110110101110111111
111111110011111111010001011010110110011100101111001111111111111111111111111110111101101111111111111110111111010111111111111111111011111011110111111
101111011011110101111111101101011110110111111111110111111110101111010111111111111111011101111110011111011111100101111010111111110101010110111111111
101111111111110011111111111011111111110011111111101011111111100111111111011111101111111100111101100111101111010111111111011011101101111111111111101
111111101111011110111111111011011111011111111111111111111111111110001010111011111011111011111111111111110101111101101100111111111110111111111111101
111111111011101111001111111111111111101110111011111111011011111110011111111111111101111011001111011111111010111100111111111111111110101111011111111
011001001111110111111111111111111111111010111111011111011111101010011011111101011111111111111110111011110101111011101101110110011100101110011110101
111111111011111011011111111011111101110101111111011111011111111111111110011111100011111111110011111011111010110111010111111111111111101101011111011
011111011111110011101111100111111111110110110011011001111111111111101111101111110111111111111111110110101111010111001011111110111101110111111110110
111111101101110111101111101011111111100010111111011111111100111111111100111011111101111011001111011111011111100111101011011111111111111111001111110
110110111110100111010111111001111111110111101111111111111011011111011110111111110111111111011011111110001110000011111101111111111001101111011100100
111111011101110111111111111101011111111111101111111100111110010111111000111110111111001111111111011111111101110001101111111111101101111111111111111
011101111111111101101101010110011111110111101111101111111111011011111111111011111111111110111111110111010011111001011111010011110111111111101011011
111111011011011111110101111111110101111111111110111111111111101111010110111111011011100111111110111101111011111110110011011111110111111111111111111
111111111011011101111010111111110111110110110110110011111111111111101111111111110110110110110011111111111110011101011111111011110011111111111111111
111111111111111110111111111111111110111111111111100111010111010011111111110110101110111101111101111001110101001011101111111111111111111111011111111
111011011111011101110111001110111111111111100111011011011110111001101111101101101111111111111010111111111110111110110101111011111111111011110111111
111111111011111111111111111011111111110111111111110011101101111011111111101110010111111111010011110111011111001110111011111111111011111011111011111
111111111111111111010001111111111111111111111111111011111011011111011111111111111110111111011101110111110101110111110101111101101110111111010110111
111111110110111101111010101011111111101101111111111011011101111111111111110111011110011111111111010111010111111111111110111111101110111101111111101
111111111111110111101111111111111111111111101100111011011110101011011111111111111011111110111111100111101111101100111111010110111111010101010100111
111110111111111111111101110111111111001101101111101011111011111111111111111111011000100010111101100101111111111111111111101111111011111011110100011
111110111101110111101111111101111100011111011111011111111111111111101011111011111111111111111111011011111101111101111111010111111011101101111101111
111111111111111111110011111101111110111101011010101111110111011111101111001111111110011101111101011111101111111101010111111010110011110101110010011
101011111001111111111111100111111111111111110111100011111110110101110110011111111110111101010111111111111111111111111101111101111111111111110110101
111111111011111101010111111111111111111111111011111111110011001101111011111101101111110111111110111111111101011111111111011010011111111111111110111
101111010101011101111111111111011011111111011111101011101111111111110110111110111111111110111111011111111101111111111111111110011101111111101111110
101101011111101111111111110101111111111111101111111111011111111111111111111111110110111111111101101101101111111011111100111111101011100111001111110
011001111111011101011011111111111111111111111111111111111111011101010011111101111111101111111100101111011111111100011111111011110111111110111101101
111111111011111001111111111011110110111101110001111110001111111111111111111111110101110111001111111110111111110111011011100011101011101101111011001
111111110111111111100010101010111010111010011011110111011111001101111111011111101011111110101001111111001101010011111111111111011100111111100111111
101111101111111100011111111101111111111111111011110000110111111110011111111011111111111111111110101101110001111111111100111111111100111111110111001
111111011110110101101111111111111011011111111001011111111111101110011110111011111100011111011111101111011111111111111111011111111111011011100011111
111110111111011111111011001111111111111111110111111111011011011111111011111111110111011111111111110111111000110111111111110111101011101110110000111
100011111111111111111111111111111111011111111111010111111111111011111111110111101111111011111011101101011111011111111111011011101111110011010111111
110011111101011111111111111111111111011111111111001111111111111111011001101101011110011110111011111110111111111111110011101111111111010011111111011
111111110111110111101111110111011010011100100111110111110111010111111011011111110010110101110110101101111110111111111110010011111011111101011111011
111111011111111110111111000111111111011110111010111111111101110101111111111111111101101111111111111111011101111111111111111111110111101110111111111
111111101111111111111111111111111111101011111000111111111111111110111011101111111101100111110110111111111000100111101101011111101111110101000111111
111111110110111111111110111101111111101111011111101011110111111101100011101101101111111101111010011111111111101101111111111111001101011111000101101
100110011111111111111011111110111111111111111111010111001111101111111100111011111011011111111111111100111111111111110101001001111100000111000101011
001111111111110111101111011111111111111111011110001111111111011111111111111111111101111111111101100011111111111101111011111011111011001111111010111
111111110111101101111111110111011111101011110110111111110011111011111111101111111011111110101110101111111111110111111111000111110111101111100101100
111100111100011111100111111101111111101111111111011111011110011111011111011011101101011101110101111111111101010111111101001000111111101111111010011
111111111111010101101111111111111111111111110110111101100111111011110111011101111111011010111011111111111110111101111111101011111010111001110110011
111101110111111101111111111101111111111011111110111111101111101111011111111110011111101011011111101111100101110111111110111101110010111111101101101
111111111111100111101101111111111101111001101111111101111111111011111110111110111111001111111111110111111111000111111111111111001111111111111101110
