010011011101010111100110100111101100010101111111001111111110101011010010110011101000110111011011000010111011111110101111011100101111101011101011111111100101111111111101100011100001111
100001010000110111100111111011111010011100010000111001100010101101101110111010101100111111101001111101101100111101111011100101101000111110100010111010101100111011111011110111100101000
000011100110010001110010111100100011011011010111010101011111111111001001110011011000110011101011100110000100011000100110000011111111010110010011001111011111111001000001010111011111110
000010111100111101101011100001110111011100111111110111010101000011011111011010101110100110010101011110010001001001101111001101110100111101101011111101001111011111110101101011010101111
101100011011111111011111110001101101111110110100111110001000111101011111111111111110010010011001001011111110110111100111110101001111110111111010111111100100110111110100111100000101010
111000010100100110011100110111111111101000000011010101011110010111010101011111111010001001110010010110111110100111100111110111111010011111111010110101011110011011101111000100001011001
001100001111101001110111000111111110100111010110111110011101110110001001101110111110110101010111100111001100111110010111100101011011110111110010111011001111110110011011011011110011001
110111000100010000110110011111100110111100010111111110111011011111001111101011001101110100000100101011111101101111011011001111111100000111111011101111101011110110011101000101111001100
100110100101110101111111111000101101111110000111100000101011001011000111000001111010001111011001011110111110011000011000111101111100101101110111111000101111101111001001100111110000111
101101111001101011101111001111110011000011111011000110110101010011111001111101001010101111001010111111011111001011100011011010001100010000110100110111110110011110001101111000110110101
001010100001001011101010001111010101010100101011101101101111011000101011111101100011111001111000011111011111010011110100001010111001111111011000001101011101111111110111010101111001111
100010101110111010001101100101011010011011101111111111111100010011000000010101111011110111110101011101100011110111111110001011011110000110001111100111011011001011111010011100111110100
010111101101011101100101111101101011001111111111110110111110001101010110011011110111111101111011100111000010110001001111100010001111100101110101111111010100111111101111001011111101111
111110011001100111011011001111111110110011011010101101111011011100110111011010110010011010010111111011111111111011100110010100011110110110100111100111001101110111111100100101011111001
000110100111100010101101111001101111011111011111101111001101011010101110111111001110111110111111101111111101010000001010110100000101001011101101101110101111001000001101000001100101110
110111001000110011000010001010010101011011111101101100011100101110101001010011101011011111110110111101110111011011111111001011110101011110100111101111111111111001011111100011111101110
110011000111011100110100000110010101101110100001111101111010011101101111111001101111101011101011101110110100100111010101100001000111001111101010010111101110111011101101001100111110101
111110101110110100001100101101111001111011101100000101011111100101001011011111100111111110011011011001110011101101110101011100100110111101110111100101011110011001011001110111110010011
111100111110101010011011111111001100010010111010101101010101111110110001110111111011101111000011010111011111111010001110001101001111101111000101111101100101011010010010110010110110011
001011111000010010101011111010101110110111001010111001100101100010000001101111000010110111110100000100111100100110110110010100101101111011111101111110001111010000000011101010111011111
000111001111011001110111010101010111001101110101110111001110010110111110111110100010101011101000010111001100111111010111101111010101010111111110100110100100100110001001101011111110010
110011111101101011001000101000010010110011010101111101001010011010001111111010101101110100110011010110000011011111011100010001000101111110110101111110101001001011100000111110110100011
111110111110010100111001001111111110000011110010001011100110101000101111101111000111111110111110001111010100110101111010010110101111001110111110101001100111111001001111001100011111101
010110101101111000111010111001111110111111101101101111111111100100110010001000010001110011100111000111010010111010011011110110011100100111011100101101110110010110111111111000010011101
111111001001101001110101011101001001111110110100101010101111100011101001101011101011101110101001000101001101100110011111001101100001111001100001000111000111101001101101111100001100111
011011011000101000111001101101000111010101101110111011100111100111110011100110100011010101011111111001111101010011011001101111000101101100000010100111001011111001111011111101111110001
011000011110111101110111110111100101011011111011010011101110010111001110011111010111010101110011010101001110101011110011110111111101110100111011011101101111110011101101001110011100111
101001110111110011101010111010110000011011011100110111110111110010101000111011101110111011111110001110101001001011011000100101110010101101111111110001110011010101011101111101101111101
110001110110010110110010001101011011010001111111111100011000110101011011111101101111100100110000100010011110000110001111011110111010001100011110010000010111100101101111011001011100110
110111110111111001101011111010101100101011110111110100101100111110010011110101101111111110101110101110000110010111111011000110100111101110011010111001111000110101110011111010001001110
111111111100111001010011001101001101100111011011110111001110011111011101111111111010100111010101011111011100101110101111110101111011101011010010011111001111010110100110011110111101011
010101100111010111001111000110001010111001000000111010011100111100100111001010010100001101010110100011011011010000111110010110110011101111101111110001111100111011010111110111011011100
110011101001111001110011100011110110111101111001010111011011111101101110111110001110111110110100001110101111011111111111000101100110100001111110101001111010111110010011110010100100011
100111111010011110111011011001101001111011100101110010000000100111111011110101010110010110111011100001000000001101100000000011111110110110001110111101100011110111011011111111010010001
011101110101111000011111010010011001001011111010000011011010011001111000101100110101101010011110001111111111110000111101100001110111101100011001101111011110001100110101111011111010011
001111001110101111001000111010100110110101101101010000011111011101101111011110100001111001010101011001111111101100000101111001101000101110011110110101011111100111110100111111101010111
000011111000010011010101100001111101011101010101101100010111101111101110111101011110100111010111110111100011001001000111011111111110110011110111101011110101001000100011001011110011111
111110011011011101110101111110011101100010111111111101011010001111101011010010100100101111001001110011011111110111011110111100111110101100101011011001101110000110111111111111111001000
011111011001101111001001101101011110100111100000010101111100101111010110011100100111110111100011111010111111010011101111110110111111010011001100111101001100110011101001000110101111111
110110111010101010011001110000101001101001100101111110101110011111011111111111001111111001100010111110111101011011011110110101110110110110001011001010111110001001011001011100011000101
001010101101111111110111101101100110011001110101011100010101100000101110110000110010101000101011010101111001011101101011100111101111111101011110000001111011111110101011110101100100101
101000100101111101011111011111111111101110111100011000010101010011111111111000111010011110110011001111010000100011000011011111100101101011011011110001011110111111100111101111001010111
100110000111100111101011111011001111011111001111101111110100110011111111000011111011011101111110101110111111111010010011011111110101100111111100011111011101101111110111100001010100001
111110110100111100101110101111101010110011000110111011100011101100110111011001100010001101001010011011111010011010101011001111010010101111111010110001111010000101111100110001000111010
100100000111111101110001011110101011010001100001011110110111111010110000111101110111000001100000011010001011111000011111100111111001001110001111100100110011001001111111101100010100110
101110111001101101001101110111000101110111110011011011111111110110011101100101110011001010111101010111001110011001110101111101101001111110110001000110111010001101000101101110101100100
101101111111111000110010011011100010010000110101100001111011111011111110111110110110011001000101101111101110110111010011111110111011110111001001111001001011110111011001111110101101101
101101011111101110001101001011101101110110101110101101110110110010110001110100101110101001110110011101111010010111101011010111101110101100010111101011100111111100100100011111010001001
010110111011111110111101110111110100110100110011000011010111110110001001011111101101011111100001100111101010111100110011000010111111001111110001110001101110110110110100001110110110000
011111110001100010011100011111111101011111011100000111110101011101100111111110100111111101100100100101001001111101001111010110110111010111011011001001111011101100111001111100110001011
110010110011011110110111110010010000110111111101000010101110110111111111110011100111011000111101111011101000011100110011100110010101101111001101111001110111110111111111101110100110111
101111110111111111101101000111101000111110101001010001111111001011001011010111011010010000111011100000110000101101100110111010111101011110111001001110100110001110100110101011111111111
100110110101101000001011111100111110000100111100111001010110100001101111000010110111111111110110110001110100100101001001111110101101100110101101000110110111101111111111011000100111011
111101000011011011111111011100101010011000110111110110001111111010111111111101011011111011110111111110111111111110011111101111110111000101110111111001100110111000100111111111110000011
110000011111110010010011111101000000001100111111011100010111000110101011011010011111011100000101001110001110101111101110111100111010111100110111100010011111110001100111101010111101011
101101110101110111100001000110011011111011101111110110100000001110101011111110011111000111001011101101010100111111101011001001010110011101011110111110101111011101010111110000110111101
101011111011111111001101101011111011011100000110001101000111111111011011111111110000011101111101110111110010010111011001011111001001011011101010001101111101111110101101110011110101011
101101100111101101111011111101110001101111101101111111101011010110110110011101010111111010100011000110100110110111110001001011010011111100001100110110011110011110000110101110110101011
111001011010110011001111111100101011110100011111101111101101010010111011010110010101111000100111100110110111111011110110111111110111101110010100101011010111111011111111110110000100001
001100111110011001110001110100001001100011011110110101101110011110110111001111011110110101001110110100001010111011100101101100010010110111100111101101101110111110111100111110110110011
111010100000000101110011110111011100101010111111101011001000011100000110101001100110111011001101111001100010001001100110011101101010010111001111111101111111111101001010110010001011101
001011110111011010101100001111111011000101101111111001001111101110111111101111110011101010010110111110100001111010101000001111111101111111111101100111000110001101101111111111111000011
111010011010111110100110000001111011111100011010010101011001110111010010111110110110011001101111111111011000101001111101001101011111111111011101101011111011100100101110011001101111101
011011110000110111101001011011111101111100010100111000111101111001001001000010111011000010000100101101101010000001111011010101101101100101100110000001100000000101011100111100011111000
101101111101001100111100111101100100111101101111101101111111011000001111110000101000001111101111111100011110101110110110111110011101001011101111101110101111000101011001111110110010111
111111011101100011000000111010101111111101100010011110001000001100111011111101110110111100111111101110111111111111010100000111100111001101001001010101111100011111101111011011011101101
010000000110011110101011110100011111110011111011011011110111010001000110111101001111101111101011110110000010001111111111110110100110100110011010000010111111111110011111011101011011011
100111000100110000101001010011100110001101111111001001001111011001001110111010101111111011100111110111101010100111010010011011101100110100110101101111110101111101001111000011111110001
011110110110001111001110101110101111110111100110101111111010010111010011011011111100101011111001111011110011101011111100101111111111110101000111110111110111101101000101111100011111101
010111011000111010001110001000111001101111110110011011000101110010110011100111001110101010111111001001011101110011110111110011110001010000001111101111011101110001110011001101100111111
110110011010111011001111011011011101111111110010011111111111111011111100111111101101010011000111101010101001101111110101101101111101111101111110110110111011100011011111110101011001111
001111111110010111110110110011110101010101110101111111111011010111001100110111011100111011101111101010000011101100111101101011101111000010110111110111001111001011111011000111110010111
111010110110001010111110110111101110100111001111011001011000111011110111011101110101011000101100111011011001111001110000000011011001101101110011000110111101110011010101101111101011010
111111000111111111101100001111101101111111011011111101111110001011111011100011110001111011011100011111110010010001111000101011111101000011110110000110101000010110110111011011101011011
010111110110111011011111101110111011101101011010110001111101111001111010100011100011001110111110111010110110110001010101111111010011111100010101101111011110001111010000011110110111110
000011100111001001111010011011101111101100001111110101011111011001100111100011111110011011100110001110101110000111100100111111101110110101000101110110011011111011110111011001111011101
111111110000111101111110111100111001010100100010111110111011011100011111011100101100100110110110001001001011001011111101000011001010101001110110111111001101111111011100011011011111011
101011011111101111110010101111100100100100111100101101001101110001101111111100111100110111011010010111010100110000100011110110111101101111101110111010101011111000011010000011111000011
110111101011110111101100110111100011011011111111111010001000111111011010111111011011010111100001001001011101100010101110111001101010110000100111110111110010110100011111000101110111111
001011101001110000100001001000110110100011101110000111111111011101001001110101101110101101100011110011111111111011010111100010001000110101111011101111011011100111011111100101111110110
111111111101001110100100100111101000100101100001100101110001000110111111000111110010101100110110011011001010011111101111110001101010100111001110011011110100010111111100100110100010101
010110110000101011000110001111011110111100001011111010110111101001111111100111010010000001101100111110000111011011011000001010110001111011110010111110101111010011101011011101011001101
000111101111111111111010111111101100101111111111011111110101111101110100001100111100101110101101010101111111100000000100010001110101101010010101111110101100001110001011111101111011110
000000010011100111100111111011000011001100101100111011110110010100110010111000100000011101110111110111010001100101101100010100011011110101100101011001000111111110100001111111000011110
111100110111101011111111100111101011111110000001010011000111110001111101010011011010000110110001111111000110110111110110110110101111111111110101011111111001101111100100101100111011110
111010110011111101010111011101001101001101100010111111101111101001010011110101100001001111100111101100001000100010111011000101101011010111011101011011110100000100110001101110111010001
010001001110111111101010100101011011010111110111111011101110111011111101111100011011010111101111100100100010111011101011011001100011111000000111110011000111010110101001111111100010110
110100111101101101110110111011111100111001110000110010111001000011100000001011111011111000101100001101011111110101111010100000101010101001100111111110011100100100011110101000100110111
111110001101011111111011100101101110111001000100100011010100110110111111011111100010111000101111100111111110111111101011010101010110101111010101010110111001010101111101011011100111111
111001101111100110111001011100110001111100111011110011011001101010111011010101110101011000010111011111001111110101010101111011011101111011101001110011111100101001110110111011111010101
011001000011101110011111101111001100001111101101111111001110001011111101101110111111111110010110100010111011000101101010011111010111100111010110011011001100101101001111100111001010101
100111101011111101010110011110111111100001100101001111001000010001001100011011001001100001101111001011111001111011111111110110101011001011111110000110101000101001110101001000111100111
111010001110101011001010110101000110010010110100001100011001101011101101111001000110001110010010011110100000011110000011101110001101111100100110011010001111010000011100111111111101110
000100110001011100010011010101111011100000100111011011101011111111010111111110001111011111110010111111011100111101111001001111111111011101110011110111010011101111110010100001110111101
101001100100111111100111011101010110101111110001000111010111011011110111001111011001011011111100111011001111110010010101101011011011000010110000110110111111111010101011111110101110110
111110101001111011100101111000100101111011000110101101111110101011111111000000110011111011010000110111101110101110111110111101011111011100111001011110011111111101010101100100101111101
011000110100111110000000010011010100111100100010111111011011111111111011101000010101111010100111011110111010010110001101111001001101000100010100001011010110111111011111110111100110110
010101001111010101101100011000100001111110011101001011001001111010111000111001011111100001001111101111111001101110111001101101011110001111101100101110010011100110110000101001111111111
010110011111011111000010010101101011001101111011001001110000111111001111111110101100110101011110110111011100111100100110001110111101011011101101111111011100011011010110110101010111111
011101101111101110111111101101101010100111100111110001111111011111110000010101000111111111001101111011011111110110011110001111110111111111110001110010010010010111111001011111111010011
101111111110111010101111000111111010111101111110101001101110011001111011111101011101100011111111111101111011101010110011111011111110111011100101110111011111101110110101001101010110010
010010110111111101101011111000110111110011010111111010011000101100011100110011111011100111010111011110111011001111100110110111100010111101111011011111110111010111111101011110001011111
110011011001011111010000010100001011101110110011101111001110110101011010011100010010001010111001110011001110111001101111111111111011011111101111011111100100111101101111011001011101110
100111011110011111110011010010110011011111110001000111011010001011001100111001110011000110110100111111001011011011010011101011111110001011111011100011001101011011110011100111101111111
110011111110011000111000111110111011011110111111111001100001001111010110100110111010010111110111111111110101111110111110011111001001100000111110010110010011011110011111111101110101011
011011111110011110111010111011101011011100100110000011110110000011000100001101110110100111000111001100101000111110011101101001011101101011111011110011001110111111111001011000011001011
100011001111110101100101001011011011111000111111100001101111100111111001011110011110101111100011100111110000101111011100011011111111001110101111101101110110011110010111101101111111001
100100010111011101100100110100011011111110101000010001000010010001001111100010110111000101110010010111011000100100010110010100111010111011111111110111011001111111111100011100101001101
110011110001110011111011101000100011010001101010110111110111011011011111101001110011111111010111011110101111010011110010111001011100011101110110001101111101100001111011001110111111100
111010101011111100101111010001011010011110111111111001011111010001000100111001011100101111011110101100111100101000011111111101100110110110011010001011110110101110110111111010110010011
111100111100010101101101001100101101100110111100111101110011111011101011100010011100001010011101011011111110010011101101010101011011011000110011110110101011110110011111011100110001000
110011110001000011011110100011101101010010000011111111111100000011110011000100001001100111101101111101001111000011011010101011011011011010110111110111011100010101111110100111100111101
100011110111010110111101111111101000011101110011000001111111010011111110000110111100111010011011110111011110101101011001101000101110001011101011011001110101011111101101100110101111100
010111010111110111001110011101001100111111000111010110111111101101111110111110011101101111110100000001110010101110000010111110011111010111001101101111111101111101111011010011010010101
111111000111010101010010001001111110001010010101101100110111111110101111110111101001111110110101011011101000101000011101010111011001101001010100001111010011011111111000001000101011111
010000111011000111011111111101011010010100101110101001001110001111111111111010010100110101010111010110011111110110100101011000111000100100111011101110111100111001000001101010110111111
110100011001101100100111110111111010011110011001010011111000011100101001010010101101011110110101110100101110011110100011011111111100011100100011011111110000110111000111000100001101110
101111100011110111111100100010111011111100001100010101100011101011101111001110111011100001010011101101101111011000110010111110110001100011011011110111111101000011111000000010110101111
111111110101111100111011101011111000111111111011111101110010100110110100000001111000111110111001001111111001110101001100000001001010000011110100010011110111011111111111100110001101111
110111110100100111001001111011101011101011111111111011011101001100100111001011011000011011011110110010110100011010111000110000000111101111001111010011101010111110110000101111111111111
010011101000101010001001011100100011011110001110001111100011000010101111011101111000100101011011110011110100110111000101010100111011110001111011101101101011011010110111000101101010010
100011001100011001010111001010110001111101100111010110101010100110110100001101101011101011110001100011101011111001111101101111011011101001111110010100101100010111111100011011100110010
100100011111000101101000110010000001110001110110000111111111111010011011011100100100001001101111111110111110110111011100010011111010111100111101101101010100010111001001011101111011111
110111111000011001111011111111111000111111111111011011101011111111101010001101000001110010111101011101101001011001101100110000110000110111111001001100101011010101111111111100111101100
001001010111100100001011011011010100101011111011111111001110010011111101111111010100100001111110001111111010000101101100011000111110101111101010111110101111001100101101101111011010111
011111111001000110101100111100101111100111111101000001011110111101011111111110101010011011100111110111111110111100101010011000001101001110010000101111101000110011111001101011101011101
111101011010000101010010101111111111111111101111110111100010110101111111010101101110111100010100001111110011010010011100101110011101000010010111110111101111100101101010111110010101100
001101111011010100001001001110110110111100111010111101110111011010001110111001000111000011100111011110110111101101111100111110101111011101011111000110001110100011111101111001011111110
111011111111110000110011001010100101111010001111100110101000111110011011110111111001110101011111111010111111101111111010111011110000111101000111111111011111111011100101001010011111110
101110011101111111111111011001001110111111100001111111010010011111111011010101000010100011101101111110010110110011001001000011110000000111000001110111101010100010011110001110111101101
101011100001110011100010000111111110111110010011110001110111101001101001001110101001111110110111010111110011011111000011111010010000110110001011101111101011010111101111111001001011111
101010100010101110111110111001110010001011101110111111001110011111001111111001000111111001111111101100101110001101100101110001110000000111010110111101001000001110110111000100011110100
110110101010110001110101111101111111110111110111001010100111011100111010101111111111101111101000000111001101010000110101111110001010011010011110011110011000110111111010011101010110100
011111100110010101011100101000000100101110000110010100111101111000011110001100110101111001001101001111100001111101001000101100011010101110111011111010000111111110111110110110011110100
110101001010001111110110110111110011010011011101101100111110011011000010101011000110101111011101011111110111101110101001011011011000110010110111011101010011110110100100011011011010111
011111111011110111101111011111010111010110111111111111110111111101111010101101011001110010101101110101100010110001011001001111011111010011100001010011010010010000111100111111001100011
111011110011011110111111000001110101101101111110111110001011111010100001010001001110110011110010011110110111010111000111000111100111111101111101011101101111011101000101110011110000010
100111111010101011111001100100111000101011110010111001011001111111001010110111011101110111110100011111110101100011100111110110011101000110011101111111111011111111110010101100110110111
110111111100111111011110101100011000110000110100100111101001010110010011110011110101100101011111011111111111101110011010111110000000011110010011011000111110001111010011101111001101100
001011111110100001011111001111101011100011110101110101110010011000110011111010010110110010110111100101011101111100110110111101110001111011101110000101110111011010110001011011101111110
100111010011001010011011001111011111011111111010011110011100111011100110000001011000010001010001011001111111010011010101111110010010110011010000001111100101001011110111110000111110100
000000001101111101111111000110011101101010101001001011110111111110011111011111101011111110111000111010101011100101100011011000111001101011010010000111110101100001101110111110001110100
111111111001010111001010011111111101110111011001010001111001100110101111110011111100001100111100000001111111111110011101110010111011111000110100100111101110111110101000001110011101010
101100011001111101110100101100010010110101001111111111100001111011011101101100110011111111000101001111110111001111011101101100111110011111100000110110011000111110100010110101101111111
110111111101111101111111010101011111101001011011101001110111111010011111001111110110001101000110011110010111001101010100101011101111010001000011010111111110111000101110111111001100010
110111101100100010110100001111110101011001110010101001010100100001001011000111101111111111101111001111101101001110001111010010101101111111100001101000110101101111010110011011110011011
111110111010101100110111001001101110111100100011011101011011101010010100001011011111110100101001111001100010110011111000101111001011111011101000010111011001111011111110001011111111010
101111010111111111111101111000100111001000101100000110011101110011011111111110110110100110010111011011101011101101111100111111111111101011011111101011110001000110100010111111001101101
111010110101111110011100110000100010100100100101000110110110011010111111111111111110111111111111111111111101011101111111000011111110110101001111101101110101111101111110111110111100111
101111110111110111100011111101111111111011110011111001001011111101011101001010111001111001100100101011110111110111101111101001101111001111011110101110100101100011111001111111100001001
110010011100001110101111001101011100110110011101111111011001101111111010110001101110110011010010000001100010111011011111110111100110000011111110110111011001111001010101111011101001010
001001000111100101000001000111011011100111111100011010101110101001111110101100111000110111000111111111001011110111111110001000001000101101110101111110100001111111100011110011010111010
011101111011011111010100011001111011011111110110110000111101101011100111111111010110100111111011001010010101101101010101110111111111100011100011101000100101000111111010110001111110110
111111101110111111111011101010110011111101100001101111111111110011111101101010001111011101101011101011110110110111010110011010111000010010111110110011001011010111001111101010101011111
001101111101001111010011111110101111010111011111111111110111111010101011001101110101001000001111110111001110011000100011100110111110011111110010100000000100111100011100001101010110001
101100111011011100110110111110100101100010101011011010111010101010111111100111010101101010001111010011011001101011100110100110101010011011011100011111111100111011101110111110110100110
111010111010110110001010111011011101001011100011111011101011101000111110100111110001100101110111110010100101111001011001000001111100111001000111111011110011011111101100001111111111001
111111110110110111110011011101111100001011000011101001111111100001110100110111101101001010001011101101111111001111111011111101001010111111010011101010110111100101100110101001110111100
111101001111101111100110110000011010100111101101010111011111110001111001001111000011100001110111101010111111010011110011100010001001010011111011111010110011100111010111011000111011110
100110111110110000001001000111101111010011110111111110011101111111111000011010111011111110100101110111101111011111101011011110100011111011100011010110011110111011111011101011111110011
110111111111110010101101001000111101011011100010101110001111000001100011111110011111101000000110111111011111011010101111111001011111111001111011011101011101101101111111110111111110110
111111001011110111000110111111010101001101111110001010110010110111011111101110011100100011110101101101110101100111111110011101111010100011101100011011111101111110111111101110111111001
110111000011110010000101111011100011111011111001111111101011011001000101010100001101111011010110010111110101110111100111110111111011111101011111101111011001110111010111111100110010010
110110110011010101100001010101011111010100111010111010010011000110100111111111111000010111011101111111011111111101100111110101010101110101111000011011101010001111101011110101001110011
110001111101111111001011111110000100011110011010011010001011111111110011000011111110001110101010100101101101101111100110011111110110110100000110101011001111100111010100100001001011110
100111010110111110000011101110110011010001111101101111111111011101111010110110111000100111111001101011101011011110001010110110011111011110001100111010100111111011101000110011000010111
010001100011100100110011010011111100110011101000001111110110111001110111010101110110000101100110101000111010111101001010100100100111110001101101111110011101011111110001110100011000110
111101111110101111011011111111011110111111101110011011111010010011111111110100110111011010110011100111111110111011011010101111011011000010111000000001110100001111110010111011111101001
110110001100010101111101110101011111010011111110011101111111110110001010100000011011111101101111111000011010010110010011000111110010010111101101100111111101010111111111001111001010101
011010100111000001100101110111111111010110010011010011011011111111101010011110000111001011001010101101101101011001000000011100110010111110011101110111111001001010110111000110011011110
000110100101100010011111111111100111110101001111111111100101011111101100111110000111111111011010010111101111111000110001011111111110101101110110111111100111111101100001100010111111010
011011011011010011000110111100110101011111001111111001000111010110101111101000111111111000101011101111011011101110001011101110100101110101100111100111000011100011110010110010100001111
111100101000100101111100001001111111111001000111101101101111110011010001111011001001011011101010100101010000110111010111010011101100011110110110111111110101100111000101111101111111010
111100111010111101001000010110010111110011110001000101001000011001110111110111110111001011101100111110111010000101000001111011010010101110110001111101111010110110011101100010001111111
110000111111101111111100010100101011111010000110111111111101011010010101111101111010111111011111110100011011111110110101111101000100000011011001011011101101111111100001001110001111100
001100111111110111111111011010110110110100101001110101111101010111111011001111110110110001011100011110101110111001010101001110111101111011001010011010011011111111100011011010001011001
001001010011110110011010111111110011011101000110000100100000111101111010110111010110110001111011010101110111100010101011101111011111011100111111101110101100101111011011111011110110110
011110000101111110101110111110101000001010111110101110111111001101011100001010110000000110011111111010111010100110011111010100111101110101111111101110011011110111010001001011101010111
001001100101010011111011010100010111101001010000101110010001101110111101111110111011111111100111111111010010110111110001111011011011111001011101011000011110111111111100111011111101110
111111110010111100010011000101110000111000010011010110111100101101101110111110100111100010001101011001111111101110111111001101111110000000110011011101110100111001001001011111110010101
101100011111101110010011101111010001101111001110001100010000101011001111001100111111101111111111111001110001100111111111001111111111111001111101000110001101011010001110110101101111011
101110001010101101111100101011101011101001011000011111101101010010100111111011110011101110011010111111111100010000111111111010011010001111010011111010111101001110111110011111001110101
100101101110110011110111111100101111101111100011011111111111111011111111010111101100010111110101011101011111010101110111001011000110001101000001010111000110100101010101100101010101110
