001110011110101001011111111101111111011011111111011011100101111011010111110111011001111010100
001011110110101111111110110110111001111011110011110111110111001101110110110011011111111011011
110011111111000111110111111110110101110011010111111111111101001011101111111101111010100110111
100011110111011010111111101001011111111111101011011011111110111101111110101111111111110101111
111100101111111111011010011111111111101110100111100111111001111101111111110100111111001111111
011100101101101111110100011011101101101111111011111010010101111011111101111111111011101101101
011111011111111101011100111101100111101101110111101101110111110111111001110111011110100101100
111100101001011001111001101101111001110111101110111111110110111111110101100111011000010111010
101011110110110111111110111111111111010111111111110100111111111111111101001011111010011101101
111111101011100010111110111100010101101011110011100101111110111011110101110011011100110000011
111110101101111011000110100101111111100101011010000010100111111110111001011111010111111001111
001111110110111010000100111010111000010000001100110110001111001110111111110000001111011001001
110011101111010110101101110011111101010111101111010011011111010101011100101101011101101010111
000110111011101111011110111010010001011101111110110011001110101010111101111001101111111101110
110111110011010111110110001101111111010111101110111011101111011111101100000111111010111111110
011011101000111001010111011111111110101101111100011101101111111111111110011111000111010101111
011111001111111000010110100001101100101110011001010000110111111111011110011011011011111110111
111011111010011100010101011111111111000111101110111101011110111001111111110011100101111111100
011101011100101000011010111000010111111001111110001111011110111011111001101011100011011110101
111111111100011111101110011001111111111011111111111110111011011100110011101111010010011111101
110110111100110000110101111010011110101111101111111111111110000001010010101011111011101110100
111101101111111111011011111101101101111101010111110111111111111101100011011111111111100111011
111110001110011110110101111111001110010011111110111111111001111110110110101110101101010011111
101100010000100101001110000110111111000001100110111111001011100111110110111010100101001011110
111100111111110010101110010001111111101101100010111000001111110011111111111110101001010110011
111011101101110101111110101111011011110111110001001011111111011111101111011110111111101111111
101111111101011101111110010100101111010000011011010010011101111111110111111101111101101110111
111010111110001101000111011011110111100111111101111011101100111010101011100111011010001101011
011011001001110101001011010101110010111101011111101010101111111111010101101111010101101101101
100111111010101111010110110110100011111011101010111111111001111110101110011111100011011110110
111011111011101111010101101111011001011111111100000100100111110101111101110110010010110110100
111110011111111101111001110110100000110011101011111101111111111111111110110111100101001111011
110111011011101111011111111000100111000111010010111111111111111111001101101101011001011001011
101111101110101111111111101100001010110110010100011110110011011111001101111011111001100000111
100110101010001101111011111111001101111010101111111010100110010110110100111101111111101111101
111111111110111001110101111101101010111110101011101111100101011111011110111111000111111001111
011111110110000110111100110111010111001011100111110101110011100011111110111111000110001101010
111100011001111000110110011011110111001101110010110010111011101101111100101111001111111011111
110111100100010110111100100011100011110111101111010110110010111111110110101111010001011111001
000111111010111111001100110110101101011011110110101011111111011101110111011011110010100011001
111111011100101011011010010101111111101101111101011110111111111101011111110111101011101010101
111101111110111101111111110111111000111110110110111101010011100100111011111111100111001100111
110111111100111101111011110101110011111111011011000011111110011011111111101111101010110101111
111001101110010110110110011110101100010111100110100011000011110110111011111001110100111011001
100101011011111111111010001111110011001010100111101011111011101001111110011111010101111110101
101010111001111101111111000110100110101111011011011111011101110110010110111001100001010011111
111111111110111001111111101011011011111101111101001101100110101111010111101111010110111110111
111111101100100010011100011110010011101010101110010011010111110111101111100111000101111010101
011011111101011001011111100111011011110101011000000111111111101111001111011111111111011110110
111101011001111111011111101101011110111011000101000111011111111101011111101111011100111111011
101101110000001101111011110111011111000111001110000110101110101110101010111111111011101011001
011010111101000101111111000001111101101011000110111011111110110011100011011110111011101111000
111111010011111000111111011111001111011110111101111100010111100111001111011111110111110111101
111110110100111101101111010101011001100101111111110100100110011011100110001111111011111111000
111110111110001110011110010111111111111110101010101101010100110110100001111011111110101000111
011111111100100011111110011001011100111111101101110110101111001100011111001000111101111010011
001110001101111101111111111111011000010110101100111100010100110101110110011010110011101111111
111101111111111111101100111110111011000110100111111111111011011111100001110100100011111101111
010100111111111111111101110010111110111111111011111111010100101011100011111101010011011011111
111011101011101110010111111011111101110111011101110010010100011111101100011101110001101110001
100111111110010111100111101111111000111011011111111110101010011111111101111101111010000111001
100111111110101111110110111111111111001110110101010101101101101011100111011110101110010100110
111111011111011111110110011111011101011110101010111001010111110111101011001101101010011101111
010110111011101110010111011011111111011111010111111010111101101011001101110011111111111001111
101001111111011110100011111111011111101000110111101111100111111101111110010011111110110111111
111111111100101111101101111010111101111110101011110111001111111110111111101111001101111111001
011111111111011101110111111101110010111101111001001101101111111011000010101101011010111011001
110111111111110111111011101010110011111111111110010000011000100011001111111011000110110110111
001111101011111111100000110101111101110011111001111010010001101111010110101111101111110101111
111111011101111111000011111011111111111110101111110011011001110111011011111111001111111110101
111110000001000111011111111101010001101111111111111111011010011011111101111111111001101110010
101011111111010001110100111110101100000111110011110110110110111101010110110111111111111111111
111111110101110001111011101110111111111011110111011000100110100101111111011101011010111101101
111011100111010111000101111001110111100111011100101110101111110110010111101110011110100010101
001101001010110110111111111011001111111101111110111111111011111001111110110111101110001101110
101111110010101100010110111111111011111011101011111111000111111001101111111010001111011001111
110101111110001111111111110111110101111111101011111111101000010111011111011101111010010111001
111101111110111111111100001111011111111111111111111011100011101111111111101010110100110010101
001111001000011001101111111001010110000111110100101111111101111110001011001011011110101010110
111111111110101010011100011110101110001100011010111111111011100110100011110011100110011111101
111111111101111010001110111100001110010010100000111101110000111111101111111110100111111100100
010110100111110101000111011010010011110001011011110010110000010111011101011101111011011101101
011111101011011110111100010101100011110111100010101111101110111110111101111110111101111101101
110111000011110111101111111011011111011011001101101111011111000101001111000100001110111101101
111101100110111011001100011010100111010110111011011111111101000111111111110001101011011001101
110100011111011111110010100001101001011000111111110011010110011111111101100111011111100101111
110011001011111011111001011111011011111011011011111101111111001101100111101100111111100000110
001111111000011111111100111111110010101001101010110111001101111011011111101010011111010001101
111010010000101011111111111001110010011110011111111111011011100011110111010011110000000000110
010111111011011101010111010110011011111100110100011111001110101111101001101110010111110100011
101111101010111111111011011011100111010011101111100010101110011110011101111101111111111110011
011110010110111110000111111101011101110001100110110000111110011110011011001100100000011011101
011111001111100110110110111110011111011111111111011010111111101111111101110111010111110101110
