0111111011111101111111111111100011111111011111111111111101011111111111111111111111111111110111111010110011011101010101111
1011101110111111111111111011111101011101111111101110101011111111011111011111111001111111111111110101111111111101111111111
1101111011111111011111111011111111111111111111111111111111110111111011111111111111111011111011111111101110111110111111111
1110111111001111011101111010111111111111011111111110110111111111111110111111101111111100111111011111110101110111111101111
1111011111111111111110111111111101011111110111011111110111111010110111111110101111011111101111110111010111111111111111110
1011101110110100100011111111111111110111110111111111111111101111110111011111111110111110111101110111111101111111111111101
1111110111001111011011101111111111011101110110011001011111100101011111011100111111111111111111111111111101111001111110111
0101111001111000111101110111111101101111111111111111110111111111111111111111111111110011110111101110111111101000011111111
1111111001111111111111111001111101101101111111111111101111111111111111011111110111111101011110111011111111111011101101111
1011101110111111101111111111111110101111011111111111011111100111111001110111111111111111111111111101010111111011111111111
1110110111011111111111111100111111111111111111111111100101101111111111111111100011100011011111111111111111111111101111111
1110110111101111101111111111111111111111011111110010101111111111111101111111010011111101111111111011111000111011111111101
1111101111110111100111101101111111101001111111111111011011111100111101011111101111101111011101111101111111110111001111111
1111111011111011011001111101101101111111111111111110111101101111111111110011111111111101001110010011010111011111111110101
0111101011111101111111111011111110011111111110111110111111110111111111111110110101111111110111111110111111111111111111111
1111101011111110111011111111111111011011111011110101111110110111111111110111111111111011110111110111111111111111111111111
1100110111111011011011111011111111111111111111111111111011111111011011111111011111111111110111111111111111111101111011111
1111101110100111100110111111111111111111111111110111001111111111111111111111110111111111110111111111111101111111111101111
1111101111110111100111011001110111111111100111111111111111110011111001110111111111110111111111111111110101111010111001111
1111100111111010011011111111111111111100111111101111011111011111111111101111111111111111111111011010111101011000110111111
1110111011111011111101111111111011110111111111111111101101111011111111111100111010011110010111111111101110111111111011111
1111011111111111101110111111111111011011111111001100111111111101111101110111110111111101111111111011101111101111111110111
1111111111111111110111010011100111111110111111111011111111110111011101111101111111011111111111111101111111111011110011111
1111110111110111111111100011111011111101111111011111111011111111111111111011110110111101110101110111111111111111111111111
1111111011111111111111000111101111101111101011111101111111011111011111101011101110111111111101011111111111111111111111111
1000111101111101010111001011111111111111110011101111111011110111111110110101111111111111111111110111110111111111100111111
1111111101010011110111111101111111111111111111110101111101111101111111111101111111111101111111111101111111110111111111111
1110111111011111111111111110110011011011101111111111101111111111011011101101110111111111111111111111111111110011111111111
1111111111111111111111111111001110110111010111111111101011011111101111111111111011111111011101111111101111111011010111101
0111111111111011111111010111001101111110110111010011011111011111111111111101111111111100111011111110110111101111111101111
0111111111111111110111011110110110000111111111111111111101111111111101111111111111110111111111110111111011101011111111101
0111111111111111111101101110111010011011111011111011101011011111111111111111111111101111101111110100111011111111111111111
1011011001111011111111111111101101111110111111110010111111111111010111111111101111111111111011010110111110011011111111011
1111111110111101111111111111010010111111101111111111011101110111100111111101101101011111111111111111011011111001111111011
1011010111111100111110111110110011011101101111010111111101111111111111111111110111011110101111100111111111111111111110111
1111111000110111111111110111110111100111111111011111111101111111111111011111111111101111111111111011111111111110111011111
1111101111111111111101111111010111100111111000110111110100111111111101101101110111010111111111111111001110111111111111101
1111111111110110111110111110111011111011101101010111011101110011111111111111111110011111111111001100011111100011111111111
1011110101110111111011101111111111011101111111111011111101111110010101101101111111110111111011111101111011111011011011101
1111111111111111111011011111101101111110001001101111111111111110111111111111111011011111111111111111011100111111011101111
0110111110101111111111111111011111111110011111111111011111111010111111111001110111111111011111111111111111111101111111111
1111111111111111110111110110111110011010101001101111101100111111111011100111110111111111101111110101011111111100111100111
1111000111111111110111111011001111111111110111111111101111111110101111110111111111011111111111101011011111111111111111111
1111111111111110111111110011111011110110101011111111111101001111111111111111101111111111111111111111111100111011111111010
1111111111111111111111111111111111110010101101111111111111111001011101011111111101110111011111111111111111111101011111111
1111110111111101111111111111111111110111111110111111111101111111111010111111111101100111011110111011111111011011111111101
1111010111111111111110101111101111001011111111011111011111101111111111111110111101111101111111111111111111011111100111011
1011111111111111111010111011111111111110101111101111111111111011111111111011011111011101111011111111101110100111111111111
1111111111101110101111111101101101010011111111110011111111111110111111110111101101101111110011111110111111111111101111101
1111110111101111111111011111101001111101111111110001111110110111111111111110110101111111001111111110010101111111101111111
1111110111111110111110110101111111111111111111111001111011011111111110111111111110111111111111111111111111111011111110111
1010111111101001111110111111111101111111111111111110011111101111011111111111111111101111111111111001011111111101110111011
1111110110110111101011111111101110111011011111011110011110111111111111111111011111111011011011100011111001101111111111111
1011111101001111101101111110011011111111100111111111101101111111100111101111111101101111011111101111110101110111100111111
1110011011011111111111111111111111110111111111111111110101011111110111111101101111011111110111111111111011111111101101011
1011111111110111011111101011011011111111111111111101111001111011111111011111110111101101111101001111110111111011011110111
0111111111011011111101111101110110000001101010111111100001110111101111111111101011111111111101111110111111111110111111110
1111111111111110111111111111111111110111101111111011011110111011111111111100111111111111111111111101111111110111110111111
0111111111111111111011110111001011111111111011111101110111011011111111111011111111111111111111110110111111111111111101111
1111100110011011111111111111111111111111111011011110111111100111110101111110110110111011111011111111111111111110110101111
1101110110111100110111011011111110111011111111111011111101100111111111011111111111110111011111111011111101111011011111011
1111011111111111110101111111111111111011011101101111111010011011110111110111101111111111101111111010111111111001111011111
1111110111110111111110111101111111111111111101111111111111111101110101111101110101111111111111111110011111111011111111111
1111011111110111111111111111111111111100010111110111111111111110011111111111111111111111110111111111011111111011110111111
1011110111111111011111010110111101111101111101111110111111111110001011101111110111111110110111101010001111111111111111111
1111111111111111111111111111011110111111110111111111101101111111001111011111110011111011000111111110111101110111111111111
1111001111111111111111111111111100111101111111111111100111101001110111101111101101111101011011111111111111111111111011111
1101111110111111010111111110111111111111101110111111111111111111011010111110100111011100110101111110100111110111111111011
1111111110100111110110011111110111110101111101111111111111101101111101111110011111111111111011111111111101110101111111111
1110111111111111111111111011111111111111111110111101111111111111111010101110111111111111111110111111111100111111110111111
1011100101110111111111111111111111101111111101111111111011110111101111011111111110111011111111111110111111001100101011111
1111111111111111111011110110111111110101101111111111101111111111010110100111111101111011111110011011111110111111111100111
1111111110111010110110111011111111111111100111110111111111111011111111100111111101011111111111111111111111110111111110011
1111111111111011111111100111111111111111011111101111111111011111111111111001011010111111111111100111011111111111100111111
1111110111111111111101011000101110110101011111111111110110111101111111111001101101101111101111011111111111111111111101111
1111010111111101111101111111111111111111111111011011111110101111111000111110111111101111110110101011101110111101111111001
1111111111101111011111111111111111111111111111101111011111111111111101111011011111111111101011111011111111111101011111111
1110011111010111111111110111111100111111111011110111110101111011110011111101101111111100111111111110111111110111101111111
1111111101001101101110101110111111010111001111111011111011101101001011111111110111111111011111111111011111011110110111111
1011111111001111111101111111011111111110111111111111111101111111101111111011111011011111110101111111111101111111100110101
1011111111111101111111111111111110111111111100010011101111111101110111100101111101110111111011111010111111111111101111111
1111101111111111111101100111111111111011111111111101111111101111111111011011111110001111111111111111111101111111111011111
1111011111111111111101011111111110010010110111101111110111111111111011110111111010011101101111010111111111111110111000111
1111111111010111111111111111111011101111111110110110101011111111111111111100111110101111111111000111111111101111110111111
1111111011011111110111111111110111110101111100111111111111110111111111111111111101110000111101011111111111011111110101111
1101111011011110111111111111111111111111111111111111011111101111101111001111111111110011100111011011110110111011111111111
1110111101101011111110101101101111111111111111001111111011111111110011111111101111010100111111111111111111010011110011101
1110101111111111111101111111101111011111111111111111111111111111011011111111101111110100111110101111110111001101101111101
1111111101010011111101111111011111111111011100111011001111110111100111111111110111111111011111111011111111111111110111111
1111011111111011111111111111111011011111101111111011111111111011101111111101011111011011101011111011111111111111111111101
0111111011111100001101101111111111111111111111110111110111111110001011111110111011111011110011111011111011101011111111111
1101111111111111111111111111101101111101111111100111011111101111110101111111011101111111100011110111111111111101101111111
1111101111110111111111100111011111111111111111111111111001111111111011111111111011110111111100111110001111111111111111111
1111111101111011111111111111111111111111111110111111111111111111111110101110111111111110111100111111101111111111111111110
1110111111111011111011110111111101111011111111111111111011111111111111101101111111000011111111001111001111100111111111111
1111111011111111111111111111111111011011110111111111001011111111011111111010111111101110111111001110110111101110111111101
1011001111111010111111101011110001011111101111111111011111011111111111111011111111001111111011110101111110111111111110111
0111111101101011111010111111111111101111110110111110011111110011011111101110011101111011000111111010111110011111111101111
1011111110110111111111011101111011111001101111111110111110111111111111111111111111111111111111110101110101111111111101111
0111111011111101111011111111101001111011111111110011111101011001001011011111101101111111111101101010111101101111110101111
1111011110111011111111111111111110110010100111111010111111111100011111111011110111111111111101011111011111111111111111111
1101111111111111111100111111011111110111111111101111111111111111011011111110111111111111111100011111101011111111011110110
0110011110111011110111111011101111111111111111111011101011111111111011111111111111111010111111101101110011111111111111111
0111111111101111111111111111110010111101111111111111010111111111111111111111111111111111110111111111100011111111111111111
1110100111101111100011111111111111111110111011111011001111110111101100111111111010111111111111111100111101111111111111011
1101111111101111111101111111111101110110111011101111111111111111111110101110111111111011111111110011111110011011110110011
0111111111111011111011111111111101111111111110011111111111111111111111011111110111110100111111111011111110011110111111010
1111111011111111111110111111100111111011111111101111011111111111111111011111111111101110110111001110111111101110110111111
1110111111110111111111111100111111111011111111101111101110111111101001110111101111111101111111011111111111110100110111101
1111110000101111110011011110010100111001111010111101111011110000111111111111111111111001110111111111111110111011111011111
0011110011111111011011111111111110111111001101111110111111111011111101011110011111111110111011111111111111110101011111110
1101111011111111110011111111111111101111101111111111111101101111111111011111110111011111111111101111111111000110111111111
0111111011110111111111111111011111111100111101111111111011110111111111111111011111111111111111111111101111111101011011011
1111111101010111111111111011111111111111111111010011100111111111111111011011101001111110111011111111111111111111101111111
0111111111111111111011011011011111111111111111011110101110101110111110111011110011100101011111111110111110100111110011111
1111111111111111010101011111111111101101111111111111111111111011110111011111111110011101111111111111111111111011010011110
0110111101111111100111111111101111111110101111111111110111001111111111101101111111010111111111111000111111111111111101011
1111110111111011111110111111111111011111101111111101111011111111111111100111111011011111111111110111101110111111111110111
1111111111111111111111111111111100111111111011011110110111110111111011110110111111111111111111111111111100011111011101011
1111101111101011111111111111010111110101111110110111111111111111111111111110111011111100101111101111111111110111111111101
1111011111111111111111111111111111111111111011111111111101111111111111111111111111111111111110111111101111011101111011110
