0111011111111011101111110111111111101101111111111111111111101111111110101111100111011001010111111111011111111111111111010111111111110101011111111111101111111111111111001100101111
1010111111011111111001111101111111111001111011101111110111011011110111111101111010111111111111111111011011111111111110111111010110010101110111111011111111110111111111101100111111
1101111111000111101111101111111111111111111111111011111100100011111101011111111111110111001111111111110111110111111111111111111011111111110111101111111111110111111111110101111111
1010111010111111111110111101111101111011111111111111111111011110111101111111110110111010111011111010111111011111101101111101111111111011111111101111111111111101111111111111011011
0111011111111111111101111101111111111010111111111101111111111110111111111111111111111111011111111111111011111111111111011111111110101111110011111111111111111010111111111111111111
1111100111111011001111101111111011111111111111110111101111111111111111000111110111111001111111111111111111110111110100011111111110101111011111111111111111111111110111110011101110
1111100111110011111111111111011101110110110011101111111111111111111110111010111111111111111111111111111101110001010110111111111111101110101111111011111111010110111110111111011111
1110111011110111111010111011111101111010000111111111111101110110011001101111111110101111111101111111111111101111111111111111111111111011111111111111111111111111111111101111011111
1111111101101100111101101100101100111010011111110111111111111011011011101111011111101111101111111111101111111111011100111011111111101111111111111111011101111101111111110111111101
1110111110111001111111111111111001111111111011111010111111111101101100111010011111111111111111111010011110111111111111001111101111110111011111111101110011011111111111111110011110
1001111111011111111011111111111111111110011111111111111011111111101101110111111101111001111111111101111011111111100111011110101111111111111110101111111011111011111111111011111101
1101111101101111011111111111111110111111111011111111111111111111110111111101101111111111110111011111011111111111110111111111111111101101111111111001011111011111011110001001000101
1101110011110010111111101111001011111111111011111110111011101111111011111111101111111111101111111111111111111111000111111111111111111111110110111011111110111111111111001111011111
0111100110110011111111111010111111100111111110011110111111111111100111111111101101111111111111011111111011111110111111101111110111011111111111111110110101110111111111111011111111
1111111100111101111111111001000011111011111111000101011111111111111111111011110111111111111101111101111111111111111111101111111111111110110110110110111111111111111110111111111111
1111111101110110111111011111001111110111111111111011111111111111111101011101111111111001011111111100111111101110111111110011111100111111111100111101111111011111000110100101111110
1111101111101111011100111111111111111111111100011111101001111111101111111011111110111111111111100111111110111110111111111111011101111111110111111111111111111111111111111111111111
0101101111111111101111101111111101110111010111011111111110101111111111111101110111111111111111011011111111101111101111111111101011110011001111111101111111111111111111111101001111
1111111111111111110110111111111111111111111111111111110111110111111111111111110111111110011111011110111111101111111111111111111101110111101111110110111111111110110111111111111011
1011111011011111111011111111111111111111011111111111111101111111111111111110110110110110110111100111110011110111111111111010111101111101111111011111110111111010111111101111111101
1011011101111111011101111011111011110111111011111111111011111011111111111110001111110101111111111111110001011110110111110101101111111111110011111101111111101110111111110110111111
1110111011111111010110111010110010111111111111110111111111111111111111011111111110111111111111110011111011101110111011101111111110111111111111111111011111111101111111011111101111
1111111111111110111111011111111110111110111111111111111111111101111011111111111101101101111101111101111101011111011111111111111111111111111110101111111111101101111111111111111001
1101101101110111101111101101111011111001111111111111110110110101111111011111111111111111111111111111111110111111111111111111111111011111001111111111111111110111111111111111111111
0111111111111111111111110101110111011111111111101101111111111111101011110101111111111101111111111111111111011111101111111111111111111111111101011110111111111111110111111111111110
1111111011111001111100111001111111111101011101101111011110111111011110111111111111111011101111111111011111101011111111111111111011111111111011111111000101101111111111111100111110
1010011101111101111111100001101111111111111111011111111111111101110111101110111111111111101111110101111100111111111111111101011101111011111011111101111111111111111101100111111111
1111111101111011111110111110111111111111111111111111111010110101111111110111100101111111111111101110111111101111111111111101111111110111111011111111111111011111111111111111111111
1111110111110100111111111111011111111111111100111111111011111111101011001111111111010110111110110111001111111011011111111011111111111111111011100101011111110111110111101111111111
1111111101110100111111111101101111111111110111110111110101011111011111111111001111111111111111011111111111101110111111111101111111111110111001111010111111110111101111011111111111
1111111111111101111110110111110111110110111011111111111111001111111111111111111111111010111111111111111011001011111111111100111111111010010111111111010111111111011111111011101111
1111101110110101111100101111111011111110111111100000001111101110011111111111111011111110011111111111111101111101111011101111111111111100111111001111111111111100101111111111111110
1110110000111111101111111111111101101111111111100111111111101011111111111111111111011011101110111111010101110110111111001111110110111111101011111111110011111111111111110100101111
1111111101101111111110011111111110110011101111101111111111111111110111001111111111111111111111111011101101111111111111111111110011101011111111111111011101111111110111111111111111
1111111111111111111111110111111111011101111000011111111111111111111101111011111111111111111111111111111110111111101100111101111011111111111111111111111101011111111111111110011111
0111111111111011111111111111111101101111111101111111111111101011111011111111111110111011111100111101001101111111111111001111111111111111111111111111111101001101111111011111111110
1111110111111010101101111111110110110011010111111110111111111111111101111110101001111111111111111111101111111110110111111111111111111110111111101110011111010111111101110111111110
1010011001111101111111101111111110110010111101101111100111111101111111111010011110111101111111111111011011111111111010111110111011111111111111111101011111111111111111110111111111
0011111111111111111111101011111111011101111111111111111111001111101111110111101111110111111110111111011111111011110111111111111111101111111101111011111101111111111011100111111101
1111010001011111111111011111110011111010111001110011110111111111011111111101111111111110111111111111101111011111110011101101011111111111111011111111110111110111111111110111111111
1111111001011111101011111011111111110111011111111111011111111111011111111111111111111111111111111111111111111011111010011111110111111110111111111111111111111111111001110111111111
1111111011111111111111111111111110111111101101111111110111111111111111111111111111111110111111111110111001110101101110111001111111011101111111111001111111110111111101111111111011
1111110011111111101111111111101111110111110110111110111111111111011110111111111110111010100011111111111011110110111111111111111011111111111111111011101111011101111111111111111011
1011110110100111111101111111110111011110111011111110011111111110110101101111111111111111111111111111101110010111111011111011110111110111111100001111111111111111111111111101011011
1111111111111111011111111011011111001010101101111111111111110111111111101110110110011011110111101111111111111111111011111110111100111111010111011111110101111111111111111111111111
1111111111111011011111111111011111011111110110101111111111011111110111000111111111111111011111111101010011111111111111110011111001111111110111111111111110111110111011111111111111
1111111111111001001111111101111111011111111111011111101011011011111111111111111111111111111101111010110111011111111111111101111011011111101100110111110111100111111111111101111111
1011110111111101111111110011111000111011111110101111111101111111110110111111111111111110111011111111111111111111111111010111101111001001010111011111111111111111111101111010111011
1111101101111101111110111111101001111110111111110100011101111011111101111111011011111111011111111111111111111111111111111111111101111111111101110111110111111010101111111111110011
1101111110111110111111111111111011111110111111111011111101101011111111111111111111011111101111111101111111111011111111111101001011010110111101111110111111110111010101111111111011
1111011111111101111111110111111011111111111111110101111101111110111011111111111111011111111011110111111111111111111111111111110111111100100111101110111111111111110111111111001011
1111111110110011111111111111111011110111110011110110111000011110111101111111111101101011111110111111011111111111111111110111011111110111110111111111011111100111111101111111011111
1111111111111101111111111011111011111111011011110111010111110111110101111011110111111111110011111011111111111111011111111100111101111111111011111101110111111110101111111111111110
1111101111111111011111111111111011111011111111011111101010111110111111110111111111111110001111101111111101111111111001101011111100011111111110111111111110011111111111111111111111
1011111111111111110111101111101111111010101111111111010111111111101111111110111011101101110111111111101110111111111111111110110011011101111111101101111011011111111001111111111111
1111111111010111011101111110011111111111111111011110101011110010111100011101111101111110111111111111001111010011101010100111111110111111111111101111101111111110111111100111110111
1101111011111111011011111111101111111111111111100000111101111111111011111111001111111011111011110111111111110111101110011101011111111111011101101111100011111000111111111111111111
1101111111111111101111101010111111111111111111111110101110110111111111101101111111111110101110111111001111111111111111011111111110111111111111111111011111111100111111111011111111
1010111111111111111111111111100111111101111110011110111111011001110101111001111111111110011111110111111110111111111101101111101101011110111111111111111111011111111110111100010111
0101111111110111101111111111110001101101111111111011111111101111111011111011110110111011111111111111110111111101110111111101111011111111111111111111111101101111100111111111111111
1101111011111111110111101110111111111111111101111111011010110111101111011111111101101111011111111111111111111111101111111111111011111111111111111110011101011100111111111111101011
1001111101111111111101111111111101101111111111010011111011011011101110111111110111111011111011101111111111111111111110111111111111001011111111111111011111111100111110011111111111
1111111110111111111111001100111111111011111111111111111111011101111111100111110111101111001111110111111010111111010111111111011101111111111110111011101011101111111111101111101111
1110011011111111111111111111111011111111111011111100101011111110111110111110011111111110011110111111111111111110110111111011111101110111111111111110111111111100111111111111011000
1111111001111111111111111011101011111110010111111111111111111111010111111111101111111111001111111111101111111111110111111111101111111111111111111111011111011111110011111101110011
1111111110011011011111110111011111111101111111111111110111110011100010011111111101001111111111111101110101011111010111111011110111110111110111011100111101111111011111111111111010
1011111111101011111111111101111110111111111010101111011111011111000111011111111111111011011111111111111111111101111011110011111111011110100111111111100111111011111110101111111111
1111111001110111111111010111011111101111111111111101111101101111101011110101111111101011011111011111110111101011111011100110011111111111101111111110111111101010111111111111111111
1100111010011110111111111111111111010111111011110110011011011111111101111111101111011111101110111110110101111111110111101111100111110011101111011111111101101111110111111110101111
0111110110111111111111111011111111111111110111101111111011111010101110111111101011111111111111111111000011101111111110101111110111111111111010111111111111111111101001011111111111
1101101111111110111110101111011110111111111110111111111011110111100111010110101011111111111111101111111101111111011111111011011110111101111111011110111111111011111111101111111111
0111101001111111111111111101011110111111111000111111111110111101111111100101010010111111011111111111111011111111011111111111101111111101111111101111111011101011111111111111111111
1111101111011111111111110110111111111101111110111111101111111101111011000110111110010111111011110111111111111110110111101111010011000111111101101111111110111101011011111101111011
1111110110111101011111111111111111011011111111111111011111001111111111111011111101010101111110111111100111101101101011111111101111101101101011101111110111011111110101111111011111
1011111111101110101111110111111111111110111111111111111010011111111011101101111101111110011111111111101110100111110111010111111111111101101111111111111111111111110111111111111111
1111110110111111111001111101111111110011111101111111110111111110111111010110101110111110111111011011110111111111111111111111111011111111111111111101111111011111111111111100111111
1111111100111111111101111111101111111011111111110111111101111110111111101111010010110110111111011101110111101111011110011111111111100110101111111011111110111111111010111110111110
0111111111100011111101111110101111110101111111111111111101111111011100011110101110101011111111111111011111110101111111100111111111111110110111111111111111111110111111111111111000
0110101111111101100011111110111111111111111101111111011111101001111111101111010111011111101111111111111011111111111111101111111111111111011101111111011111101110100111110111101111
1011111111111111111111111111111011110111111111110111110111111111111110001111011011111111111111111110101111111100101111111101111101011101011111101111111111011111111110111110111111
1111111111011011111111011110111111110111111111111110111011110111101111111001111101101111000111110111110111111111111111101101111110111111111111111111111111011111101111101111011111
1010111011111111011010111111111111101011110101111111111111101111111111100110001110101111111111111111101101111111111110101101111111111011111100111111111110100011111111011011111111
0111111111111111111111111111011101111111111101111001111111111111101101110011110111010101011111111111111111111110111111111110111111110101111101101101011110101110111111111101111011
1111111001111111111111011111111111111111111111111110110111110101101011111111101100101111011111111111111110111111111111110111111110111111101000111111011110111110011101011111111101
1101111111111111111001111111011111111101111111111111111111111111111111110011011111010111101111001111111111111110111111111111111011111111111110111111111111111111111111111111111111
0110101111011110111111111011110101101111110101111110111101101011110011111111101111111010111101111111111011111111111111111110111111111111111101111101111111111111101111111111110111
0111101111011110111101010111111111111011111111111111110111111111111111111011111111011101111011111111011010011101110111011111111111011110111111111111111111101111111111111001111111
1110111111111111110011111111010011111110100111101111101010011110111111111100011111111010111111111111111011111011111111111110011110111111111111111111111101111010111110111101011111
0101011111111110110111111111111011111111111110110111101111010100010011101101111101001111011111101111011110111110111111010111111111111011011111111110101111011110111111101011111111
1101111101110111111111111001111101111111110111111011101110111101011101111111110101110111101111111111111111111101011101101101111111110110111111111110111011111111111110011111111100
0111111111101111111011111111111111111111110101111111010111111111111111111111111101111111110111111111100111111111111111111111111111111011101111111111110101111111000011111101111100
1110111111111111111111111111111111111111110111101101011101111011111111110111111111111101111011100111111111010111101110110111011111111111111111111010111011111111111111111011110111
1111111011111101111111011111111111101111111111011111111111111111111111111111111111111011111100111101111011111111111111111111111001111111111011011111111111111111011110000101011100
1111111111111111111111111111011101101101111111111110111110111110111101111011111111111111111100111110111111011101111110110111011111101011111101011110111110111111111111101111111001
1111111111101011100111111111101111111111111111111111111111111111111011111110011111110111111111011100111000111111101111111111111101110101111110110011101011010101111111111111111111
1111111111111111011011111110111111111111111101111111101111111011111111011111111111110111011011101111111101111111111111101101111111110111111111110111001111111101111010001111111111
1111111111111111011010111101011111111111111111111101111101011101111111110111111101111111111011110111011011111111111111111111110010111111111101111111111111101111111011111111111100
1110111110111111101110111111111110111111111111011111011111111111111111111110111111111111111111111011111111111111101101111011001111111010100111111010111111011111011111111111111101
1111111111011100111111011101111111101111111110111011111111111111101111111111011111111111111101011100100011111011111111111111111111100111010111111111111101100110111111101011101110
1110111110111110110111111110111111111111101111011111111111111111111101111111111011111111111110011100111111111101101111111110011011111111000011011111111111011011110111110111111111
0011111110101111111111111011011101101001111110111110111010111111111110111111101111111101011111110111011101011111011111011111111100111111111011111011111111111111111111111111011111
1111111101111111111111111111011110100110111011111111110010111111011110111001111010111111110111111101101111111101111111111111111111110111111011111111011011111111111111011111111010
1101111111111111111001111111111101111111111110011111111111101111101000111010011101111111110111111101110111110110111011011111111111111101101011011001111111111111111101111111111111
1011011111011011111000111111110111111011100110111111111111111101111110101111110111111000111101010101111010111111110111111011111110111011001111111111111111011111101111101111111111
1111110111111111111101011101111000101111101111111111101111111111101101011111111110111111111111001111011101111011111111111111011101111111011011111011111111111001101111111110111110
1111111110111111011111101101111111011111111011111111110111011101111111111101111111101101011111011111111010111111111101010011111111111101111111111111111101111011111110111111111011
1110111111111111111101010111110111111110111011011111111011111111101111111111111111111101111010111111011111011111111110111111111111111111101101011010111111011111110111110111111111
1111111011111110100110111010100111111111111111111111111111111111111010111001011111111111111111111111111111101111111111111111111011111110110111101110111101111111101111111011111111
1101100111111111111011111111111101111111100011111111111001111111111111111101101111111111111011111111110111110100111111110011110111111111110111111111011101111010101111100101010110
1111110111111111111111111011010111111101011111111011111011111111111011111111111111111110111111111101111101111011111111111111110111111111111111111110111111110011111111111111111111
1111110111111111111111111111111011111111101111111111111111101111110111111011101011111101101110111110101111110101111111011101011111111111011001011111011110111001110110111011001110
1111111111111010011100111111101101110111110111111111111111111110111111110111111011010111011111111111110111110110111110001101111111110111111111111111101110100011111111110011110111
1111110101110111111111011111011111111111111111111111011111111101101111001111011111111111101111111111011111111111011111111111011101111110010110111111111111111111111111111101110111
1110111111010111101111110111111111011111101111111111111001110111111111111011111011111111111011011010111111111111101011111101111111111111101111111111111111111111001111111101111101
1111100111000111111101111111111111110100111111111111111111101100001101110101111111111101111111111111111011111111110011111111111111111111111011111111111111110101111100111110111111
1111111111111111111110111111111011111010011001111111101011111111110011111011111111111111111111111111110111111111100011110100011110111111111101111111111111111111101011110111111111
1110101101111111111111111111111111011111111111111111101111011111111111111111111111111111101111111011111110111111111100111100010101111111001111110111111101111101111001111110111111
1011100101111111111111111111111111011011001111111111111001111011111110111111011110111111111010111111111111011110111100111111110010101110111111111101111111110111111111101111111111
0111001110011111111111111111111101101111011111101111111100111111111111111101011111111101011111111111010110111100111111011011111111110111111111011111011111111111110111001111111101
1111111110111001111110111111111001101110111111111111101011011111111000110111100100111111101111101111111111111110111111101011111101010011011111111101111111111101110101011110111111
0111111111111110111101111111111111111111111110101110111011111111110011111101101111101111011010111111111110110111111011110111111111001111111011111110001111111111111111111111011111
1111111101111110111011111111011111111111101010111111101111111110100111011111111111111111111111111011111010110111111111001011011111111111111111010111111011010111111111111110110101
1110111111111111111101111100100111011110101111011011011101101111111111111111111000111111101111101111111111111100101001111101111101111111101111011111111111111111111111111110011100
1111111111011111111011111111110111111011111101111111010111111111111011111111111111011010111111111110111111111111111001111110111111011111011111111110011101111111111111101110111101
1011111111111111011111111101111111111110111111111010111101111101111011010111111111111110111010111010111101111101011001111011011011111010111101111110101111111011101011111111111111
1111111110011111101101111111111111111111111111101011111111011111011101101011111111111111111111111011111111111111111111111111101111111101110101001111101111111111111111011110011011
1011111111111011111111111111111100111111011011111101110111111111101100110111111111111111111111110111111111110011111100111111110111110111110111111111110011101111111111101111111111
1101111111111111101111111011111110011011110110011011110111100111111111110110111111110111111101110110111111101111111110111111011011101011111111111001111011111111101001111111111111
1111111111111110010011111101111111111111111100110111001111011100111111111111111011111111111101011111011101111111011101101101111101111111111110111111011111111111011111111111111111
1011001111111110111110111111111101111111111101111111101010111111111111011111111101101110111111110111011011111111111010111111111110101111011111111010111111111111011111001011111110
1011111111111011111111101111111111111111101111001011100111011011110111110111111011111101111111111111111111111111111111100110111111011111111111111111110101100111111011011111111111
1111000101101111111111111111111110111101111111101111111111111011111111110011011111111111111110111101111111111111111110110111111010101011111111110111110111101111111111011111111111
0011111110111111100111111110111111111111111011111010111111111110101101110111011111011111101111001101101111111110111111001111110111110111111111111111111111111111010111111101111110
1110111011111111101111111101110110111111111111101111111111111011111101111111111110111111010110111011111011111111111111101111011011101011111011111111101111110111111110111111101111
0011111111101111111011111111111011111111101111101101110111111111111111001001111011011111111111011111110110111111111111111111101111111101101111111111111111101111111011111111110111
1111110111111101111111111111100011110111011111111001111111011111110111111111001111111101101111111011111111101111011110111111011111111110111101111101111011110111111111010111111111
0111101110111111101111101111110111111111111101101111111101111111111111111111110011111111011111111100111001111101011101101110111110111111010111110011111100111110110111101111111101
1111110111111111100111101111111101111111111111011101111111111111110001111001011111101111110111111010110011011111101101111101111111111101101111111111111111111111101111101111000111
1001011111110101011101111111110111111111111100101100111111111111100111111111101111111111111111111000111111100111011111111111100111111111010101111111111111111111111011001110111011
1111011111111111111101111000001101111110111111111111011111111111111110111011111111101111111101111110000101111101110111110111111111111011111000110101111111111111111111011111111111
1111111111111110111111110111101111111101111011010011111101111111111111110111110110001011111110110111111111011101111011111111001111111110110001111111011111111111111111111111011111
1111111111010100111111011111111111111111111011011111101111111101111110111111111110100111111111011111111111111111011111111111111101111111111010111111101111101111111111101111111111
1111111111111111111011110111111011111111111001101111111111111111101101011111111111111111111100111110110111011101111111011001101111111111111111011001111011111111101110001110111111
1100111111011111111111011111011011110111111011111101110001111111111111100011111011011111111111111111111111101111111111111111101111111111111111101111111110111011111111111100111111
1111111111111101110111111111011111111111111111010111111111111111111111111111111111111111111111001111111111111111111101111011111111101111011011110111111111011111110111111011111111
1011110111100111111111111111101111111101100111111111111111111101111111111111011111111111111011011011010101011111111111111111111010111111011111011001111101011110111111110110111011
1111111110101110101101111101011111111011101111111111010111111111101111111110111111011011111111111111110111111111111110101111111011111110111011011001101111111110011110111111111011
1111111111111001110111110111101111110111111111111001111111110110101011011111111111111111001010111011111111001011111111110110011110111111111111111110111111111101110111111110111111
1111111101101111111110111011010110110011111111111110111110110011011111111111110111001111111111101111101111110101111111010110111101111111111101111111011111011111111111111111111111
0111111111111111111111111011111111111111110111111111111001111101110111111111111111111111011111001111111111111110111111110111001111111011111110111101101011111111110101011111111111
1111111110111011111011111011110101111110111101010111011101111111110111111011111111111111110111111111111111111111111111111111110111001111111111111111110101101111100111110011111111
1111111110011111111111111111111101111111111111111111110101111101111111101111111111111111101011011111101111111111111111111011110011111110111111011111101000111111111001011110111110
1111111101111011111111111011111110001101111101111111111111100111101101111111111111111110110111111101111110100111111101111110111111011111011111111011110001110111101111100010111111
1111111111110111111111111111111111111111111110111111101111111111111111110111011110001111111110111111111111111100111111111111111111111111011111101111111010110011110110111111111111
1111110110101110111111111110111111000111110111111111100111010111011111111010111001111111011111011010111011011111111111111011111111111111111111110011011111010101110111011101011110
1111111111111111111101011011111111101111111111011110111111101101111001101111110110011101111111110101111111111110111111111111110111001101111110111111110111101111101010011111111110
1001110111111011111111101111001111110110101111011010111111111111111111111111111110111111111111011101111111111010110110111011111111011010111111111111111100010111111111110111111011
1111011111011111111011111111111111111111111111110111111101111111110011001111111110111110111111111110111100110000111111111111011111111111111111101111111110111011011111011100111011
1110111101111111111110011111111011101111110111111111111100110010111111110111111111111111111111001111111101111101110101101111111111111111111111111110111111011101101111111111011111
1111010111111111110001111111111011111111111110110111011000110010111011111111100111001110011111111101111111110111111111111111111111111111011111111001111111111110111101111111111111
1111111111101110111111111111110111111111111111111011111111111111101111110111111111101111110101111011111111111111101111111111111100110111111111111101111111111011011111111100111111
1111111111111110111111111111101011111111111111110111011111101111111110111111110101111011110111111111111001100111101011111111011011111111101111011111110101101101101111011111011111
1111101111111110110111110111011110111111111111111001111111101111011101111001110111111111110111111110111111011101111111001111111111110111011111110110100110011111110111110111111111
1111111111111111111111111111111111111101011110111111110111111111011110110111011111111111110111100111111111111111111001111111011011011101110111111111111011101111111010111101011011
1111111111111111111111111101111111110111001111101010110111111111111110111011111111101111111111111111110111111111110101101111111011111111111111111111101011111110111100100111010111
1111110111101100111111111111111111111111111111111111111111011011110111111111011011111110101101101111111110111101110111111111111111111011111111011101111110101111111000011111110111
0111111111100111111110111111101111101111111111111111111111111011111110111111111110101111101101101111101111111111111111001111101110001110110011011111101011001011101110011111111101
0011111011100110111011111101011111111101111111111111111011111101110111011111111101111111011100101101111011110111111110011110110110111111000110011111111101111111111101101111111111
1101101101111110111101111101111101110000011111111111111011111111111111111111110111111111111101111110111111010110111011111111111111111110111111111011110101110111110101110100111110
1111101111001011111111111111110111111111111111101111111110111111111111111111111110111101011011111101111111101100111111111111111110111111111111110111110101111111111111111010111110
0001111111101110101111111011111101111111111011011111111111011111011111110110111111011100110101111111111111110111001111111111111111110111111111101111111111011011011011110101111111
0011111110111111111101111011111101011111111111101111111111011111111101111110011011111111111111111111111101111111110101101000101111111111110111001010111001111011011111110010111110
1110110010100111101111111111111111011111111011111100111111011110111111111011111101111110111101111111011111110101111111110101101111111111101101111111111111011101101001111111011001
0111101111101111101110111111110101111111111111111101111111110101111101111111110111111111111111111101111111111101111111111111111111111011101111111111111111111111111111111111101111
1111111111101111111111111111111111111111111111110111111011011111011111111111111111111011111011111111111111110110011111111011111111111101101111111111111111111111111100111111110111
1110111111111111110111011111111111111111100011100001111111110110001111110111101111011111111110111111101110111111111111111111101111111111110111111001111111110011111011111111011011
1111111101001111111011011111111111111101111111111111111111111110111111111111101111101111100100110011111111111111101111011000111111111111011111111111111111111111111111011111011101
1111101110111110111111110011111011100111111111111111011111111110101111111111001111111111100101110101101101110101111111111101111110110111111111111111111011001111111111110010111110
