01100011110001110110101011111110111111010011011001110010110011111110100101100010111110110101111111111100101001100100111
10110011101100011111011110101010101011111011011010010110001101110100111100100111111011100011101110000110111101001000111
11001111110011111111001000000001011011111101010000000101001000111011101101101011110100011110100111001011111111100000010
01000100110010101111100111011111110100111110110101111111111111000100110011101110000100110100111001110000000011011001010
00100010011001010100100101010011011111001100011101010100001101001100001011100000111100001111010100110110100100010100110
00110011100111110011111011111011011011011010100100111011001111001110110101101110001010100110011001111101010011111111000
11101100100110110111010110100111101000010011111110011100000101100001010100101001010100110001101111101010100011100110100
11100100111010101011100000110100110010000010101011001100110011011110001000010000100110000111101110001011100101010110110
11110111001010001101011101101001111100000000101011001110111010000110100111110101100010111111010101100010111111110010101
10111001000011111110101010111011000001000001010101001111010101111111101001000010111101111110101101001011111011100001001
01001001100011001000101010110111110101011110110001011101010001111111011001011111111111011111110001010110110010011011011
01000110000001101100101100111001101001000100100011111000011010010100100111101110100000100111101011011001101011001110001
00110111111000111110011110111110011111110011111000000000101010100011111011111011010100010010110010111001000000110101101
10101100011100011110111101000000000100011011111011100000000100011111111001111010011110111101000111110101110010000011110
10110111010110001011011001100011011110101000110101111110100111001100001101001111100110010110000100001010011000101001011
11101110010011001111010100110110010111111010111010010101111000111010110111111010011100101100011110101110110010010011000
01110001111111110100001110101001111000001111111001111001010011100011110111110101101010001101101111110110110101000101010
11111010110111011001101100011100110101111110011101110111101101010111111101001111011011010000111110010111011001111101111
11110111010011110001101011100010010110011101100110011011101000001110100000000101000011000100111010111010001011110111000
01110111100000110110110010111110100101011011111111011001011111110011101011000101111000101110010011101100011100011111100
10011101011101000111010100100110011000111100001110101101100111111001001011101100000110011001111111011000100000011110110
01000110100011110001100101011011101010100111101110010010100111111100101110011011011001111000110110110010100001111001011
11100100111111101110000010100100011101010111111101100101100111011101101000111001010101111111011111101101001011111100100
01011010100111011100110010010101110111110010111011001000010101110100011011100110110100011011100111101011101010001101000
11010110011010001011001100110000110111101010011110000101000010001111101111100011111101100010001111010101110111111001001
10011100100001100010010000011111001100111001011111110110110000101100001001110011011000101001111011011100100110110000111
11000111111110111011101010000111111101101101100011111011000000101111011010000100110011010011101011011101011011001011111
10011101011110010101010111000001011001111101111011000101001101111111101001110110011111000011111100101010111001101110011
11010100110110001101010001000101011100110011101110010101001101111111100100111100101010110001000001011110110111110001110
10010011001010010101101101101011100011000101111010101011001101011001101010110111011100011111010100101101001101001011101
11011110011010110011110001100100010011011111001100000100000111011001010001111111011111010100111001000100100100000110011
00111110111100101000010101111100101011101001111100101111111110101111111000001101010011001101111101110000001110001101011
11010011101100001101010110100101001111001011111010011100111101000000101001110111011011001100000000010010001010101011110
10111101101010111110101110111010000111011101111100111110101001010111111101111100110101011111110110100011111100011101101
11101110100110101000111001111001100111011000111011011010110101101001010110001010010011011100010100011000010010101111100
10011000101011110111001111101000111010010101010111111010001010011011000110101000111010101010101011101001111110011110100
11101101000010110010010110000111111101100011100000101011011000001011101010110001101111111010001010111111110010011001011
11101100011110010101001110110111111010011110111111110111111101100100110110011110101010111000111110101010010000001101011
01110000000010110100110111111001000010010101110010001110001100111110101101101001100111000011011100001010011000110111001
11110110001011010111101101011010011101101111111000100101011001101110011101001110011110101010001010011100111111111000110
01111100001001111111100011110011111001010001011111001101100001001000111001011111110111000110000110110000100010101111111
00111000001100001110111000110110010101110001101000110110111100110010111001100101110011111110110000100101010001011111110
11010111001011011101011110001010100011010000100000100000111011000101100110011111011100111110100001110001001101111110101
11100010010011001011011001111111110110111100100111110001110111010111010101001100111110111111010111011001001101010000101
00010111101111111011011100111101111011110111001111101001011001010101011000000000101101101101010000000111110110110001111
11111010011011111101001111010101111101111000001001111100011110111000100001011011111000011011011101011100111010111010101
11001011100011011101111111011111111001011100110000010000010110110111010101100010011111110011111011000111111111101100010
00011110010000100111111011001011010101001001100011111111110101010001111100010110111111100011101111101000101100010011111
01000011100101010011110111111100101101101001100101111111111000101111111101101010110110111111001111111110110010101111000
10011001111101101101001101110000001101001001110110100010100011111110111001000010010011010010010111101110001000011111100
10010100000101101100101001100101010111010111110111001010001000100111111000011011101110001011101111110010101101010100000
11011110001100111111010001101000111101000101011110001111001100001110001101100111011011001110000111111101010100001111011
00010111111100101011100100100101111110101000110110110001010011001111010111100111110110101011100111011100110001010111110
01111011111000110100101011011011110001111100010110010010000010111111101111010000000101100111101010100101010010111011101
11010100110000100110010001100101011111100100000111110101001110011110111101111100111001110100011000011101010110011111111
00110100011000011111101010111101000011011001100110011010001111111011001110111110111000011000100010011010100100101100100
10010001100010110110111001000001111001001111000111000000000101111111111101111110111110010011101001100100111100010101101
10010001111100011001000101000001101011010111111110001000000110100010110100010011111110001111110001111101001001111111101
01111100100110010111000000011101110111110110110010110011000111101011011101110110101000110110110100101000111100110111101
01011110010001100101111100011111101001100101011100010011111010111001110111010010011100110101011011010101100100001001010
10010101100110101001111010000011000100000011011001001111011100011110011010011011001111111011010111100111011011001111111
11011111011000101101111100011110111001011011100101001001101000111001110011100001010011011010100111110110001110010011110
11100010011010011001110101111001001001110100011011100101111101000001001010111001110001110011111011010100111100111111101
11100001011101010101111100011110010100100101111101000111100111000101111110010000010100001101000100010100111110011000011
10101101011001110010111011111111001110111000010011011111101111000010011001010110010101010110011111100000000101110011101
11011101111101100110011111111001010001110011101011111110100010010010010110111101100111000010011110111100000110010010011
10100101111011011111000010111001010110110101001011111111111010001101111001110101101110111111010000011100100011110110100
00100010011011001101101010111111011110000011101110101101101101110010001111000111100101100100000000011111110101001011100
11110100110111011111011010011101110011101110010111100110110101010010011100011100100011101100110110110110100101010011011
01010110001011011100000100100011011001011101101111101010111111011110101111000011110100000111000111110111110011011010101
01101001011011100101111111110101110010111100100111110111101010111011110010000110111110111111101110011111011110011011110
11100110100100111100010010001000011101110011001110011111111100010101110000110010100100110000010110111011100110100001101
00011000100110011001110110100100001111000010000000001101000111110101011000001101010101111011111000000010010100011111110
10111100111111111101100111010010110000111101011011011110101101001011010000001111001001011101111100001111001101100000110
11111110100111011000101111011110110110100100001010011011101001100110000100001011011111100111010011010011011011001000011
00000001101011011000011001011110110011001010010100100111111110111110100100001001101111111001001011101001100111110110011
00110110001111110100111000001011011101111011010010100011100010100100100011110101100001101000101001011001001100101000110
01010100101100101111100100111111110001011111000100011011101000001111101011001010000110101101111011111110110100110000011
11110100011111110100010111010110101001011010011111111001111110001001011101100101000101001101001000111100110011101111100
01100010101010101111011011000111100010101110010000111000010011100111010011111010101110101111011101011011001101011001010
11101001111100101001000110101000010111101101110110101011111000100111111100011001011110010111110001111000111110111011111
11101010011011010101011111110111111100011111011111011011110101111000011010100000100101111011100110100111111011111110011
11001100011001011101010011011110100111010011111100110011111110000010001001110001100101001101001111110010111100100110011
10111011011011110000101110010110010010111011101110101100110110011111011110110111111001111100101111001011100110111111110
11000101101001101110100000111011101111111101001111111000110011000110101000110101100001011101111000101001011111100101110
01000000011000000110011010110011111010101100101101010110000011101101100011111010011110011011000100110000000110011001011
11010110110101010001011011001000000111010111101110001110001110100011101110111101010100001100111110101110111001010101100
10110010111011100100111100101110011011000111011011000011101111101010001111010000110111001001010101111011100011010010110
00101000111001011001111101000101111111010111110010111001010011010010101011011111011111110101101101011010111101110100111
10111101111101111011001000000111111000001111100010010110011100011011111001100111101110101000001011010110010110111000010
01101101111110100001001110110100010110111111011111111100111011101110011010100001110001000000001111000100110011111000111
11001011101101001000101101111101010000100001111110101100110110110010011011110111111011011000111101110011111011010011000
11110011011110001110110101110011010101000110001100101101111001100000101011001100110110101001000100111000010011101111111
10011100101010010111111001010111011001100101111001000010011110101110100111100101100010110001001011001111011000101110001
11010111010100011110101011110011000111110000011110100110100100101100001011011111001110101111010010110101111000100100000
11101011110001111100111110010101011001101001010111111000001011011100111101000001011101111011100010000010010111101011001
11100011000111011111111111100000010111011001001111111101000111101100111100110100011100100110011101000110101100111001111
10110110111101001001101111101011000100000011011111111000110111101000010000111101101100011111010010001110011101011110111
10011110100011011011011100010101010111001110000111110100111011001100110100010110111011110001101000000110011100101101001
10011100001111001110110011101001101010011011010010111011010101110111111100101111101001011101101000001110100111010000100
10100111010110110011101101111100001111110001010111011011011000000111001101011111100110111000110001010110011011100000101
11001100001001011101001011101110000010010100111011011110110111110111111001000110010000100110011011111001111000111100110
01101011111000111110010100011000110011100000101011100001000011000001111111100101011100111101010111111001010101011011100
00100101010111000100001110100100010110000111101000010110010110000001011101111001010110010001011000000110111000101100111
11101011111101011000110111011010010110011000111110101001101100110011110100010110111100111011001010010101011000010111110
01100100111001111101000010111000011111110100111010011110101010110001011010100110111010101111111101101111101101111111011
11100000110100100111001100110101110100110011011101100000111011110000001001101001111010101001011011101101110110110110000
01101001100000001001000011001111010100010011101100110011101101111101101111011101101111001100000111110010011001011110111
00110110111101010010001111101001101110011000111010000110000011010110011100110010110111010111100100011000001000110000111
11110111110100001110011010111100000000010111001000101000010010001011110001110011010010111011100101011010010100001101010
10100110110010100110011011011000101000111010111010000101011000101010000101011110111110001110111110101101011010010011011
00011101101010010111111011001000010110110111110101101110111001111110111010010101110101111111000011010110111110101100010
01010100001100100101111110110101111111011110011011010111010110110001011010101011110101000110110111100111010101010111111
10001111000110001111101100010011011101101110001011111011111010100010000010010010011110101000111001100101111101011010001
00000111101101010011100000110110101100101110010111011110011011101111111010010010111100010001110101000010111100101101011
00010100011011111111010110101101111011101100100111011110111111101001101110000011100111100001100110100010110001101010101
11001011100011000101101001101100111100011111110101001111111011101011011111001010100110111010100011011111100110001001011
11111001001001101100110001111011100011011100101100011010000111010100101011111101111111011110100011000101110111111010100
11000000111110100100010011110111010011101011110100010110111010111100110100110100111001001010110111101001010110101111100
