010111111011101111011111101111111111111111111111111011101011110111100101011011111111111100111101111111101110111111110111111110111
100111111111111111111111111100111111101110111111110111111101111110110111111111111101010111010011101111111101111101110111111110111
000101011111111011101111111110011111101011011011111111100110111100111111111111111011111111111110111111111111011111111011111111111
111011111111111011111111111110011111101111101011111101101111111111111111100011111101111110111111010111111111111111011001011111111
110100111111110111111111111101111111111110111011101111110011111111111111101111011101111111111111111111101111111011111111111111101
111100111110110110111010111111011111011111111111111011011101111011010111111111111110111110011111111111111111111011111111111111111
110111010111101111111111111101111111110010011111101101111111110111111111101111111101111101111011101111111111111111111111101111101
111111101111011011011111011101111111111111101101111101111111001111111111111011111011111111111101101111111111011111110011110011111
111111010111110100111111101111110111010111111111101100111111111011110111111111111101110111010100111111011111111111110111111111111
011111111001111111111111101101111111110001111111111111011110111111010111101111111111111111111111011011111111111111111111110101111
111111111001111111111111111110111111111111110110111111111111111110101011110111111101111111100110011101110111011101111110111111100
111110111110111011111111111011111010011110010001111111011111101011111111111111111111111111111111111001111111011110011111011111100
111111101111011101111111011111111110111111011111010110111111111111111111101111011111111101011111101010111111111111111110111110111
011111011111101110101111111111111110011000111101111011010111010111111111111111111111111111011111101011111111101011111100110111111
111100110111110111110111011111111111111111111101101111111011110111101111111111111111111101111111111111111111111011111101111110111
110011101110111011111111101101010101110110101111111101100111011111111111101101101111111101111111111011101101111111011101111111111
111111110111011101111011011111111111111011110111100011110011111111111111101111111101111011111001111111111111111001110110101011111
111110110111101110111011111111111111110100111111111110111111110111111111011101100111101111101111101111111111111111011111111111110
011111101111111111011101111011111011111010110011011110011011101111111111110111111101111101111111111111111011111101111001111101101
110111111111101111101011111111111101111111111111111011111111111111110111111111111011111110111111111100111111101111111111011010110
111111111111110111110100111101101111111111111111101111110111011111110010111110111110010011110111111101111111011111110100101111111
111110111111111100101011110111111111111111111101101111101110111101101000101111110101110111011111111111111111111011111111101111110
111111111111111111010101111111111101110101111111111111111110111111111011110111110101101111111110110110111001101111111111111111110
111110111111111111110110111111110111101111111111111111111101110111111111001101011001111111111011111111111111100011011111101111111
111111101111010101111111011110101110101110111101111011111111111111111011011111111111111011110111111101111111111111110111101011111
011111110011111011111111101111011011111111101111111111111111000101111111111111111111011111111111111100111111111111111110111101111
111111111111111111111011110101110111111111111110111011111001110111111101110111111111101111111111111010100111111111111111111111111
111111111110111111011111111011110011111111111111011111101111011101011010101111111111111111111111111101110111011111110110111111011
101101001011111011110111110101111111110111111111111100011101101111111111111111111110111011111111100111111111111111111111101111111
100011111101111111111111011110111111111111110111010101110110110111111001111011111011111111111110111111111111101111101110111111111
110010111111111011111111101111011101111110111101101101111111111110111110111111111011111011111111101111110101111000111111111110111
111111111111111111110111011111101111111110111101111110111111101111101111111110111111111111111111111111011010011011100111111111011
111111110111111011111110110011110111111001111111110111101111111111111101111111111111111111111111111111101101101011101111100111111
111111111110111111011111101011111011111111111111111111011101011111110111101111111111111011111111111111111111111111110010111111111
111111111111111011101101111111011101111111111010111111111111111111111111111101010111101111110010111101111111111111101111011111011
111111111110001111111111011111111110111111111111011111001101111111001111111111011111100110111110110011111111111101111101111011111
111110110110101111111111111111111111011110111111111111110111111101110111111110011011111111111111111111111111110110011111111110110
100011111111111111111110011111111111101101111001001111011111110111111111111111111110111111111101111110011111111111110111111111111
111111010011111010111101111101111111110111111111011111111101110111111111110111011111011110111111101111101011111111111111111111111
110111011011101101011111111111110111111011111111111111011111111111111111001011111111101011110101110101101111010101111011100101111
111111111011101110111101111111110111101100111111111111101111111010111111100111111111110111111101011111111111111111011111111111111
101101011110101010011111011111001111011100101111111111111111111111111111101110111111111110111111111001110101101111111110011111111
110111011110011111111111111111111111111111011100111111111111111110111111110011111011111110111011111001110101101101111111111110001
111011101111111011111111101111111111111110101111111110111001100111111111011111111111111111111111111111101101110111111111111111101
111111111100111101011111111110111111111111110111111111111111110111100111111011101111110111111101011011110111111111111111111111111
110001111110111111011111111111111101101111111010111101011111111111111111111011111110100111111111111111011111111111111111011111111
111111101110100111111011011111001111101111011101011111111111011111101111011010011110100111101110111111111111111111111111101111111
111111111101111111111111110111111101111111011010011111111101100001111110111101101111111111011111011110111110111111111111011111111
111111111111011111011111111010111110100111111100011111110111011011111111111111101111111101011010111101101010111111011111111011111
111101010111110101110011111111011111101111111111101111110101111111111101101111111110111111111110111101111111111111111111011110111
101111111111011101111111111110110111111111111111110111111111111111110101111110011111111011111111111001111111111110111001000111111
011110111111101101101111010111111111111111111111111001111110111111111110111111110011111111111111101101111111111101011111101111111
111011000111111011111111111100011111111111111011111001111111110111111011001111111111111111111111111111110101111111110111111101111
111111110111011110011111111101101111111111101111111110111011111111111111011111111111111011111111111111111111011110111111111111001
111110111010101111011111111101111010101011111011111111011111111111111111111011011110111011110111111111111101111101110110110111111
010011111111111011111011111011110110111101111111111111101111110011011101111111111101111111111111111111101111111101110010011111111
110101111111101001110111111110111111011111111111001111110101111101111111011110111110111110111011111111111101011111110111011111111
011101111111110101011111110111111111111111101111111110111011111011011101101111101110111101111011011111111111011011111110111110001
101110111111111111111110110101111010110111101110101111110101100111111111011111111110011011111111110111101110111110111111100111111
110111111011111111111001111110111111111111111111111011111110111101110011111111101111110110111111111110111111110111111111111111111
111111101111101011110111101011111011111111111101011111111111011111011111111101110111111101111110101101101011011111001101111111011
111111101110111111011111101101101111111111101110111111111101101101011111111010111111111111111111110100111011111101111111111101110
011111011111100110111110100110111111100111100110111101101101110100111111111111011111111111001111101111011011111111011011110101111
111110110110111111111111111111111111111101111110011111101011111011111111111111111111111101100111111110010010111111111111110101101
110111111111111111111011101011111111011111111110111111110110100101111111111111110011111111111111011010011110101111011101111111011
100111111101111111111111111111011111111101011111111111111111110110101101110111101111111110011110011111011111110111111110101111111
111110111011111111111111111011111110111111111111111111101011001111011111111100111111011110011100111111111111011011111110111101111
011111111101110111111011111111101110111111110101111111111111111110101111111011011111011111111111111101111111110111011111111111111
001110110011111111100111111111111011011111110111110111111110111111110111111111111111111111111111110111011111101111111111111101111
111111111101111111110001011010111111111111111111111101111110111111111010101111100001110111110111011111110111011111111011011101111
011111111111111111111011110110110111111111111111100111101011111110111101111111111111111111111111110100011111110111111110011111111
111111111111111111110011111011011111111111111110111011111111111111111010110111110101111111101011111110111111110111111111111101100
011111111111111110111110011111111111111011101101111100110101111111111111011111111111111111111101111111110111111101011111111011010
111001011011011001111010111011111011111000111111101101111011111111111011100011111111111111111111111111111101011110111111111111011
111011111101111111011101110111111111110101011111111111111111111110111110100110111101111111111111111101111111111111111111111111011
011011101111111111111111111110111111111011010001111111011111101111101111101011111011111110111111111011111111011110101011111111111
111111111111111010111110111111111101111111111110111111111111011111011111111101111111110111110110111111111111111101110011111111111
111111111111111111110111111111101111011110111101110111110111101111011111110110111111110111111110111111111110110111101001111111001
111101111111011111111110111111111100010111111101110111011111110111101111111111011011011011111111011101111101111111111111110110110
111111111111111010111111111111111111111111110110011111111010111110111011111111101111110111100011111111110111111111111011110111111
111111111111111110111001111111111101111111111111111011111111011101111010111111110111111111111111101111101111010111011111011000111
110111101111111111101110111110011111011111011111111011111111111101111011111011011011111111101110111101111110111111111111010111101
101001010101111101011000111111111111111111111111111111101111111111111010110111111101111101111110111111111111111111101111111101001
111110111111111111110111111101111111101111111001101111010001111111111111111111111110110011110111101110111001111111101111111101110
101111111111111111110111101111111111110111111111111111111101111111001111111111011111001111111110110111111011001101111011111101100
111111111111111110111101110111111100111011111001111111111111111111111111111111111111001011111111111110111110011101111111111111111
101111110111111111110011111111111110111101110001111111111110111111111011111100101110110011010111111101111111111101111111011101111
111111111111111101110111011101011011111011111111110110011101111111111111111111011110100011101111101110110011111111111111111101111
011111011111010011011111111111111111111111111111011111111011011011111111111111111101111101111111001111011011111111111111111111111
011010111111111111101111111111111110110110011111111111110110111110011111111011111111111110101111011111111111001101111011111101111
101110110111001111111011111111111111111111111110011111111111110110011111111111111111110111011010111101111111111010011001111111101
111111111101111110111111111111111111111111111101111111111111110011111110111111101011111010101111011111111011011001111111111111111
101111110101111111110111011111111101111011111111111111011111111011111011111101101110110111110111111011111111110101111111111110111
101111011111111101111110111111111101111111011111011111110011111111111110111111101111111111011011111111111111100111001111111111111
011111100111111101111111111111111111101001110111111111111111111111011111011111111111111111111101111111111111111111110111011111111
110111110101111111111101111110111100111111111101001111111111011110011111111100111001011111011110111111110111111111111111110011111
111011111001111111111111111111111111111101110110111111111011111100111011111111011111111100101111011011111111110101111011111011111
101111001111001110111111111101011111110111111111111011111111010111111111111111110110111001111111101111111110101110111110111111110
111011111111111111111101111101111110111011111111111111111101101111110101111111111111011111111111110111111111011111101111110101011
111111111010001011111111110111111110111110010111110111111111111101111111111011111111111111110111011011110111111110101101111101111
111111111100111111100111001011111101111010011111000011111111001111101101110111011011110111011111111101111111111101111011101111101
111111111111011111101101100111111111101111111110111111111110101001111100111111111110101011111111111110111111111111111111101101111
111111110111111111111111111111101111101111111011111111111111110000110101111111111111111101111111111111001101011111111110111111111
011101111111111011111111110111110111110011101111011111101101011111111111111111110111111111111111111111001111110111111110111111110
111111111101111111111111110011011111111110010111111101111111111011111011011111101111111011111110111011110111111111111111111111111
111111111111111111011101111111101111110111111111011111111111000011111111111111111110011001101111111111111011101110011111111111111
101111111111111011111101111111010111111110001111111101010111111111111111101111011110111111111111111111011101111101111111111111101
011111111111111111111111111111101111111111111110011111111101111001111111111110111011101111111111101111111110011111111000100111111
110111101100111111110111111011101111111011111111111110110011011111011011101011110111001110101111110111011110011110111101110111111
111111111111101111101100111110110111111110011111111111111111111101110111111111111111011110111011101111111011101111111111100010101
111111111111111111111110111111111111011011101111111111111110111110101100111110110111111111110011011111101111110111111100110111101
111100111111100101111010111111000111111111111111111111111011111111011111111111111111111111001111111111111111111011111101111111101
101111111101111101011111111111011110111011011111111011001111101111111111011101111111000110100111011101111101111101111111110101111
111111111110111111111111111111011111011111111111110110111101111111111111101011111111111111011111101011111011011110111011111111111
111011111110111010111110111111111111011101111111011011111111010101101111011111110111111111011011111111111011111111011101111010111
111111111111111111111111111110100101111111111111111111111111011111111111111010111100111111111011110011111111111111101111111011111
001111100111111101110111011011101011101111111111111101000111111111111111111101111111111111111101111111111111111111110110111111111
110011101111111111011111111111111011111011111111110111101111110111111011111000101111011110011111011101111110111110111011011111110
111011111111100011010111111111111110111111111111110111111111011101111111111110111111111111011111111011111110010011011101110111011
111111111101001101110111101010111011111110111111111111001011111110011101111111111111111111111111101111001110110111110110101011011
111011111110111111101111111111111101111110111010100111100111111111111001111111110011110111111101111111111111111111111011011111111
111111011111111101110010011101110111111011111101110011111101111110111111111111111111111111111111111100111110101111111110101111101
111111101011101111111111111111110111111011111111110111011101110011111111111111001011111111111110110111111110000101111101110111101
111111101111111101101111011111111110111111111111011111111111111111111111011111110111111111111110011111111111101111001110111011110
111111111011111111011111101111111111111011111111111101111111100011010010111111110100010010111111110010111111111101111111111100111
001111111111010111101111111111011111011111011111101111111011111111111111111111010111111111110111111111111111101111011111111100011
111111111111111111111111111011101101111111011111111110111011011101111111000110111101111111111111110111111111111111111100111110011
111101011100111111011111111111111111111111001111111110111011111011111110111110111001011111011111111101111101100011111111100111101
111111111100111110101001111111111111011111111111111111111111101111111110011111011110011111111111101111101111111111111011111011110
