0111011111101111010110101111111010111011100111011111111111111111101010111000011011110111001
1011111001001110011111111011111111101001111011111110110100111101111011101110111110111011110
1101011001001001111111101010110110101111001111101100001111111110111101101010011111101111110
1110111110111101101011111011011001001011011110011101001101111011000101110101011111100111111
0101001111101100011111011101100101011001110110101000101101111001101111101110001100001100111
1111001111111111110110110100010111101111111110011011101011101110000010100111101000111100110
1111110111011111111110111110111011010111111111110111100111111011011111111111111111011011110
1001111011110111111101001110101111111011001111111111111111111111111111010110101101101101101
1001111101110101101101111011111011001001111111111110001010010011101011100011111001111011111
1110111110111101110100111111111010111011111110011101111101001101010111101111101100010001111
1001110111011010101101101100101011111101100111111100011111011110101010011111000111011111010
0001011111101011111110011110111011011101111100111111110011111111010000010110101111011000111
1111111001110101111110111111110011001010011111111101111101101100101010111110111011110110111
1101111111001011110101101110100101111011110111111100101111111100100011111110011111111101011
1100011100110101110110111011111001011011111011101110101011011010001111111011110010111101110
1011011111011110010011111110111010011011011111101101011111111111010010111111010111111010111
0011011111111110010001111101000100011100100111111110101101001110111011010111101110101001111
1110111101011111100111011101110100111011010110010111111010101101011011011010100110110101111
0111101110111000000011001111111110011101111100111100011111101111111100100111011111111111111
1110111111111110010000101110011001011011110111100111100110110011111101011011001111010010111
1111111000011011011001010011111111101111101100010111111111111001111111011111011111010011111
0111100110100101111010111111001000110111001011000111011100111111111111110011011001111110101
1111011011101111100101011111011011110110111111100001001111100111110111111101111111110100110
0101111011011011110011100101011101001110111111111011111010111111010011101111111100011110111
1111101111111111111101100111111011011110111111011111100101111110011101111111111101110011110
1000111101111101111101111011101101111011111010100101010101111110111001110110111101011110111
1111001111011111001111101100101111111111101110111110111011111010001111111001111001011111110
1101100011001010111011111100101111101011011101011101011111111110111101000111010111111011001
1110101111111111011010001111011001101111011111001010111011011111011001110101100100001101110
1111011011011011011110111000101101111110110001101011111110101110111110010011111011011111110
1101001111110011001111111111110111101111100101011110101011101101011110111111110101111111111
0110110100000100111010010111011010001011110101100111111111010111111110111011111110010110111
1110011111111001001010101011001101111111111101111110011011100110110100101100111111111110111
0101111110111110000110111111111010111111111111111101011101111110010010111100111111111001000
1110010101100100010011100111111011010011011101101011001111101001011011011110111101011101111
1000101101110111111101101110010011101110111100110111010101111100101110111111001110101100111
1111110111111111111110011111111111010111111110010111110110110101111101011010011101011110111
0010011000110000101011111010111011011010110100110110111111001111111100111101111001111011110
1011011101001111010111111111111111111100001111111110110110011101011010111010111111110011111
1111111111110111011111000111101111101000111111100111100111100101110101001111010110011100110
1100111011110110101110111110011111011101011111100111111111111010101111001110111110011011011
0101111011011111011100111101110111111101101110111010110111111111111001100111011110101111111
0111011111011011001011111111100011111011110011011110010011111111111111011110111011000111010
1011111111111101111110111011101111111111110011111110111011110111001001110101101010111101110
1111111111101111110101111110100001001011111101011011110111111101101111111010110111111001100
1110001110101111100101111001111111100011101110111110111111111111111111111011101001111110011
0110101110111111101100110110010111110111110101011111111101101111000010111010011111111111010
1101011111111100111010011011001011011110011111101011101111001111011100101111010111110101010
1111110111111111101000011011111011100010011111110100111111010111100110100011101100101111111
1111001111111111111111001111001111011111101101101011000101010011101010111110111100011101110
1100011110010010110111011010111110111111111111110101011110011111110111001111010010100111100
1001011101011001010111111101010101111001100010110110110100111110000001010110001011110110111
1100111101011110110110011010111100001111110111111001000111011111110001010011111011101111111
1100000101111001011011010111110111011110111111101011000101010111110011111011100011101111111
1011110111101111111011110011111111100100100101111010000010111010111000101111011101001111110
1111101101101101101111101101010101111111110011111111110010111111101000011011001110111111111
1010011110110111011110110011111110101111111111011010101101000111110110111110111111110101101
1011111101111111101010101111101111110101111111111100110010111111111011111110011111011011010
1111111100011101011111111111011011111001111111100001001101001011110011101111111100111011111
1111101110110111000111011111100101011010111111001111111101001001110100111000001011110111111
1111111101111111111011011111111001110110111011110011101101110100001110111111101101001011101
1110010101111101111001111101111111011111011111111011110111001011111110011111111011111110111
1011011110110011101101111111110111000100111101111111111111100101101111111000001111111011111
1101101111010001011111110000101100101111011111111110110111110110111010011111011110111110010
1110100110101100101111100101010110011101111011001110111111110111010111001011110111110110111
0110001101010001111111111101111111101111011001010010111011110101101011111101111111100111001
1110101110101010111111001111111100111110111111010100001101001111010000101111010000111111011
0011101101000010001111101011011110011101101011011010000010011110100011011111111100111010100
1100111111101111110011110010011101110010101011101110010011101111110101111011110011011001111
0111101111000110110111111111100000101001111111000011110001100010110110011101111111010101001
1111111011001111001001111110101111010110010111111100011011111010011010011010011110110101101
1001001100111111110111101110111101111110001111100101110111011111010111101101111111011111110
1110101001101111010110111010001111111111101011110110011111111111111111110001111011000110111
0101111101111101101010111101101011110101111100010111001011101101011101010001010111101101101
0110111111111111111111011101011100111011111011111111111111101101101110100001001111111101101
0001011011100011101111111011111100010101010101011010111100101101111111011110111110111010110
0100011111011010110000111110111111100110101111001100110010101100110111011001011111100110001
1111001010001111001011111111011111101111111010110110101011100101111111111101101010011110111
1111111111011100101111111110010111111110111101101101101111111111010101111011110110111111110
0111101101110101111110111101101111111011110010111100001111101011110101110111101011010010010
1111001000111111111110100001010111010011111110110011110111010111110011111111111101111001101
1011001110111101001111101111011011101110001011110001111011011110110011011110100110011111111
1111010110001111111001101001001011010110010111111011110110110111111100100111101010000110110
1100011011111111011111111111011111101111100111110101000111110111101111110011011111001111011
0110111110110111101001010111111011111101110111101100111101101111001110010111011011010101000
1011110100101110011001110110111110111001011101111111111110010101111001111110111001111011111
1111001010101001001111011111011110001110111001101011111101111111111100011001111101110100111
1111001111100110111010001011111001100110111110111110111111111010011011110110001011011100111
0111111111011011111111111110111110111111010110001111111110111110100110111111011011100111010
0111111011111111111110111110111110111111111101111101111101110111101010011001011101110111101
1001100111011101111111010101001110111010110001001001110110111110111011101110110011010111010
