01001010111110011011011110110111110000011011111010101111111101111101111111100010001111111111101001111101011011111011101101111111111111111010111011101011111101111110000111011000011110
10001110011110100001001101111011111110101001011011111100111100110011101111110101111101111000101011011011110111011101001111111101110100101001110110111111111011110111100111110110010110
00000011101100001111010011110111100111111010101100111111100110111100100101100111011101101011011001111110011100101001101101011111101111101010111111111101101110011110111111111110001101
00001111111101110100111011101110011101111111101010010111011100101010111111111011101100001111111111101101010011111111011110111101111111111111011111110110110111011111000011010111010111
11010101111100101111001111001101101011101111111101011111100110111110111110010111111010111011110110011011111000011101111001111111111011100100111111111101110000110110111101011011111011
01011010111111101110111110011111101111110100110111101111010011111110111000110100111011111101100111111111110101101011011110101111111000111101111101101011001111101101111111101110110001
11110101111011010101111101011010111111010111110111101110101000011010001111111101001111111111110111111001111110110110001111111010111101110111111111110110110110101111100111110101111110
00111010111111011110111101011010111101110111110111111000111100111010111101011111110111111011010101110110011011011000011110110001000010111011111110010101011111011100010110111111101001
10111111011110101111111101001100001110111001011111111111111110011111011111110111110010111111111111101101111111100011011110011110001111110010110111101111100111111010001111011111111011
11011111101110011011101011110111101111110110011101110100011111100001101111111010111111111111000011001111011011111111111111110011110011111111111011101110100111011111101111111111111111
11111111110111111110011110111111101110100111101010111110101110010111111111011111110011101110110011100110111010011011110110110011100001100110111101010100011011111101111111011101010110
11111101111011101111101011110101100010111111111100101101011001100110111110011010111110100111010111011110111101010110111111011101011000110111111000011110111110111111011110111000111100
11000111111101111110101011111111011101110111111000111110011011101111001111111111101100111011111000110111100111111010100001100001101111111111011111101010011001010001100000011001011011
00010111001110011111111111010111001111011101110101011011110100111110111110111110111101110011100101111111011110011111011101000111001110011101001111111110011111111111111111011001000111
01011100101110000110111110010101101111111011010111111111010111111111101011000010010111101111011011111111101110111111111011111111111111101111111001101101110111111111001100001101100111
10010011011011001011111001110011111101111000110111111011111111111111111011101100010100111011111011101110111110011111101000111111111101100011111101111110110010110011111011011101101101
10101101111111010111011111011110101110101111111111101110111011110010111011111110101011111111101110011111111111111111011111111011111101010011011111000111110111110111110100111101100111
00111111101111101000110011111111110101110110001110101111100110111011110010111011111100101110011011011011111110001110010011111011111101110011011010101101101110100010101000101101110110
10101101111111111001111111111110111111001101101011111000111101100110111111111111111011110110111111111010111110001100101111011011111011100011100011011111001110111100101011101110111110
11101010110101011010101110111101111010000111111111100101011111110110010010010101011100010111111100010101101011011111111111111111110001101101011110111111011011011111011111100001100001
00010111110111110111001100111111111100111100111111101110100101111100110111000110010001111111111011101111110111010111111111111011111111000111011010111101110111111110100001111111111100
10110111101001111110000011101010110100101010111110001110110101111111001111011011100111110101111111111110111111001011100111100001101101111110110111111111110011010101011101000110011101
11011111111111111011100011111111110110100100101111110011100111001000011111011011101011111000111011011111000011101111010011010111111101011111000011011011101111010111011101110010111111
11001111101001101011100001111101111111000011111111001101110011111000001100110101001111110011011111111011100011110110101111110110111011111111011110101110011110111101111111110000111101
10111100011111101111011001110110110111100010101011111011011111010111111110010111011110111101000011110110111111110000011110000111110111101010110110111111101110111110100110010011111111
01111011110111011110011110110111110110011111111111010110101011111011011110011110101011111011101101010111011011111111111111111110111101010100111111100101001101111011111101111111110011
11110000011110010111111111001111101110101011110100111111101111101110110110010111001111111010111100110101111111111101111101110101001001111111001001111101001101110101111111111011111111
11100111011111111111101111000011110111101011111100011010111110111011101010111011111111101011011111110001111101011110000111110010110001110111110111111110001100110110001111111110110111
01011111101010001111111100100111110111111011111101001001100001111010101001111111111111110111111101001001111011111101101111101010111110111001100110110011101111001111111011001110111111
10111100111111101111101111101010110100010101011011101100000111110111111111101110011110101111111111101110111000110100001111111011010111111001001000111111011100111011011111111110110100
11110111011011011110111011111101110100111111011001111110101101010111111111110111111101011011110111111110100111110111111011111111100110101011111011110100110111001100111011010110011110
11101100011111110101101101111010101111111001111011111111011101101111111111111111111101011100111011110111011111101101111011010111001111011111011010101000111111111101110011111110010010
11101111011100111111111111111111000101001110101011001111111010111111100001111010011111111101111101101011011011000100101100010110101111000111110111110100111011111010111110011111101010
11010011000010010111111111011110001110100110100111011111111111111111111101011111111101011111011111010111001101100111110101101101011011011111110110111011111101110100111110111111111110
01011111111011111011100100100001010111011101111111111111101111010111111101011001111100110101101111110010011011110111110111110101111100111011111011101111011010101110110011111010101111
01110111111011111110111111111111111011111010110101100111111111110111011110111111101101110111111011111101010011101100111100111110111110001101111110111111110111101111110000111111111111
01101110111101101011001111111001011101010101001111101011011110101111111111111111100100011101010111100110101100111101111001101011110110110100111000101100100111110111111111110101110011
00111111010011110110000110011001101110111101010110011101111001011111011101110111111011110110101101100101110011101111001101010110111111110011110110101111111011101111101001111100111111
01111101111110111100111010111011010101010001010011111000010001011110110101010111111001111111001101101111101110111010111111000101110011001011001011110110110111110110110010110111101011
10110111110111110100100001001111001111100111010101101011011111110110011111111111011010110001111101110111110111111111111101111101011111101111110111111101101110111101011110111000111111
11111000100101111010110001111011101101000111111111111111110111111001101101001111000011001110101101111111111100011101011111111110001000011011010010101111111101110101111111111111010111
00011111011111001111101001000110111011011011101101111010000100101110100111111110101101111011111111111111101111101111110101010111111111101111111111101110000011111010111011111011111111
10111011011110101101010111111010110100011101101010100100110011101111111111111110101111011101111111001110111111101110111011111111111111111110000100101110001111111011001111011110111111
11011011101111101011000101111111001011111110011111000101011111110111100001101011110111011101101101110110111101011110111001111110111111111000101100111001110101111010101111011110111011
10111111001111011011111111111001111100001110010101111001111111011111010111111101111101011001011001011100010111011011111111101100111111110111111101111011111100111101100111110110101011
11001111110111111001110101111111001101111001101110111100111110011101111111111001011101001010111000111110100111011111110110101011010010101101101011001010111100010111110111110001111001
11111000111110001111111111011111101010001111010011011111111011101111101111111010010111111111110111110101010100110100000100111010111110111100111101101110101111100101010111111101111011
00101111110101111101111101111000011111011101110000011111111011010111011111111101111111111100000111101111111000111101111111110101111110111111111101010111110100010110111011111111101000
11010111101000111111111111000101111011101011011001010010011101101101110011101011100111111001110111110011101001011111111110011011011111111100010100111100111111100010110110101111110101
01001111110001111011101111001111111110111101101010110010111011001111111111011001000111111001010111000111001011011111001110011111001101111110100110101101110101111011111111010111111111
11100111111110111111101010100111001110111110110001011111100110111111101111101101011110111101111010110111100110111111111011110100111111001011101111111110101111011100111001110101101100
01111001111011110010001011110011011001101100111111101101111100111010111010111100101011111111011110111111111001011100101111101101110111111100101010010100011111111010111111111011110101
11101111101111111110110110111111111011111100111100110011100010111011101111111011110101010110010111110100111010010101011001101101101011111111101101110110100101100100010111111100110111
11111110111110101101110101100111111101001011011100110011110010111101011111100110100111111101111001111111010101001101111010110111101111111111010011111010110111111110101100101111011111
10111110101011111100111011110011111110011100001111101100111011111111111100110111111111111111101011101111111111110011001110111001011111010101111101111011111111110110111011000011111011
10111100100101110101001110101001111111011001101100111100011010011111110110111011011110111011101001111111011111001110111111111100101110111111100111100110010001111100110111001111110110
11101011101001011110111101111010111101001010111101111110000110111011111101111111101011111100110001011101010111011111100100101011100100111111110110110001111010110110111111101111010111
11010101110111111011010110010001110111111011111111010111000010110011101010101110111101110110110110111111111110101111111111100101100111000001111111100111111011110110101000111100111111
11010011111110011011000011110011111111010001111111010011000111111000111110111011111100101001111110101011110011010111111101011110111101000110001001101011000001111011010111001111111110
11111001111001110111111010110111011110011101110010110000101011110111111111111101111111101111011101110101101011111000101111001111111101100101111110001111011011000111111001101110000100
00101100111010111101001111110100111110011011111101101111111101111000011111111011011111011111001011111011110111110111010101011111111111000111011110010010111111101111110001101001101110
10000100010110111011111111101111011101111011101111000010001110011011010110011011111111111101111101111101011111111111101101101100011101111110110010110101000111101111111011111110111110
11111101010111111111110101111101110110011111001010111110111110011111111111101010100110111111111111101100111110111101110111111011111110111011101101110101001001111001111001011110100101
11101111101001111101110111011110111101111001110100111111111111101111111111110111011111100000101101110000101001111001110011111111110111111101111111111111001101111011111111110100001111
10111111100011110100111101111001110011101110111011111111101011110011110111111111110110111111010011111111100001011111111011111111111111101010001100011011101011111111110110011110111110
10101100101111110011110010100111111111110111111111100111000100110010111100111111110111111001101111110111111110100011001001101111010101111111110111100101011001111111101001001111011011
01011111101111111111010011111111111111110111101101111011110101111101101111001111111100101101011111101111011110010101111110001110111100111111110100111111110111011011001010101110100111
11000000111010110100010011010111111111001011111111101111110101111010110111101111101111111011111111110111111111101111111111001100111111011111000101101111111111111110011111111001011110
11111101011101111110100010111111111010101111011011111011111100111111000101110010111101101100110001100100011111110101110001110111110110101110011110111110010010001110110110111110110111
10011101101101011111101011100111011111110010110111010111101111111101001111111111010110101011111100010111111110011111111111001011100101111100110110000011111111101000111110100110110111
11011111111111111010011111011111011111011010011101111110111110110110010001011111101111111111110101111101101101111101001111110100011010001101010011110111011011011101111101110101101101
11111011111111000010111111100111011111111110111101101111101111111111110000001101010001111111111101101111111111110010100111101111011111111111011111011000011011101100100010111111100111
11011010111111111111111011110111000110010110111111111101011111111011010001111101011111111111110111011111100100010111111101110111110111111110011010011111101000011001011110110101110001
11110011111010111010111000001111111011111111111111101100100110111011111010111111111110111111110001110101111111101001011111011000110110111101101000011111110101000011111111110110111011
11110110110011011110000100011111100111010111111110111111111110111101110011001111011111111100111111011101111000111101111111101101010111111011011111111111011110101011111111110010111111
01011111111111001111011111111011111111110110111101011011101111011100111011000111101011001111111011101011001101010101011111110101111111111011101110111001101110010100110101101000011110
00010011011111011110011001011101111110011111111111111001111111101111011111100101101110011111111111001001111110101111111110000111110100001100110111101111111111111111110101111111110011
01101111101011011011100111101111010111111110100100110110110100011111011111111011111101101111100110010110101111111010010101001111111110101100111010110111101111111011110001110011010010
10111001111111101110111011111111110111111111001010001111111011111111111001110100010111011101101111011011111010110011101110001100110110101110101111110101111011011110111010111111011110
01111011101010000111011110111011011111111001110111101011101111011111011111111100000011011111001110101011001111111110111011111111101111011111011001110111111000001010111010001011101111
01011101111111001110011001011011011111100111100110011110111101101111101001011100010010111011111110111110011101011111111111010101101101111110001010111010110111100101101100111000111001
01101101111101110111100010011111111001110001111100101011011111011110110111100110101100111101011111111111101111111111100111110100111110010001111011111000100010101101110011010110011111
11111110010111001111001111111111111101110110110100110011111111010011101011111100010101100111110101110011101101100110011110110111111111010111011111100110001101111111010011111011011010
11110011010111110101010110111111111110000111111111101111011111111111111011101110011011100000111000111111111101100101111011110011011001100111011111111111111111100101110011111011111100
10001111111100101010011111111100100001011011001111110111100111111101011011111011100101111111100011011010101111111011101111110111101111011111101011101111110000111101011111111011111111
11100111011001101010111101111011110101101111111111011110110111010101101110110111001110101111101111110110101011111010011111011010010111100111111111111011111111011111100111011110110101
11101111111111111110111111111100101101110100001111110111111101111111111111100100111111011110111011110111110011110000111011110111110110011101111111111101111011110011111111111111110110
11001111110011011011111111101011111111110111101111111111110011101101001111101011110010101111011110110110100111111100011011101100101111111101100101011111111010011111000011011111110010
11111111111010111100101011110111110010101111111111110111101111101111111111111111110011110101010000111011111101101111110111101010101101101111100111111101111011001110001111110111001011
10010110111100101111110010001101111111101011001100111110110111101010101111111111011011111010111111110101111111010011101000111101111111111101110111110111110101010011111011010110100111
10111011111111111111100101111110010101101100011000011011010110101001011111011101101011110101111111111101101100101110011100011111011111110110110001111101111011101111111111111111110110
10111111110111111001110111011110111110110111101011110111001111101111011111011111111011011010111111111100110101100101101111111110111111101011100110111110111001100111011100110111101111
11011110101011011011111001101111101101011111011010100111111001110101111111111110101111100111011100101010011111111111111010111001011110110111110100111011011110110110111110111110111011
00111011101110110111111100111111110110010110111011111100111101101011111111111000111100111111100110101100101111110111111101001111111111111100110110010111110011011011101001001110010011
11110000100010111111111101111101111101111111110000110111001111110111010100111011110101110111100111110100101100101111011011110110101011010101010100010000100111011110111101101111110111
00011111100101001011010101111110111011111111001111011000011101110111011110101111111001010111111011000011111101111011101111100010100101101111110101001101101111111010111111111100111101
01011110111100111110111110010111011110000110001111111010011010101111000010111111110011110111011101011101111001101111110101111111110101001111001110101111100101110011110011111001100011
11110111111101110110111111011111111111111111101111001111100111111111101111111010011011100111001110011000111011011011101101110110111110001111001111101011010110011010101100111011110111
10110111101011110010110110110111101111111101011110111111011111111111101101010001111101111111111000011111011111101111101110111111011111110111100101111110111111011111111100111101101111
11101111000111101111011111110011011100011101111010111101110111011101011011100110111111111111001011100111101111111111111101101111100111111111011111111111101101111101101100111110111011
11111110110101111110111100001110100100101110110100010111111011101010001110111011110110001011110011100111011111011101111111111111110011111111110111110101011111010101000101100110011001
10110101111111111001111011100111010111111111111101111111110101101111111111100100110101110111011010111011111110011111101111101101111111111111101111000111111111011011011111100110001001
01101101011111111110111111000111111010111111010111110111011010001111010110010111111111111000100100111101011001001110111000101010111010001101111011111011111111010111111101001111111011
11011110110011101101101101111001110101111100001111110111111111001111011111111011011100101110000110111110001110011110111110011101110101111110100111101010011011101100000101111111111101
01001110101110111111110110111110000011111111010110111010011110111101011111101110011111111111011111010100011101100100111111110011011111101110111101001001111100110000011001111100001011
11111111111101011110110011111101101101011011101100011111111011100111110101101010100100101101100111101110100111011111001111011111101100011111011000111111111111111111101110111111101111
10101011111101111111010011111101111010101111000111011011010101110111111101111111111111001110111111111111100111110000111110101111111110111111111011011111111100111100111111101001101011
01100110100111111110110010110011010010111111111000100111110011100111111111011101111110011111111100111101111011111011101101101101111011111100011011011110011011001101110111110111111111
11010011111011111111111111101011101101110110110001101011111111100111110101001111010011110100110001111101011101011111101101111110010111010110110010111111001111000010010000100011011011
11010101110110001001111111111011111101010111110011010111101111011001101101010101111111111101110111111010111110001111111110000111111010011111111111101011111011111110011001011101111101
10110110110010101000001111101111011111110110001100100010010111110101101101101111011111111011111110110000101100011011111111111110001110110111011110110111110101110111111111101111101111
11011011011111111001100111111110001010111001111111111010101111111010111110110111110011110100110101011101011110100110001111011100111001110110100111101111110111101110101101010110101111
11111101011011111111011001111001000111111111110111110101110101111001011001101101110011011010101111111111010111100011001111100110000111111111001010111111011111111001111111111001110111
01011010010101111111101101111111111111011111011111111101111011101011111010111001111100011011111010111111110011010011111111011011111111011111111111010000111110101010111110010101111111
10010110111111111101111101010010011001110111110011100011111011001101010110001111111011001110111111110111010111111101111101100100111011110110110111110111010010110111111111110011110010
11111100111001111001111001101011011011011100110111101110111011111111111011111010110110001101111111111100010111101110010011111001111011110101111011111101011011100010101101011111111011
10101000011110110011110101101011111110110111110110110101111101111011110110101011110110101101110111111111101111100110011101101110111111011111111001010011101000010100111101011110111101
00011101111101101101101011100011011110111111110110101101011010111011110011111101101101111010111010011011101001100111100101111111101111101110101111110111111111001111110011101100000001
11111111110101111011100111101111100111111011100111111111011101001111011011111011101111110111111101111111111111111110100011001101111011000110000011110110001111011011101111010101001011
11110111111101001011110111111100111101111100111111010011111111100011011111111110111011001011010111111101111111111110110010111111111111000110101111101111011111110010110101101111111111
01010111111100101111111111011111001000101010110111110111010100111011011101111011111111111001101100101101111001111101001100011001111110010111011000110001100000111111010111001111001110
11101010010111101111111101111111011011111111100100111001011111111101111111110101110111111001011111011100110110111111111000111111100001101101111111011110101110110110111111111010110110
11011111011010111101110101111110011110011011111100111111110001111100101110110001011110111101101111111110101110101011110101011011101110010110011111010101111110111001101111011101000011
11111011111100111111101101110111101101011111001111100111001010111000101011010001111111100111101011101001110010110101010111100110110011101000111101111111111101111011010111100101001110
11111110100100111111100001001110010110011011111011011011101111111111010101100111000001011111110010111111011110110101111111100111111111001011011100110010001100110111001011011100110111
11111100100101110001001111100011111101111111100101111101011111011111101110111111111010110111011011111101011111111010111101011011101111011000011110100111010011001011111110011111101000
10101110111001111111101111011111100111001111011011000100101110111110110110001101001111101011011111111010111011101100110101111100011000011011111011111010111101111101011110101011110111
11111101011111111111111010100111011010110110010111011110110110111100110110111101101110100110110010111101111101000101011111101100111111110110001111111011101100111101111101111101001100
11111110011010111111111111011010101111100111101100111101111110111011110011011111111010111101011111011111011101010111111111111101000000011110111110110111111001001100111010010111101101
11011110010100111111101111011100011111110111111110110010001111111111101111111110011101100111110011101111101111010111101110011011001011111110011110001111110000101001110001001111110101
10111110100111111110111101101001111101011111101111101111001111101011001100010101111110011111111001100110111101110111111110101111010111001000100100100111111101010011101111111001111011
11110010100011111100111011001111101111010111101111110111111111111111110111111111111011111111110111110101111010101100110110101101001011111110101111000110110111101111111101011110111011
10111001110011100010100110001111110111110111111110111111010010111001101111110111011011110111111001111110101111101111111110111101011101000011101110101101011011011110101100100111101011
10111010111010111111111111110101110001110111100011111110011111011101010110110001101111011111011110111101100110011111111101011101011110000010011110101111101111111110010011011010111111
11111111111110110111010110111110001011010111111111011101100101111110110111110110100101011111110100111101101100111011010001010001010100010011011001101110010010110111001011011111110110
10010111110111001100011101111101011011001011101111011111100001110111010111110001111010110110111000111101011111111111100010100111110100100111001100111010011111111110101011110011111101
11110101010011100001011110101111011100111111011111111101100001111111111111111111100010111101010111011111111101001100110001011110111100000001111011110111101011100001111111100000110110
00011110011111100001111101110001110110010110111111011111101111010111111111001111101111111110111111111111111111111111111111100001110100010000101111111111111101110111111011111111111110
10110011111110111110111110110011111001111110100101101101101011101111100110110011101111001011100111111101111011111110111110101011110111110001111111011101010111100111101111011111010011
01010111010111111111101100111111111101111100110100101111110110110111001101110001011111111101101111111110011001101101100011001010000010111010111100111011110101001011011001101110111101
11101111111100110010010011011010111111010101111101111011110101110110010001011110010011111111110100101111101011010111110101010010101110001111001100111001001010011111001101111001100111
11111111111110111101110111010011111111011100101110000110110111010110111110101101011101100110111100011010111111100111100011111110110001101011001110111111011101101010111110011101110111
10111111011111111101100101100111001110100101111100111010011110111000100111110111111111100000000011010110111101101101110111111111110111111111110111110100111100011001111000011101111001
01111111101011011001010111011000110101010111101111101011110110111111110100111010001101111101111111111101100001110110010101111101111111010111111010111101111011101011111111010000111011
11111011110011001111111111011011111101111100010001110101110111010100111110111110111111101101010011011111001111111111011101100111110111001110011100111111100111110010101111111011110101
10111110111011111010011001110010101000110100111100101111011000110101001100101011011111111110000101111111101101010111111101110011000100101110001000111111011111111111001101101011111001
11111110110011110101110111111111111111111111101011101111111001110111101000111111111111101111100011111011010011111011011110011111101011111101111111010110011101100001101000111011101011
01111011001101010011111010111110110100110001100110111110100011111010101111110111110101111111111000111010011110101111111011111011100000011111111111101100101111010011110101101111110111
11101100110111110111111110110101011111011111111011100110001100011011100111111000110111111011100111110011111111011001000101010011010011110111110111010101100110011111011011111111110011
01111011111101111111110111110110101111111110001111111001010101110111101011101111001110111111010110111100011110111011011101110100111111101110011111111001111111011001101001101001110111
11010110110111011011011110011100011101101110111100101111011110011011111011101101101111010101110011110111011111111010111101011111111101111101010011100001111111010110101011010100011011
11101101100000101111111011101100011101011001100101000010111101111111011011111111000111111110110111011110111011111011110110110101111011001111110111001110011111011111011011101011010111
11111010110100111100111010001011110111111001111111101110110010001011010011011111110111111111011110110110111001110100110011110011111101001101001110011110000111100001111110111100110110
11011011001111111001110100000111111101101001110111010111110110000111111101101011100111111111110001101111111101111111010100110110111110110111011101100111000110111111101010111111000100
11100101001111000111001111111101111001011010111010110010110110111101011110111111001101111011100100111111111111001101111101111011101011011100111101110111000011101110001011111101101010
10110111110101101110101111111111010110111011111111111110000011010011010001111100101101000100101111111110111010111100011101111011001101010111011011111111110001101100110101110110011001
01110111111101111111111110001011101111110110001010110110110111001011111100111110110101111010111101101111010111011111011101100100000111111010100111011111111001111101111110111011110010
11010101111011101001111001101011110111101111001011111111011111111111011101001110101101101111011110111111010111111001011100010110101111011111010111110111101110110001111011010101111111
11001110101101111110100111110101111111111111101011011111111011111101010100101100111110100011100110010001111001111111000111111011010101111110010111100000111111011001011111111111111101
11111001111111111011111111110101110010111111110101110111111000111111001010011110001011110100111111111110111001101010101111111011001011110100101011011111010011101010111111101001101001
10110111111101100011100111001111101101010111100001110101001011111111111110101111011011011010011101110101011101011100011010110111110111010001111101001101011110110110000011101011011011
11111111011101101011111110111011011111111000111100101111110111001101101100011010111111011011101000111011011101110010110011001011100111110110100001001011011110001011111110010111011011
11111010110101111101101011011100101111100111010111010110111111011111100001101111001001111111111111100110010011110111011111011100001111110111110111011011011000011101001110111101001110
01010110011111111001011101101101000111011010111001000000001111111110001011101100111111110111010010111110010100101010011010111111011100101111101101111101110011100110111000110111110100
01101110011011011110100111101011111111101101110111110111110111111100111101111111110101100110111111110010011100111111111101100101111110011110011110110110110111010101011011101111011111
00101101001101011001011101101111111110111100011111111011101111111001111011111111011110100111101110100110101111101110110111010111110101001101011100011001100111110101101010111010111101
00101100111101110111011101111110110011011111000101110110110101110111011011100011100010101111111101110110111001111111101001101111101110111111111111101111111011110111110001010111111000
11101111111101101001011111110100110010011011111011011101101000011001111011111000100011101011101101111111011100111111101111110111001110001010110111010000100110110110000010110100111111
11110111111101010011000110111111111010111111111111011011101001011011110111100011011111111110100110000100011100101110011011111110101001111110010110001011111011111110110101101100011111
11111110111001010011111101111111001011001111111101111011101111110101001001111100011111111110011110001111101101111011111111111001011101111111100111011111001101111000101010001111110111
01100111010100001111101101110101011111111100111110111100110111010011111111111110101110101011101111111101111110101010010101010011001010011101100011111101111110111011110110001011111101
11111011111111011000101111110111111111111111111101111000010001111001101111101110111111111111100111110001110101011111101001101101101101110110111110101010111111100111011100000111111101
10101101111111111110100001111101111101011111001110011101111111101111100100011011101111110010111111110011111001101001110111101111011101100111111011111101111010111010110011100110111101
01110111111000111110110001011111110111101011101111101101111101111110111111001010010001111111111100111111110101110101111110111101110110100111011000011010111101100111101111011011101101
01111101110000000010111011111111111100101111100111010111101101101110110101101111011111111111111001011111010110110011100111000110110111110111000011111001010110101101111001111101111110
00011011111011111101100011100000110110101100011111110111101010000101001110001111001110111011001011100011011111101111001110110111111010110110111011111101011011111111101001110110111110
00001111110100111111101111111100111111110111111111111011011011101010111111101001100111110111101111110011011101111111100101001110111111111101111111111100101011110001011101111111010101
11011110111110000110111111111111010111011111011011011111111001001101110011111110111111110010111101011011000111001111100101001010011101111111011111011111100111101101111111111011101110
10101011110110010010111110101010111101110111111101100110011011011101001001110011111110001001100100111111111111110101101110010101101111010101001101100010001101111110111110111111010010
11110010011101111110111110111110011101011110000011111101111111111011111100110011010111100111001101100001010101111100100111011011110001111101110010010101110001100011110111111111110011
11011010111011101110001011111011111111111111101001001111111011011111110101111111011010111111111011110010111110111111001111111010001111101110110100111111101011001110100111000011011100
00111101110011111001011111111000001111111111111011011110110000110110111111101001110011001101111111111111111111111101111100101010111111010011111111111111000101111100110111111100100100
