010001000111000110101100101110101110101101100110001000101101000001010100010110110010001001101001010100001110000111
100100011100100110010000101110100001010001001111111110011110011110111110011110000000111000010011111111100010100001
000110101011111101111010111110110100101111111000101000101101011000101000111011111110001100111011000111111100110111
011010110110101100110110100001000110111111010101111110110001010110101010111100010110010110101000011010101111110101
001101111011001101110010110000111110000101010010001111001001111110000001011110001010001001001101011101010011001110
100010011111111000000001111110001101111101011100011001101101011000110001110111010100100100101111101111110111111000
001110000110111100101011000011100010000001101111010101011100000110000100101110111111001100101001001110011010110011
010111001100000101000100111101101010101001011010100001111101000100001100000100010001001110011110001100110011010000
011011010011111001000010101110100101111011100111001010101100011100011010000111101000110110011100111111101101001011
110101110011000000100100101101011110010101010010001001001101011110001110001110101000010101001010110101000001101100
101111101100101110110001011010111100110101110101011110100101010010100011101100100000101110101110111100111010011001
101011001100100100101111001101000110111011001101101011011110100111101111111000101000011001010110111011111010110100
011101101011011011000111101010000110110001001011110111000001001011101110111100110101001101010101011011000101101011
001001101000101011001100001010001101101111001001111010001111011110000110100101100001101110011011111110010000011010
001111101010110011000001110110101101001010111110110101100001010010101100000010000111101000110011100000000000100001
111110110011000000011111100111101101011011001001101111100110110001101011000000110001111111100101010100101011111111
110000000010111000011000101000011011100111110110100110011110110111100010110101000000001111001100010010101111011101
001010011000111000111011101110011110101000110111111101100111000001011000000000001111110110110001000011100010010011
101110100111000001001111111111001000010011101010000011001100110010110110010111100111010111101111101010110011010000
011110000010000111000011011100000100001111100001111011100110001110000111101110001010010011010110100110101000110100
101000100001010111100100000011110100011010100110100101110011100001111101001110101010001111100101001110100111101101
100100010101110100101000010101110101010110111001110001011001100010011000001111011111101011111100011011111111010011
001110101001100101110000011010100111000101001110100010111011111100010110111010110100110111111110110010011110001011
000001100011101101110000010111011011001110101110011110101111111110100000010100110100111010011101010100101101000110
111111011100101111100000011010100110001100110101001110001101110110010101101110011010111001010110001101100100011110
001011010010001000110111100111000101011111101111011001010010010010111101111001111000101100110111111111010010000100
111001011111110011110010100011000010111101100011101101101101011011011101100101110111101001111110000011100010110110
111001011101001101110101010010011001100011000111101110110101100111110011111101101111001010100110011111010001001000
111001101010111101101011111101000000001110010001010100100011010110101010100111010000111001001100111000000111111100
000100110101000100101101011010000101110101100111110001011100111110111100110110011110110111110011010000111101010011
111010111010001100001110100000010100001110100110011001100001111010110100010001111111011111000011111010001110100110
001010000110000011001101000100101100100101100100111000100010110100101101101001111111110001000000100011100110100100
100011010110011111100001000100010001101010101111101000100101110010111001001110100110010110001011011010111011001101
101111001111111101011110110001110001000010110110100100011111011110011111111010111101010110100011001111000111101101
100110110101100011000011101000000000101001001100001101000010001011100100110110111001010011010011001101011010100101
010001001000011110000111010101001100011110110011110111010011100100110100111110110011011100110000110001001011011110
101101011011110011000000001101011010001111111100101010101100011111111100111011111011011011011000010110101111100010
010101001111100100101100011001000001001111100100000110010110010001011010010001011010000110011101111100101110110011
101101011001011101011001111010101011110001000111111001100010111001111110100000101010110011111101000011110101100001
101111000110010010010111111011110001110010101001001000111110100010101010111111011010111111100111101101011001000110
001100001001011110111101010110101101110100111010100111111111011111001001000010111011111011101100110101100011110101
111111111111110110110010011101010010111000001110111100100100111011100001111011101011010110111111100111111011111100
101000101010001011111101111001111101110110011111110101100011100100011011001100000010100011000111111001000100101111
001111010110001011000100100010000101100010101110101111111111001111010111010101101001111111011001001111011001001001
011001110001111100100111010000001010100111110101101100000101101011011101111011011011011011011110100111010011100111
110101101011001011001011110101111110111001111011010111111011101100001101010101111011100111011011101011010110011101
110010111100101011101011011101101101001011110100111010111110000101011001110110000000000000100001111000111010011101
010100101011110101010100111111001001001100101100100001100111001001001000010001101110111010010011100110000101111001
011100010001111111011110001101011101101011111011011111111011110111000110110110000101011101011001010100011111101001
010101100010111001010101010011110001001001100110101110000010101110010110010011001100110010001111000110100100110100
111111001111010101010001111100111010101101011010110011010010011101001111111010010011111010010010000101111011010100
010110100010101111001001101110000111010011111100110001011100100010100010001111001111011011011111110011011011011111
010110001011110110110011100100000001110010010110111000110011001110110011111111000111010111110010001110011101100111
000011110101101101111100011001100011001010110101101100111011011101111100011111111010111001000001110110010110001010
101101011010001101011011001110111000101111110111100011000110001011010110100110001110101011110010001011100010000000
010100110001000010001110010101000101010110010110101111000101100101110100110110111010110011010100010111101000100000
111011111101010010100111101001000100100110010110100101000111000101001000000000010011011011011101001111100111000001
111001111111010111110001101101001100110111011011000100111011010000110111111111100011010001110111101010101111010011
010000000001010111011011010010010111011110110111111011101101001111010000111110111110001111110100111011010110110100
101111010110111001001111101110101101000010111101100011011110011001101101010101010001100111010111111011101000001010
000010000001000110101111100101111001001101101100110100010000010000010110101000001011000111000110110010110000001001
011111001110011110100011111011111100111011000000101001000101100110111011011100111110001110011111111101101100110111
011011001100110000010011001001100110101011011101011011100011000011000011110010111011001101100100110111111010101110
010110111101010010010011100111010101100010110110111011011010010011011101010011110100000110001000101110111110000001
010110100111111010110101111111101110100111011000110110100010011101001101110111111011000111001110110110001111100110
100000000001100111001000001100000010111011011011101001111011001110011101110110100001101111111111011100110111111010
011101000011101110101001010111111011101101000000000111010101010000011011001111100101101011101111001100001011111100
110001001000000001101110111101101101111000111010010011110110110101101110000010000010010001011010001011001111110000
011100011101101101001100011011011100111110101111001001001001010111110110001011100010101101100111000111101100101110
110000110101111000111010111001110111101000011100111001110101100111011010011100101010101101010110111000100010101110
010100001111110110110010000110000100011100110000111110100100111000111101000100101101111101111011010001010110111101
000011000011000100011000111100011100000011111110001010000101011111100010000110011001011011011100101110010101010110
001101100011110010010010111111010111101101001010101010110110101011000000011100101111001111101110000111101100011111
111111000001100010100011010101100111110101011111111011010111011111000100100111001100101111111100010110110101101111
011110100111100000011110110100011101100101101000001111000110110000101100100100110001000110101111110110100111100111
110111111110110010111101101111001011000100110110100111110111010011100111111011101100010100111100110110101111101001
111011101100001000111110100011001111100111001010111111110110001111111001010101110001110110100110111100110100001110
001001001000010010100100011110110000110101011101010111000101000110101000010110111110001111100110111110101111010100
101000101111110100101011011100111111101011010101000001010110011111101110101111000101101111101001110011011011101101
101101110000100100000111111011110111110110001100001001011011011110000001001011001100001011001111111010110011100010
001010101101000001011100110101110110111111011101010101110010111010000111110101010010101110001001101010111101111001
001101100000101001100111001101111100000000000001110110100010010100100010110101110010001010101111001011001110011111
101110100000001001111100101101111001111111101101001111111110111010011100100001001101110100110111110101111110111101
000000110000111101100100001100110111100011011100101110001101101011100011101010100010011001110101010011010100111000
010001001010011101000111111011010000001110110101011001110001000001101110010010101010010111000011000111110110010101
010100001101000101110011100011111111101111011001111111011100000000010011000110000011101100100101010110011011111000
111010110011111110001101111110100001100110011001101101101010011001101111110001111101010111111110011001110111001111
001101111110110111101010010001101101010101010100100010000011111111001110111111101010111000011111110011101111000001
000100011010010111111111000101101110111111111101011110111011110111100001111011111100101001001011101101000011101011
100010000101100110111110101011110010101110111100100111111111101011111111110001110001101010101011111110011001100010
101101100010001101101110011101000101001111000010000010100110001001101010111111100111011001011000101101100010101110
011000011001111001010111111001000011111001011101101110111111010001010111010100000011001100101000100011010111110110
101111111110010010100111001010001000111011011100110100001000010111110011111100111100001111110110100010100000011111
000011011011100110111111111110000000011111101000010100011111111011101101111111010111011100001011000111010011101011
011001010111011000110010111101101110000101101101011110100101110011111110101011010110101111001101111000000010111110
111011100000111101101001010001101110011101110111110101001101010001101010001000111111110111000110011010000111110110
010001001111011000110010010010110001010111101111000101000111111110000101001111111010000111111010011101001101111000
110110001111110110000111010111101001110010100010100101010011111011000110011111110011011101000011101111010001000111
010111111011110000101100110110101110010100110110000010101111010101110101000011011100001011100011110111101011011111
111011111110010100011001110100000110110111011001111011011000011111101001111111000010110011100100111001000110010101
011101101001110011111110011100111100101001011101010111111111101110011001111101111101110101011101011001000101100011
011011001101100001000100111100010111001111111100001100111011011000011010100000100111101110110100111110011001011011
011101011011000111111101101001011000111011000010011000111101111101001100111111011010101100101000001000000001001110
001011110011010000100110010101001010001101011110101111000010101101000011010010111011111001010100010001000001100110
101100101011000110010111000001101011110101010010101110010101011110111000100101101110010101000000101001000101001011
101101001000100010001111100011110100111000100101110011001110010111011011111111001111101100010001100110001001011111
110111110011000111101110011010111111110011001110101101101110001111110110001101110110111110110111001100000001001000
000111011100100110101101000111001101101111011001101110001100000011110001011101111000011111010101111011111110011000
011101100101101100011000001010110110111011101001110010010010011011111110011100111011010011110111100010010000001010
001101110011010111110100101011000001010011000111011100000110010001110011100001001111110000011011101101000101001101
000011001110110110001010100110001101000001110111100101000001101001101110110110101111011010101110101001101111110011
101110000101000110011001111010111111000111101110011110000010011010101111111011100110101000111011011100110100010010
101010101000110101000111101001100001110100101000000111000101011011001101111010010100001011111111011011111100101100
111100101010101111001110000001001110011010111111100110001100110100000010111100101110101110001100011111001100011000
