0100110110001101001111100001000011000001000101111111010100001001000111111101110111000011000111000011
1000101100001010010111111110001111100110010111010000011001011100111101101111000010100001110100011011
0001010111100111100001011000010111111000010011111010111101111010011101000010000110111000001101111101
0010111001001110011000001001110000111110011110100111110010000111000001101001111110000110100000100101
1101010100001100001101111111111101101110010011100010001101101101010100100001000010110001101001111011
1011100010110101110111010111111100101110011010111001101011111001011100000001101111101111110001011111
0101000110110011111001011111011001101111111101101001111010010000000110100001111101110000101111001000
1110101010010100110110000100101101001000100011101000100001110111110100001010110110010100111011111010
1010011100011110101101010100010011111100010111001100100011011111011101010111100001001001011010111111
0011000000111100110111100110101011110110000100110100000010101111000101000000011101001101011101101101
0010011001011100001101110111101001001111011010111111101111110011010111101011110100101000010101101000
0000011111101100001101101010001110011011010101000110011000000111111110111010111000010011010000100001
1101100011110011101100010101101100101011111101010100110111111011010001111111110110101001111110011001
1011110111110010111011111010111110001110110101001101100010000000101100110100000000111001000010100100
0111001010001100011001001100100000010100111100010010111111011011000001100101101000011101011101011101
1010011000001000100110100101011001010011111010110101001101100001111101010110011010101011111011111000
0010011111001101000101101001110110100010101010101100110000011111011000011011110110100011110111000110
0101011101000110000100001111100001100010100101000101101111100001111010001110011001000000000111111011
1001101010111110000001001111111100011000101110010001100001110100010110111000110011010001010100010000
1100110111111001110001101100100100111000111111010010010010111011101010001101100010011011110111101111
1100010101000101000001010000001111011010001011001011011100111110001001101110010111111111001111110000
1110111011110110101110001101111100111111011111101010110101001010110010100101011011011010110000010111
1100100001110101100100001011011001111101001011001000111110011100110011011111101110111110100111011110
0110111010101100000010000000101101001011101011010110000111101011101111100110001101000110100110101110
0111101000010110111101100000111100011011100011011100010011100011111011110100100111010011101010110100
0100111111101011011101000011100111100010101110111110010010101111111011000111101010111010100000011111
0100111001110100011000100101011111111111010001101011000100010001000111011100110110000100111010100010
1001111000101001111001100110001100111011001110001111000010101111000110010010111100111011011110000011
0001110101101110111101011100010011110110010111111111110111001100010111101001010010100111111010001100
0011111010000101101001101010101111000010000101011000100011010010000000000010001101011111111010100010
0100111101111101001011111011010111100101010111001000111000001010100111000101111001101111010000000101
0110110100011100101111011111011001101010101001110000111100110010100001001011001100001000001111000011
1110000011010100100010000110111000001011110100000101101101011011011100111011001010100111101111101111
1110101111100001010010110110111100011000010111111100000100101110101110110101111111101001111000011110
0111111011001000110101100111101100011101100001000111111000011111111010110110001101110111000111111101
0011000011010011001111101011100001101000100010011111010011010111111111011010000010100110010101111010
0011111110111100001111111011000111110100010010011100110001101000011011101111100111001110010000010010
0101111011100110000001100010101000101001100000010010100100000100100110011001110111100111000000000101
0101111001111101110011011111110110000000100101111000111010010100001111001010001010110111011000110010
1000001000111001000001111011001010100100000111100111001001100101101111111101110011000010011111001111
0000001100001111111100011100000110110110001111101010001010000101011100000001000011111000011001011111
0111111010111111000101000010101011001000000010000000111111010110111001100110011001001010001011011110
0001011000101011101111110101000100000000100111100101101001010110110100111101111001001110001101011000
1101001011011110011101000101111011000011101011100000111010110010101111111100110111011010110010110011
0111110110100001101111111101101001011001111101000001101010011110110100110010000110100000101101011011
1110101110011100010111111010111101100011101110001011111110010110111010111010101111110111010010011110
1011111101100001100001000110100101000011101100011001011001100000100011000111111000101101011111001010
1110010001101011001100011100110101011110000000101110111001110010111100011110001101010011111110010110
1010011110100100100011101111111001011010100001110011111010011011101001101101111000001000101111111111
1001000011111101110000011101100011111001001000010000000110100101001111110110010011001101001110011110
1011100000110010000111010111100000110101100001011001011110001111001111011001100101110001110010100111
1001011000100101011010000011100010110001001011101010101000101010101110001001011101101110111100001010
0011011110101110111001100000111110101110011111011001001110000110101011110111111101001001110001101110
1111001000011010100111101100101100111010010101111010000010111111101110010101101001110011110111001101
0110111000110011010010100000001110100011111111111011100111010100110110000000111101111101011001110111
1010100000101011010011110010100111000100010001000110101010110010001100001011111011011111100001011110
0001011011101110010100111101110000010010110111001110111100011111111000101111011111000100010111110001
0110110110101011011001011000110010011001011000110000001000111110000010001111101000111001111110010000
0010110101101001011110011101000101001001000100110101010101010001011100100000111000101111010101100011
0110011110101010101110100010010110110010011111011000011111100011100100100100111110100101111001111010
1110110011001010100111110101101011101000000010001011010011000111011011100101011110010101111111111010
0101100111010000101010100101100001110111111011000110111011001010111111010101010111110011001101110110
0011000111111010100111011101011111110000011111011011110111011100100101010000000011001101000110001000
1001110111111011110100011111000010110001100000001110010010111000000011011110101111000010010011001000
0100000100010101010101111100001101110101011111111001111010010110000100110001111011111010110101100010
0110110110111001111001101100100010111000111011010000001010101100000110110111111111101001100111110111
0110010010010101110110011100000011111011110101011111110110101100000001000011100110101111011011001100
1110111111110101001000010011101011010111101110010111011100110110110001100111001101000101100010111110
1000001000110000011101111111101001111111000101100111111001001101010000011111101111000111001011111111
1111000011101011000010111110101100011011010100101110100000001111001100110111110110010001101101101111
1101101000111110001011011000100011101001011111001100100010111000110101001111111110111000111011010010
1000000010011101101000101011000011110101001111010110110000000111110011001111100001111101001101101000
1101000100111000111110100010100110011111001101011011000111000001000010110011011111011010010011100110
1100000010001111010111111110001001101001011100111100110011011101010111110011000000001101010000101110
0110000110111001110010110101010110111010010011110100100111000001011111111100001110101111100011011010
1101111010101010100101100100101111001101101000101011110111001100111111111100000010100010110001000110
1001011110111010101100101111001001001101001101101010111101110001111011110000011010111001110111001101
1001001101111001111011000011101001000101011100101101101110111100110001101000100110100111000001110111
0001011001010011010001110101011111100010011001111001111111111001110110101010100000110000001011000111
1011011101101000100010111011010101101100000111010011101010011101011111101010010001011100010111001000
1111110100001001101111101110100011011111100111000100000110011111111011101011110001111111001000000111
1000011011000000011011011000011001101101111101010111111110000111110110011000000110110101101100100111
0110111000101101100010100101101011110110100011100011011001110100111000110011111011001111011111110001
0010101100010110001111101101010000100010100101010010011101001100100001111000101111000110111010011111
0010010011101111000111100101011101001000111100101101101101100010111000111110100110100000001010100101
0001010101000010000010110010111010111110001001100101001110111010001110010110010111110000101111100111
1001010000010001100111111101111010111111011101010001010100100101101010001011010010110001001001101000
1100110011011111101110001001111011100110000001110110111101111110011111010110110011100010010010010111
0101111100001001100101111110110011000000000110011011110101011000110101100011100001010100011110001101
0100010111111011101101000011111001011011100101110011111011111001101000101101100100110001100010111000
0010101111001011000010001011110111000011111010111101001001011100001011110000001011111110100110101111
1110001001101010111110110001000110110001001010111101010011101110110001010000100101100100101001110100
1000001110001101110110111011110110100001010101111110010011001011011110101010101100111101111000101011
1010111101100011110110100000000110110001111010101000111110111101111011111011111100100110000100001101
0011100111110101010110011010010010110010000100001010101010111100110111011100010001101110011110000010
0110110110001011011011101100000001111010111111011100001111011100010110100010010000110001010100000110
0110111111101011010100110100100011110001111011101101110100011011001111010110100100010010111011000001
0011010011000110100101111100101011100101110001011110111100000100011111001101111011011101101101010001
1100110110000000110101110111010111011011110111111111101100111100110111101111011011010101001010110001
1111110011011010010101000101001110100101100110001010011010100000010011000000111011111101101011001110
