01101001001101011000111101111001101111101011111111011111111111101111000110101011111011110100110100011111111101111000
10010111111101011111101111111101101101111110110011010101111010111011101111110110111111111101011111111011111111001111
10001011110001110110111101011111011110111111011111100110111110011000111111100101001110111111110101111101100111111111
01001111110010010100101111111111011111101111101110111011010111111010001011111101101111101001101010111111110110111101
10110011111111111011111101011011101111101110111111101110111111111110011101111110101101111011111101111001111111110111
01010011111011101111011101100111111111011101111101101011110111011110011111111111101001011110111111111011111110011011
01111101011100011011111111110111101001110011101110111111110100101101110111010110101111111110101100111110001111111110
11111110111011101111111011010101100000101111101010011111111110111111110111010011011110110010011100100110111111111111
01111101011110000011100111110101101011010011101010011101111111111111011110010111101110110111110111011110011010001111
01111111100111111011111011111011001001110111110011110111110110011111011110011001101101111110101111111001110011100111
11001111100111011111110110111010001111011100101110111011111111011111010111111111110111110101111111111111010100111101
11001010111010011111011111111100111110000111111000011111101111110111001011111111101110101111111111110110000010011100
00011101111101110111111111111111010010111010110010111111111101111101101111110111111110111110011110100111111111101111
11101101011010101111110111111110100000001110011001011111100111111110111100101101001111111111111110011110001110111011
00101101010011011111111011111101010111111111010111110111111101011011011101111111111111101111111001101101010111011010
11111010011110100011111110111101111011011110110110111111011111110111110111111001101111011111101111011111111100101011
11001111011101100000100111011010111011100111011111111111110100111111111100111001000100101110110010110011111111001101
01110101001111100011111111001111111101111111011110111111001110011111010100111111111110101111111111111111001111001111
01101111111111110101111111111110011111111111110111111111111001100011110111100101110111011110111111110011011101111110
01001111111111110110110100111111110110001001011111111101110011111101011101100010110100111111011111011111011110111011
11111011111011111111011110111110111011111010101110101011011011111111101111101111011110101110010110111011001111011111
10101111011111110111101111111111110111111110110100100011111011110001110010101101111001111010001101110101111111011011
11111111010110110110110001111111001111111100111011110011101011011111011000110111101110001111111011111111110101111110
11111110101111011111110011111110101111101111111111110011011011101100111011010111110101011111100111111101011111110010
01010011111111111110110101111001111111100000111101111011111101001111101111001001111101101011111101110111110111111111
11111111110111101110011110101000101101111110110110101111011101101110111111110111111001101100011011111011110010111100
11010110111111110011111111001011011111111000111111011111011001101111101001111100001111011111101001111111101011011001
11111011111111111011111110001110010111111111111101111110010111111011011111011101110010101110111111110110011101111111
11111000011111111111111111110101111111111011111111101100111110101110101110111111101001011110111111110111111110111111
01110111100111110111111100011001111011111111110011111100111110111111110011111111100011111111101111111111011001010011
00111110011011001111111100110001101101110110010101100111001101111111101001001101111110110110110111111111111110100111
11111111110010110101011010101110101111001111011111110011111101110111101101011011100111111001011101010110111111011111
11001111100101011101110111001111011111011111001111011110110111110110111111111111111011011011101110100111001111011001
00110100000110111111110010111100101111101111110111111110110111101110001101010010110101010001101001111101110111011010
11111110111100011110101111101111110110110010110111110111001101111011101110001111111011100110110011101110111111111110
11111100001100100111011111111011111011100101100111001010111111110111101111011000001001101011000011110111011101111111
10111100101110111011111110111101111100010111001011111001110111100001101111011110111001111110010011110010010111111111
11011110111000111110111111111111110100111111011110011111011111110110011000111011101100101110110011011111111111111111
11111011010010101110111111111110011101011111110010111011001000111110101011101011101010111110111110011111111101111111
01100110111010110110111001111110101011101101101011111001001011101111011100111111101100000101101010100111111001110111
11111101001011110111111101111101110001110111101110101101011110011111011111111001111101011010001111011111111110011111
01111101011101111110011101010111110111111011110111110111101111010111110111101111111101010111000100111110011001001011
11111011110111111110110101011111111011101101010101110100010111101011110111011011011111101111110110011001111000001111
10110111110100101111000100011101110111111110110111111111110111111111011111010111110001110101110011111101011110011101
11011111111110010010111111111100011100111101010111111111011101110111110101000111011111110111111111111111011101111111
11101100010111111111011111111111011001100111101101110100101111111111111111111111111111001111111111111110110001001001
10111111101101001101101110111001100011011000010111111101111110011101110001111110101111011111100101111010111010110111
10111110001000111111110111111011111101001111111011011110111011101111111011001111111101111100001111011111110111111111
11111011111010111111101101101101111111111101101100000110110110101101110101111111111111001110011111011010011111010101
11101100010001101011001110111111111110010111111100101100111001111110011110011011110001000111011101011101100111010111
00111110011010111111111111011111011010111111111001011111101111111001100101010111111111001111110110011110110110100011
11010011111111111111001110110101111011110111111100101011111111111000111011101111110011110111111111111111001110101111
10011111101111011111100011111100110111111001101101110110010111001111100110101110110101011111111111111110011111111111
11101011110111111111000001111110111001001111111111101010011110101111111111110011111111011111100101111110111110000011
10111111011111111110111111110011111101100101100110111101011110011110101111011011111111100111101111011111101100110110
11010111111111111111111111100011001011111101101000110010110111101111111111111111111111011101011101110111111100111011
11101111111111101011011010001101110110000101011111110001011011011011111010110111111001011010111111010111010110110101
11111111111010111011110111111101110111001011101111011111101011011111100111111100111111010111110110101111101011111110
11101001101110110110111111101111001101111100111101110110110011001001011111011110111101010111110101111111111110100111
10111111111111111100000011011111111111001111111010111111000001101011111011110111111011111111001011110110011101011111
11111101111101010101111100011100110111011111011110111111111000111110101011111101101111111101010111100111110111111100
10011100101111110011111111110011111111010111110101111001111100001101011001111011110110111110111001100110101100111111
11011011100111011011110101111111111111110011110111110101000110010111101111111111101101111101111110111100000111111011
01111101111111111101111000010111101101101101111001110010110010101111011111110111110010011111111011111101110101001111
11111111111011101101101111111110011000111011011111111111111111010000011001110110010101110100111111111001111111010111
10001111111111011101101111101111110101111101111111001111010011110001111011101111110111111001011000101011011111011111
11011101111101111110101011111111111101111111110101001111110110110001111110111111110110111010011000111111001111010001
11000011111110111111111010110111001110011111111110101101111101110110111101110110100101111101110111110011001111011101
01100011000011011010110111101111101110100110111110111111110110100111010101111111111110111110111110011111111000011001
00101111111001111111011101010100100001011111111111010101101101011111101110010111110111111001111100111001111011011110
01111100110111101001101111111011111111111001010101010111101111111111010111011011011110111001110110010011111111111111
11101111111011111111100011011001111110011111110011101111011000110011111011001111100111100111111101111011111000110110
11110111111110010010110111011100101110101111010101011111111110110110011100011111111111111111100101010011001110101010
01111111001110110011100111110111110110101111111110110111011111111101101100111111001110101111001110111010110111111011
11111100001111111111111001101100100001111100011010011101110111111111100001011101111111111001010011001011011011110010
01011111111110111100001101111101110111011011011011100111111111111011111011101111011111111010111010011100111101110110
10011100011101111100110010111111101111111110011111011011011011100110101111110011101111001001110101111110100111111011
01111110101111100110111101111110101010010101111110111001111110111111110111110011111111101111111110111010100011111111
11001111101110100101101101001101111011110111111111111111101101111111111111011100111101111111011011111010111100111111
10110101111111111110111111011111101001111111110111110111100111110110111111111100111101001101101111111111111001111010
11011110111110110111011111011111111011111101011111111111111111110111110110101111010110111011111111110101111111011111
11000001001010100111110111010010111010001111110111111111111101011110111010110111101001011111111011111111010011110111
11111111110111110100111011101010101111111110111110100111111110100000101011111111010011110111111110101011111110011111
01111011111111111111101110100011010001011110111110101111011011101111111111111111100011111001011110111001111001111111
11110011101111110110101000110111101000100010111010110111010111010110111111111100101101101110111111011011111001010011
11011110011001110010010111101101111110001111111111111111111110101101010110111111011110101111011110111111111100100001
11111011111111101101110011010111001111100011100100010010000111101111111111110110101111011010011111110111111111111011
11101111111011010011010100101111110010101101101100011101111111111111111010110010111100101010100110111100100110111100
01111110010111111111111111111101100111101010011110101101100111110111111011111111110111110011010011111111001011011100
11100110111111111111101101111110001011110111111111111111011111111001100111000111011011000000100111011111111111111101
00101111110111111111111110111110101111101110111011111110111101010010100111010110111011111001111100111111010111101101
01111000101101110101001110100101110100010111111001111111011110110101011111101111111101001010110100001111011111101101
10111110111101111110001110111110111001110011111000111110111001111001111110011101111010010111011001100011001111111011
11101101101111101111101011011011001011100011110011111001111011111111111100111110111111101011101010111111111110011111
01011111011111110111011011111101110000111000110111011011100101111110110101010111111111100010110011111100110001101110
11101111111111010111110110011111100000101110111111111111111010101001111111001101101111110111000001101111111111101101
01010100111111011111101101011110101111111011110110111010110110111001101001110111111111111100011001111101111111010011
01101100111100110111011111111111011111001001111111011111101111011001000110101011110010101100101110111101101101001011
01111111011110101110111111111110111110010101111000011101011111111111010101001111111101111010111111001100010101111101
11111110111101011111111111111111010111101111111111111111101100111011111111011111110111111110011011001110001011011110
11111110111001110101101101100110011001101111111111111110011000111110110101111111011111011111011111110101111101111111
10110011101111110101011110111111111101111101110101111111111111110010100000011001110001111111011111111001100100011111
11010111101111011111101011111111101111111100111110111111111111000111101111101111011011101111110100010001011100110000
11111100011010111111111111101110110101111011100101010011111010011111111110100001111111101111110111001110011111111101
11111101010010011000011011101011011001111010011101100111011011011000111101011111101111110100011111001100010111101111
11011101111010111011011111011111011111111111111110101101101110011100111101110011111111100111011110101011101111011010
11001111100011011111110100111111101101111111101010011111011101001111111110110011101111101101110111011011010111101111
11111111001011111111111110011011111111101001100111111111101111111111001011011010101001110111110111101111111011110101
01111111110111101101110111101011111011001001001111111100111010101111011011101100111000111111110110010001111101101111
11101011010010101110111110110101111111110100110111001000010110111111011001111101110110101111101111111001111110100111
10111011011011010011001111011010001111110000101100111011111011100000001111111111010101110111101100101011101111010111
10111111001101100011111111111101111111111001101111001011110111101111111101111111111110111100110010111111010100101111
11110111101111111111111011111001111111101111110100011001010111110101111011001111101100111111111101111101111010010011
01111011111110001110101011011011001111111011101111011010111111011101011100010110111100011111011100111101101111110011
01101111110011110111111110011111011111111110101101111111011101111100011111111111111110100000111011011100111011111100
01111101111011011101110010111111100111111111111111111101101101111111101001001110111111100111110111101101101111111100
