000011110111111011011011101111100011111110011101011000101010111011110111111101101011000110101100011111011111011111101011111110
001101101100111111011111110111011111111100001011101010111011111101110111111001111101011110110111010100111001101110111100011111
010110101111111101110111111001110111111111111100101111101111111011101010111111111110100011001101101111011110111110010010111111
011010001010101001101111110111101111101011000111111111111101111001110111111100111111111011011111110000001111111011010110111111
101100110111111111110101110110010101001111100101110101100111111011110010011111111100111111111101000111111111111110111110111011
110000000110110011100010111111111111111111101000101001111111011001001111110110110110110101111111100111110111111010111101111011
111010001001010111101111111110111110111011011110110111111011111110111101111111110011111101011110101100100101001011111111111001
100010001111011001001100001010111111101111111101110010100101010011011111101011111111111110111111110010111110111011111100011111
011100110111111011111101110111111111101111111010101110011101001111111001101111111010110101101010111000011010110101111101010111
111011011001101010110011111110111111111011111110110111111011011101111111111001111110001111111010111101110111101011101000111101
101111011001010111111010010101011000111111111011101110111111101110111111111110111111111101111100101111101111111000011111110111
101010111110111111011101010111111111100111010100011101101011101101101110110101101110111111111011110011101001110101100101101101
111111001101011111111110010101111011101111111111111011110111011111101101111110110101001010110111001011000110011000001001011111
111011111011100111001011101101111101101110101110110111011111000001011110111000111101110111111101000011011010101100111111111111
111110011101100101011110101111111011001001010001111110011111111111001100100110010100011001111100011110111111110111110011110111
011010100011111011110000011011011111111111110101111111110101111101111111111110101111011110111111111111101011111101111111111011
110011101111110101111101111110001111111111011101101111111110110110100111100101010111111101111011111111011111101111101111111111
111111111011111110101111101111010111011111011111101111111111101111011101011111011100001011110110110111111011111110101110110100
001111101110100111011101011101010110111011110111011111111110111101110111111011001011111111010111110110011111111101111110111111
111010001111101110100010101010111001110111110100010100110110011110111111100111110111100111000101111111111110100111101111111101
110100111011111011100011010011110011110111111111111100101011011011111110100011111111111001110111111111111101110110011111100111
011110111001101011100010010111101011011111111111111011011111010011011110011110010011110111110101110110101011101110100111111111
111101100110111001011101111011110001101110111011011001100111101111111011110101111100110011111101101100100011111111010110110011
111110101101010011101010111111111110000001111011011010100100111011101001111100111101101111101110111011111111011111110010101111
111111101100011011010011001111111100001011111011001111101111111111111010111101111111111110100011111110101110100011101011110111
011111101111100110101111001101111111010001101111000111001010111101011110001110111110111111111101111101111111110111011111101111
101001110100011111110011110011101011101110111110111111101001111111111101101110111110011110111111011101111110111101110101111011
110111101111111011100101110001011111111111011111111110111111100111111111101111101111111111010011011110111111101111011101111101
110111111101001111011111101000001011100111011100011001111010111011101110100101010111011111101001111011111001111111010110101111
111101001011111101101111111100011111111111110111001011101111111111110110111111110000011111111011000111011011111001110000001111
101101111101111000011111111000010110101111111111010111111111011111111111101111111110111000101101111011110111101010110111111110
011011111111111101111011110101101010101110111111001101111101101111111111011111101111111111110100101110011100011100111011101110
010101111111111110010101111111010110101011111111111111111111101101101100111100101011101110111001110111111111000001011000110101
011111111101010111100001110101101010100111011001010011111110111111111110110111111111111011110111101100011100111111011100111000
111101111101101111101101011111111101110101101011011011101010111111111111110100111011101110111111101111101101111111000111111011
111111011101111111011110011111000010101110101110101101101010101111000011111101110110001111011110111110011100010101110111111011
111101111111110110111010001111111111011111010111111110101110101001111110011111110111000010101111110101110010001011010011111011
111001100110000111111100010101000010101011001101110111011101110000011111111110011111101011100101110111011111111110111111111111
111111111110111111100110101101111001110110110111111101111011111111110111111110111111110111111101111111110011111111111100011111
111011011011110111011110001111110111101010011110011111110111111011011111111001101110111110111111110011011111011111100111111001
101111111111110111111110101111111101111101101010100011111010001111111001110010111010010111011101111110111101001011001111111101
001111111111101111111101110111101110110010110101111110111101011000011100011111101011111100011111101010100101111001011010101110
001011011110110100111111111001111011001011000111000111111111100100110011001111111111101111111111111010111111001111111010110111
101000111111101111111111101111111100101101001101011101111001001100111011110011111101111111110100111011101101111111111111011110
111001111110110011001111111110111111010110010011111001110111100010111001111111100110001101111111011111101100111100110101101011
101110110101110111111100011111111001111101110011111111110000010101111111011111111011111001001111111101010101111111101111111111
010100101110110001101111111101111011101110101100111111101011101111110011111100011111110110111011010111110101111110111111101011
110110010010101111101111110101111110111001111100110111111110011100001001111011101010111111100110110101111111100100111111111100
011111111110111111001100001100001001111011001111011111100101011110111001111111101101101101101111100111111111011110110111110111
100110110101111100111111001110101110111101011111101111111111111101111000011110101101011101111100101011011110111111111001011111
111101001011101111101111101111011011101101011110110010111011111111111101111111101001111111111101111111111111110110110001111001
001110101111011111111000111100111001111101110111110010111111101000011011101110001111101111101011111001101111011010110101110011
011100111110111111100101111101101110110111100111111101011111011110111011000101101011101111100101110110111111111001111100100110
001111100101110111100110111011111111011110111111110010111110111110101101111111111110111011110111011001111110011010011110011010
111111110111100111111011101111111111101111111111111101011011111001001110111011101011111011011111111111111100110110010111111000
010101101110111111110100000110111100011111111101011111101111111101011111111110111011111101101111101011101010111101101011011101
111101101111011011101100111111111111111011110011011111110001110001111101111111111110111010101110010000101011111011111100111101
001111011010111111110111100101111100110101101001110111010011010111110101011110000011111001111011111110111111011010111111110111
111011100111111011111110110111101111101110101011011111110100111111110111111111110111111101111001111111011111100111111111111010
011111111111111101001110101101111000011101111010111110111100100100011000011101101111101110111110011100111110011110011011111011
111110100011001111100011111111011111111100101010011101111011010100100110111111001011111110111111001110111101010110111101110101
111111110100101110111101111011100110011101000101111011111110101111100101101100011101111010100011100101111010100111111111101101
111111101111101101111011111011111111101111010011111111110010010101111101101110111100000111010111100101100000111100111011100111
010000101111101111110010111101111111001010110111111011010111111010101111011101111010111111110111010111111010111011111000001011
101010111010101011011111101111110111001110001010101011000110010100111100111110111100110011110111101101110011100111111011111010
111111011101111101101111111111111111101110000110011000111110011000101101111111111011111110111110111111111111010111111101111011
111110101111100110111011101111111110101010111110111011001110111111011100101101101001101100111101011010101100010111011100101101
110110111110010101111110111101110110111111111110111110011111001010101110110011111111100110111110110001101111110111101111111010
001001111111111101011111111110111110110111011101111111111001001111110111111011011100110110001100011111111101000111011111101010
110101110111111111111100011111111110111101000100001001111110111111111011101111111111111111111111011111111111111011011101101111
111111010111010110111110110111110111111100110110000110110010100100011101000010101100111111001110011111111001111011011001110011
110101111110100111110011001100110011011110111111101111011110011101001110001011011111110101111111101011110001101100010111010111
111101111111111110111011101111101111011110011011101101111010111011111100011111110101110101111111101000100111101110111010011111
111111100111110101100111100001011111111111011111111001111111100111011000101001011010101111111111110011101110010111100110111101
111110111110110101100101111101111001111101101111111101111111111111101101110101111111110111100110110110111010111011101110101111
101111101011101111010111111111111111111001101110111111011111111111100100101000111111011111101111011001111101111111011111111101
001011111010101101111100011101110100111011111101111101111110101011011111100001111111110001101111111110101101110111110101111111
111010111101000011111010100111110101100101111101101011101011100101111101111010111010111111011111101010001100111111101100110101
111111111111110100011011111101111111101111111101111011111011001111110110101111011111111011111011111111011111001111111111110101
011111111110111011011111111011100111111010110110000001011010011111011101111111100111111010111101101001110101011111101001101111
111110011111010101101011111100111110011111110111111111111001111111111111011111100011111111111110011011110111110100111111110111
011111010111111111011011111110110101111100111010110101001011011010011111101110110011011111011111111110111011100111011111110101
101101111111000110111100111110111111111111101111000111111111100101010101011111111101110101110111101100111001110110100111101111
110100110010110110111101100110011110111001110110111110110111110001110101101110111110010111111110110110101111011101110010011011
001111111011010010111111110100111110011101110111101111111111110111111111111011111010010110110111001010011101011100011111111001
010111111011011110101110111111110100001111010111011001111110110111001111101111111111101011101111101111011111011010011101110101
010110110111101111101001111111111111010101111101111111111111110101100110010101111100010011000101011111100111011111111101110111
110011111111010110110101111111011011001111111011111110010011101101111111111101001111100011111011111110100011101100101110111111
111110010101110101110111111111011111111110110011001111101001111111011110011101111101111101111110111111100011101100010111111111
001111101111011011111111010111010101011010111101111111110110001110000111111111101111011110101111111111011111110111011111111001
110011011111111111001111111011111110111100111011111111011111110111110101111110111011110111011111111001011011010110000111111111
010111110111111111101110011101011111001111111010011001100111101111110101110001111111100110101111111111011110111011001111110101
101111111111011110000011011011101011101111101110111100111111100001111111110111111101010111110000010111111111100101011110110111
111111110010111101111111011000110111111111111101111011111001101111111111111111011111111011110011110101011111010110011101111111
010101111101100111101001101101000111100101101111100101111101111111010111111111101111110111110101010111001011110111010101101011
011111010001110110111110111111101110111111101110101111110110111110100101110111110110111101110110001011001111011001111000111110
001101111111000111111111110010111111111111110101111110110110011011010001111011110111010111110100001111010011101110111111111111
110100011101001111111101111110101001111110111111001111101111000101111110011110101101001111111110001110111101011101010111111111
101000101110101110011011111110110111001011111100011101110111100011101111100111111110111111110001110101111110101111110011010101
111011100110001111111110111101011111111010001111101010100111111111001110001010100111011111011110111010111100101100011011101100
101011010011111111111101100111111011011111111010111010110110100101101111011011101101111111011011110101111111111111111011101011
101011000111110111011001011011101010111100011111111101110010011111011111010100111000011011111111101010101111000111101111011001
010011110111001101011111111110101010101011111011101111111101111111111111111110011111001110001000011111001101011011101111110111
111011011100011011111001011111111101111110100111111011100111110111001111001100111110110001111100111110001011100111111011110111
111110011011011111111101111111011111010110111001111111111111110101111110011111100111110001111111011111110011010111111111100111
101111110110101010111001111100111111010111111111111111100111100001111100110111111001111001011101011111100011001111110111100111
101111011110111111110111111101101000111100100001111111011111010111010100111000101101011111111111101011011101011111110111101011
110111100111001111101111010111101010011111110111101110001110100011011111100110111111111111101111110011111110001110111011110111
011111011111011111111110111111100110011001011111011010111010011110010111101111001110000111011010101110010000011001111001001111
101111011011101101101011011011010111011101011110111111111101101101110110011111011011111001110111010010101010101101111101010111
111111110110110111100111001111110110111111111110110111011101001100000111101101110001111110010001111110100111110001111010111011
111010001001011111111111011110010111011100111111111000110011111011111001110111111111101111101110111111011111010010001001111111
111111110100001011011111110110100110111110110110111101101111110111111110111111110110011001110110101011111111000101010101110001
100100111101001110110011111111001111101111110100010010011010010111111110011111110101001001011011011011111110111010100111111010
110011111101011111110101101001110001011100111111111110011110111111010000111011111011001100000001101011111111111001001101101101
011111111010011100101011011111111101111001111011111111101111111111101111100110101101111011001111111110011111111010001111011001
110011111110110111111000110100011100011011110111010011011111111111111110101101111100111101011101100111111001111100110111110111
010111111011010111111110011110100111011110011111100111101110110001111101011111101110111111111110110001101110010011111011011111
101110100010011111111111110010110011110111110111100001110111011010011001111100101111100111111000111111111111001001011101110110
100001101011111110011100111100110011110110011111111100110111111011011111000110111110111011110110111111111111110111111110100000
101111100111011111111111111110111111110111101111101110101111111011111110011111111110111111111111110110111111001111101011010110
111111111110111111110110101100101111111110110101111101111111100011010011110111101101111111111101111001110001011111011110101101
111111110101110110110101011111110111111111011111011001111011010111111100111110010011100111100111110111000010101101110100010110
111100011111111011111101110111111000011011110101110010011100111000100101111111111110011110111101111100111101110100101110111010
111111011010111110101111111011110011111001111110110111000111001111011111101010011011001110101111110010111111111101001110101101
011111111111111110111111111111001011111110101110111100011101111101100111111111111111111111111110111011111111111110111100010010
