011111011111111011111111111111110111110111011111101111111111111110011111110111111011111111111001111111111011110111011
101101111110111111111111111111111110111111111111111101111111111110111111111111111111111111111111111111111111101111111
110111011111101111011011111111111101010111111101010111101111111111011111111111110101111111111011111111111111111111111
111010110111111100111111011111111011111101110011111110111111101111111111111011111111111111110111111101111101111111101
101101111111011111111111111011011011111111110111110111111111111110010111011111100111111111111111101101110110111100011
111010111111101111111101111111111111111111111111111111011101111100111111111111111101111101111110111101010101110111110
010111011111111011111111111111111111111111111111111001111010111011111011111111110111111011111111111101111111111110110
111111101011011111111110111111011111111111111111111101101111111111101011111111111101110110110111010111011111111101110
111011110111111111110111111011111000111111011111111111111011111111111111110111010101100111111111111111111010111110111
111111101000111111111111111111111111111111111111111011111111101111101111110111111110111111111111011111111110111111111
111111111001101111111111111111111111111111011000111011101110111101110101011101111111011111111111111101011111101111111
101111111010111101111011111101111101110111111111111111111111111111111101111111111101110111111111111111111111111111111
111101101111011111111011110111011111010101111111010101111111111111111111111111111111111111111011111111111111110111111
110110111101101111111111111111111111101101111111111101111111111111111010111111111111111101110101110101010111111111110
111111111111110111111111111111101111111111101111101111111110111111111011111110111111111101011101111111111111111101111
011111011111111011111101110111111111101111101101011111101111111111111111011111110111111111111111011111111011111111111
111011111110111101111011101111111011111101111111111111111101111111011101111111111110111111101111111111111110111111111
111011111111111110111101011111011111111011111111111110110111011111111111111111111111011011111111111111011010111111111
110111111111111111011101111111001011111111111111111101111011011110000111111111110011111110111011111111111110111111111
111111111111111111101011111111111111011111011011101101111111111111111110111111110110111111010111110111011111111111111
111111110111111111110111111111011101011111111111110111111111111110111001111111101111111111011111011111111111111011111
110111111110011101101011111101111101111100111110111111111111001110110111011111111111011100111110111101110110111100111
111110111111111010011101111111011111111011111101101111111101101011110011111111111101111111111111111111111111111011111
111111101111111111111110110111101111111100101011101011111111110111111111011111111111111111111111111011111111111111011
111011111111111110111111001111111011111110010111111011111111111111111101111101101011111111111111101111100110111111111
111111111111111101111111001010111001111111101110101111111011111011110111111111111110111111111111111111010100110111101
111111111111011011111110110010111111111011101111111111111111111111011111111111111011101111111101111111111111111101011
111101110111111111111111100011111111101111011111111011011111111111111111111111111111111111101011110111111111111110111
111111111110111111111011111101111101111111111111011111111111111111111110001111111111111111011111111111111111111111111
111111111111111111111111100110011110010111110111111111111111111011011111111011111111011111111111111111101011101101111
111101101111011110010101111110011111011111011111111010101011100111111111111111011101101111100111111110111101111111111
111111111111110111011110111111101111111101111101111110110111001101011111111111110111111100101011111111101111111111111
011111111111111111111111111111110111100111111111011111100111111011101111111111111111111111111111011111111111101111111
111001110111111101011111001111111011101110101110111111111111111111111111101111111010111111111111011110111111111111101
110111110110111111110011101101111101011111101110111101111111111111101111101111111111111111101111011101111110111111111
101111110111111111111111111110111110111101110111111111111111101111111111111011101111111111011111111100111111111101111
110111111111011111100111111110011101001011111011010111111111111111111111110111111111111111101101001011011111011111111
111111111111101011111111111011110011000100101111111111111111111011111111111111111111111111111011110110100111111100110
010111111110011111111111111110110111100111111001111111111111111111011111111111111110111111111110111011110111011111100
111111111111111110111101110111111111011011111111011111111111110111111101111110011111011111111111111111110101011111011
111011111111001101111010111111101110101101111111111111111111110110111111111111101111111111111111111111111111011111111
111111111111111111111010011111111011101110111101010010011110111101011110111111111111111111111011110110111011111011111
011111110101111111101111011011011111111111011111110110111111111101111111111110111110011111111100111111111111111111101
111111111111110011111110100111111001101111101111011111111111110111111111011111101111111111111101011010111111111111111
111001111111111111111111011110111110111111110111011111110111111111111111111010111111111111111111111111111111011111111
111011111101111111101110111111111111010111111011111011111111111111111111111010111110111111111001011111011011111111101
110111111101111011111101111111101111110110111101111111111111111111111101111111111111110111101111111100111111111011111
111111111101111111111011101111111001111111111110111111111100111111110111111111111111111111111111111111111111011111111
110111111111011011111111111101110111011010100111011111111111111101111101011111111111110101110011111111101111111110111
011111111111110111101100101111111111111111111111101011111111111111111110110111110111111111011111110111111111011111101
110101111111011111110111111111111111011110011111110111111111100111011111110111111111111101101011111111111111101101111
111111011001111111111110011011011111111110111011101011111001111111110111111111111101111011011011011101111111111111011
101111001111001111001111111111111101111111111111111101110111111111111110110011111111011111111111111011111111111011111
111011111111111110111111111111001111111110011111111110111111101111110111101111011111111111101111111110111001111111001
111110111111111111111111111011111111111110111111111111011111111111110111001111111111111011111111111111111111111111111
110111101101111011111111111111010111111111111111111111101111101111110111110111110010111111110101111111111011111111111
111111111111111110111111111111100111111111110111111101110111111110111111111001111111101111111110100101101111111101111
111111010111111111011111101111011111111111111111111011111011111111110110011111100111010011011111111111010111111111111
111110111111111101111101111111111111111111111110111011111101111111111111111111111111111111110111111111111101011111111
111111011101110111111111111111111111111110111110111111111110111100111011111011011111111111101100111111111111111111111
111111111111111110011011111111101111111111111111111111111111011111011110111111111111110101101111111111111111111111101
111011111011111111111001111111001110111111111111110110101111101111111111111110111111111111011111110111111111111111011
111111111111111111111110111111011111111001101111110111111111110011111111011111111101111111101111110010111111110110111
111111011111111111111101101110110111101111111111111111111111110010111111101111111110111111111111111101101111111111111
111110111101111111111111111111101111111110011111011111111110111100011111111111111101101111111101011111101111011111111
001100111111111111010011111111111111111101111111111111110110111000111110111111111100111011111101111011101111111110111
010101111111111101011111110110101111110110111111110111111111011101011111111001111111110111111111111110011011111100111
111111101011111111011111111111110101111111111111111111111111111111101111111110111111111111111111111110110111111101111
111101111101111111011001101111111111111111111110111010001011111111110111110111111111110101111111110111111111111101111
111111001111100111110101111111111111111111111111111111111110111111111011101111111111111110110100111111111101111111011
111111111100111101110111011111111111111011111101011111111111111111111101111111101111011111111101101111111111111111100
111111111111101111101111111101111111111110111111101101111011011110111110111111110111111011101010101111111111111111111
111101111101111011111010111101111111111111101111011111011011110111111111011011111111111111111111011101111111111111101
111111111111111111111111111101111001111111111111111110011111111011111011101111111110111110101110111110010110111101111
011111110011111111111111111111111111011111111111100101101111111111110111110111001111110110011011111110111111111111101
111011111111111111111111111110111110111111110011111101110110111111011111011011111111111111010111111110111101111111111
111111111101111111111111011111111111111111111111111111110111111111011111111101111011111111011111111111111011111111111
111111111111110111111111111111111111111011010011111111111111101111101111111110100111111011111111111101111111111101111
111111110111111111111111111111011111111011111111111110111110111111111111110111011110110011111111111101111100101111111
111101111111111111110111011111111110111101101111111111111011111111111101110110101101111110111011111111111110111101101
110101010111111011001111111111101111111111111111101111101011111111111110111110110111111100111101111111011111110111011
011111111111111111011111010111111011111111111111111111101111111111111111111101111011110111110111111101111111110101111
110110100110111111111101111111011111111111111111111011111111110100111111111111101101011101111111111111111110110111011
111111111011111101101111101111111011110111011011111111101111111010111111101111011110111111111011111111011011110111111
111111111101111110111011111110111111111011011111111101111011111111111101111111111101001101110011111011110111110111111
111111110111111111111111110111011111111111111111111111110111111101111111111111111111001001101111111111111111101011111
111111100110111111111111111111111111111111111101011111111011011111010111110111011011110111001111110111111101111101111
111111011111111110111111111111111111111111111111111011011011111110111110111110011111101010011111111111111111111111111
111110111111100111111011111111101111111111111111010111111111011111110111111111110101001100101111011010111111111111011
111111101111111111011011111111101111111111111111111111111111111111111011100111100111111000111111011111111111111111101
111111111111110111100111111101111110111111111111101011111011101111111111110001111111110011010111001111111111110111111
111111111111111101111111111011001101011111111101110110111110010111111110101111111111100101101111111110111111011100111
111011101111101111101111111111011111111111111111011111101101111111111011111011111011011111010110111111111111111111110
010111111111011111011111111011101111101110111011010011111111111111111110110111101110011111111011110110111111100011111
011111111111100111111111110111111111011111001011111111101110111100111001111111110111111111111101101110111011110111111
111110111111111111111011111111111111110111011111111111110110111111111010101111111111111111110110110111110011101111011
111111101011111011110111111111110001011111101011111011111111111101111111011111111111111100011111011111110101011111011
111101111111111111111111011111111111011111111111111111110111111111111100111111111111111111011101101111111101111111111
111111101111101111101111111011111111101110111111101111110111100111110111111111111111110111111010110111111111111111110
111111111111111111111110111111111111010111101111111101111111110110111111111111111111011101111111111010100101111111111
111000011101101111111011111111111100111111111101111011110111111011111111011110011011111111111111111101010111111101011
111111111111111111111111111111011010101110101101111110111111110111001111100011111111111101101001111010111111111110101
111110101101101110101111101111111111011111111011111111111011111111011111101111110110111111111111111101011111111111101
111111111111111111111111011110101111101111111111011111110111111000111111111111111111111111111111111011101110111000011
111100111111101111111011001111111111100011111111111111111011111111101111101111111111011111111110011001110111111110111
011111110111111010111111111110111111111110111011111110101111111111011111111101111110111111111100111111111001111110111
111010111111111111111111101111011111111011111111111110111101111111111011111011011111110111111111001011111001111111101
111101110011111100011011001111111101111111111111111111111111111111111111101111001101111111111111111111101110110111111
111111111111111111111111111111111111010001110110101111111101111101111111111111111111111111101111011111111111011111011
101111111101111111111111111110110111111111111111110111111111111111111111111111011111101111111010111111111111101101111
011110111111011111111111101111111111111111111111111111111111110111111111111111110000011111011001111111111110110111111
111111111111111111110101111111111111111110111101111101111111111111111111111111111111101111111011111111101111111011111
111101101111110111111011110110111110101111111111110111110111111111000111101110101011110111101111111101101111101100111
111101010111111111111011111011111111101111111111011111111111110110011111111111111111111111101111111110100011111100111
011101111111111111111110110111111111111011111111111010111111101111111011111111110101111101111110011101101111011111011
111011111111111111111111101111111011110111011011101110111111011111111101010111101111111110111111111110011101111111101
111110001111101111111111111111111111100111111111111111111111111111111101111111111111111111110111110111111111111111110
