00101110011001000110111111100000001111101110101000101110010111111101010111001110100001110000010111011011110011000011110111000110111010101010100110110100110011011101101101011001100110000
00110101011011011111111000111000010101000110111011101110111000011110000001100100001000010010011010100110011101001001001000010000011110100000001111101110000000011111011111010010101100011
11011000010101110101101101001000110101000011100011101000011110010111100111011011010011001001001101011110000011110000000111111110110111001000001001110110101111010101110100000101000111001
01100110111101111101110001000000101111110111101100001011000011100000101101001110110011111000010110111100000010000001110101101011101100001010110011110011010100110010100110011100111110101
10100011000011000101110101111110101010111000011011011100111110100000100000011101100001010011101001100010110000101110010001001101101000011110011000001001000000111001010010101000111011000
11010011111101010010010000100011001001110101001100000111110101110101101111001010001111010011101011101111100000100000110111101111010111010001101001011001100100101001011011101100001101110
10011101110011000010010001000111111000001010101110000011011011011000011010100011001001011100011111011111101100110101101001110110011011111010100101100000111010111001100110010100101011010
01001110001110011011011010111100111001010011010011101000100111111101001111001101001100011011101101101110001001101000001010010011101111010101101111011110010111111110001010100001101111100
00010110011010100011110111000000010000001101111110111101111001100011011011001011001000110110001111001111011101010000110001010001111010000010010011101101000101001111011001011100100001100
11110110100000001000101110000011010000110100000010000110011000000100011101110001001000010110111001001011011011000011111100110110011111000101011110110001010101001000100010101110011011000
11010101100011101110110101100001111011100010000011111101101011111101010001100111110100011011111011101001101111111111110101010001011111001000001101011101110100011101111011001000100011001
00110101000000100000001011110111001001010011110010010000100110011111001010010101111001000011011110001001000000010111001010011010111011010010100110001100010111010101011000010110110101000
01001011101000110111010111010000110001010101001100111001011000010110011111010000001111000101010001010110001100111110011010000000111000011000000100000110110100001101111111111001010000101
11111110001000100111000000111011011011001110110101010000100101110011101011100100000110101110000001010101101110001111011110000000110101100101000000101011111111000111011000011101000101001
00110000101111010010000100110001110001111011011001111001111110001110110010101100101101111011100001100100000010000101011011011011011101010010111111101000100101101110010000001000010100011
01110101000010101100100101110111101101110100111101101100101101000111001000101000100010100011110010110110010110110010101010001010000000001010011101110001100011110001010101111001100100011
01010001011000010011001111100011101101001000111111110100100010010000001010001001011110101100101100010100111001110011111011111011110000001001001010101110010111011001110011100011001001100
11111000001011010010001100000111110010100011001111110110011000000111110001100110110111110010100110000110011101011111000011011011011111100000010001111100111010000101101110011001101011100
11000111101011101100101101111101110010011010001011011010100010100110001100101011011001001100101001001001010000010001110100000101101111000010111111010001000100111100011111100001111001001
01111001100011001000000100001111011100010101100000011001110101101011110000100011001011101000111000101011111101101001011010010101101011011110011000110101110001010110101100110010110001011
11111000111000010010011000010111101111100010011001110010100010011111001101111101000010001000110010000001101111010110000001001000100111110111101000111101001100000101111011001100001000101
11011111101010000000101011111011111101001101101111010111001001100010101001001101011100100011001000011100001110001100000101011011000101110010100001110110010010001101010100001110011110011
11100001010100001110110001011001001001110001111100111000100010000000110011110000101011110101100110010100010010111110100011010111110000101011001111111111011100100100001110000111011010000
10101000111010111111000001001110110110100011111101000101011100000001010010101001110111000111101001110111000111000010110011100100001001100001000110111110101110001101110011001010111101000
10000001110110001000010001001000011100010010011101011101011111110111101101001010101110110110011001111011101101101001011111000010111110101001010101101111111010011100000011101001000100110
10111010101110011010011110011110111110101001001100101111010010100100010111111100101101011001101101110001010111010010111010000101101000111101111100001100011110101001110010111010011001100
11001101001101111010010000010010100101011000011110110101100100010000111110101100000011001001001100110000111001111101110011011101100100011101011110101010111011000110010000101010000100101
01001001000111110010111001101100000000001101111010100001010100101001010100101110001001011000011001100000110000010110010011101100000011000001110100110110111010000001110110000001000011010
01101001000001000011011111010001000111010111100010010001010000100011101011011011111111001100001001010000111101010111001111110000100011001011000011001011111101110010111110011000010110001
00001011000100010111100101010000101001001001100100110010110001010101111010011111001010001111011011011100110101000101110110111000101111011001101100010111000001101001110110001111101100110
00001110010101011101110101100001100111010011110001000011110100111000100101101100001111110011011100111001000001001001100110001111111010001110011101111110101010011010010111110010011001100
00000110011101111111111000001010101111010000101101010010101110101111111011110101011111110010000010100010111011111110010011000101000100101010000101010100011010001011010111011111010111110
00111011001010111110110101100111000001000110010110010011001000010111111001011011110001011000011110111001010000110001111011111001100100001100101001101010001000100010101011111100001111001
01100011111011100111010111000000001010001101000111111101100010111110110110000010111111011000101110101011100100100001000011110111011111101100111000101001110010100000001101100100110000110
10011111001101011001111011000101010000100000100111011101000011110111100010111001000100101001110111100110011011111011111111011111001111100011001101110001010010100000111100101100101010011
11110000000000011001110111101011000010011100110001001000110000011110101011000111100011011101001010111001001010001111000101100111111000011011001111110110111000111000111000100011001001000
10011000001001000110100101001011010100100111101011101111110011101101110110111010010111011101011111011110101111000011001011111010111100101101101100100000010100110001001110011011100110000
11110101001111111000111000101111100000010000000011111011111111100111101110101101000111011010111000111000010100101000101011111000101110101000111111011100101100101011000110101001000110101
10011100011000110100101101000000001010001011001110100110011110000010101110011110011010110001000100101011011011101001110010101110111011100000110110100010001001110011000101011101011110011
00011101010110110011001010101011000101001010111100110000101101010110001011100011001000000101001001100001111101110101010110111111101100110001101010001011111001111011111001010111101011001
10001010100001101010010001110100010100110100010011111101111110111000001100011000001100010110111111101001110001011101100111110100011000110000000111111101001100001100000101010101001110100
11010100110011010001010000011000110110001010010000011001110000111010100000100001100011111100000000000111011100000111101000110100010001111100010100010111011101111111000110100011011011111
11110011001101100110100110001010100010110100001001101110100011100100011010100110111111101100101101100100101010100101110001001001110000110010111000111111000111101111100010001000001111011
00110101100110100101011101011110010010100000100100110011100000011100101100110011101101001011011000001010101011010111110011010100011110000110010011111001001110000001111100000111011111111
11110010100101011001011100011111001110010001000000110100100100011011100000101011000110001110011011111110000100111011010110100010111101111011010011100001111010111101010001000111101010111
01001001100101111000101110110010100100011100001011011110100000111111110000110001011001001110011001010100001000011111110100101101000001111110111111110001011100100101100001101101101100010
11011110100010111110111111110001000010110010010110110110000110110010001100111011011000000001100100011110111011110000110110101000000010010100011100111101011111001011100011001110011101100
00010110100011011100011111100101111000110001001010110000110000101000000000001000101011111111110100101101010100111100101100010000001001001100011110011110011011000010111101111010100010000
01101011111100001110010000111000111011101000011101111001010111010101011001000000000101001010101110111010111110101100110111100000111001010100001101110110110010010000010001011001110000000
01101001001001111110110110000011011111001010010010001001110110111010001101110111001010011100110011110000000000110001111010010000111010000000001100100111110100000010001111101111111011111
11100001101010111100101001110100010011111011101110001010001010010110000001100011110010110000001011101010001101000101010101101110110011100000101100100111001000101101011001101010000000110
00001000101111101111111010101101111001011101111110001100110111101111101000000101101011111100111011100001100100001100000011000110001010010011111100100000100111000010000101100100111011111
11111001101010110011001011000000011111001110010011110111101001110011010011110110000001011101110100001101100001011001111111101000011101110111111000011100000010101111110010101100101111111
11001100111000011100010111100000011010101010111000011011001011110000100011101010111100011001000111111110100011000011001111010101001001001000000101110110110111110010011010000111000101001
11010110010000000110110001000111100011100011011000101100011010001011000010101101111001000000001010101110111000000110101101011011000001110101101100011011101111101110011010110001100100001
00010110101010100001010111111010111011001101000011001100011001000011011100110001100011001100110110001100010011011010111001001001111100000110001100010011011010001011101110111111001100011
01001101101101111011101000100111010111011111110101011000011110000110110000010011111010000110111110010001010001111101110101100011010111010110001011111100011011000111010111011110011111001
11101110110010100101000111011110000111101100000111010011101111111111010101010010001111110100110001011000011111111011110010111111001101001011001001000000111010111101101001010101101001101
01101010111010110100010110000001100001111000000000101111110111110110010110101100000111110011101110111000011101011010100001101111100000110101001001010011101111000110111111000011111011100
10101101000101110001000110110011000001111000101011010000111010111100111000011111011000100111111111010010010110000111001111111111010011111001010111001110000111011100111110011110000100101
10111011001100101010101011000001011011101010001011110110111100011011101101100011001001100110100110101010111101100111101111100101011111000000110111100010110010111110010001010101111100000
10010111101001010001010010000100001011010010000010011101011000111000101101000111000101110000001001011100111101011010011010011010110001111111100000010101111110010011001110100111000010110
10011101101001000011010011011011011011001110011101011100011101011110110110010000111100110010010101001100011001100000100011100000000111000101100100100100000110001100111010111011001000111
11100111001111001000100010100110111100011101111011101100011111101111111000000101001101000000110101011010101100101100011111110110111100111011001101110111100100100010010001001001010011101
11000011001100100001100000010011010110001101110101010010010111110101101111110100100101001001001110001010010111101011001100110000100101111101100110110000111000101000010100010000011111101
11100101011110110110100011000101111111010011010010110000111100111010111000001000000011110111011000111011111101011100110011011111110000011110011000100101101101110111110101011101010110101
01100000100111110111110010001001111101110100111001111011111010110101101100001011100111001010011001010111110011111101001110111101010101110000000110100010001011000110100001000101000111101
10100101101101010101100110011101101011000000110010011011010010011010111001011100100100100111001001110011000110010000010010011000011010011001101101110111010011100000011111101111111001010
00111100000001100101011010101111111111100101110000010100100111111111011111110101110001010110001100100110111100101111010001011100101110111010011110101111001101111100001011001010010000100
10000010111010100101001101110101110010000010010010001001111100110101101001111001101110010000001100001011001100010110111001100011001101101101100001001000011010000100100100001011111010100
00010111110111011010110010101101100101111011001011010001000111011111110101100101111000110111101101000011001110100010010010001101110100001001001011111001001110110111000100111111001000111
10110101010010000010100011110010010011101001001001000001011011101010101011111010011000000000110010001110011011111011110100100001100011111101100100100100100011000011001100001011100001100
10100111100111101000001101101101011111110010000000001110001000101000100100111001100111001001001110110101011110100110010111011111111100111111001001100011111100010100101001000110000110100
11110101111011000100111011001011100100010000000011101100010011001001111100100110111100010100111010101111110010010001010001010111011000000111011111110111010011100111100010111000110111110
01000010011001110111101101110011001011010111111001101111001010001000111111001110001010010000010100000110001000011100000100111111000111110010011101001101010011110110000111000111010110000
00101000010110000000101001001101101010101001011001001001110100101001110110000110111100001011111011001011001000110000011000000100000111010010010010000111100000110110001011001101000111100
10111101100000111010110111111110101011101000101100000110001100000111010110100111011111111101100111101011001110101010111010110001110101011000100010111010110101011001110000000101010010110
11011001001101100100110001110111000101100010000001011010001101011001101001111011111101100110100001010111101010100010101111001000001100000101110001010111100010011000011100101101100011000
10110110101000000111000010011100110110110011101001101100110111000010000101111101000011010010010010010101010000001111111111010110111110100111111111111011110011101111000011101000101101111
00101011111100001011110100001101101101010101111001110011100111010010111010001110011011010111110011011011011101110110110111111010010011110111110110110011001111111101001100111111101010010
10011000001100110100001111001000110100000111000100110111100000101011111011010100010001111010001101100000110001101010001110100011110011011100011000011000100011011010101000001110010110011
00110000001100001110010100001001110010100010011000100110100100100000101101011101100000100110110010111011010111101110101110010111111011110100000011011000101100000011111001010101001110111
01000111110110101011011011011111010000111011011101010110110110110000011101111101000011111111110010001110011010011010101010001110110011011000111101100100000011101100011011011101111101100
00000101001011101100010111001011011011001011100010000100011001111011010011011100000001011010100110101000010101110110101100101100110100110111001010100111100000010011100010010001000010001
00110100000011011101101110101111010111100110100101110001111000000110010010101011001000100100111111011011011010000011111111011011001011101010010101101100111111110011011110100000001110101
10111110000110100111001101111011110111000111010110011011011011011110100010001111101100001111001000101000011000100010001000100001000010000000000001001011101011001101001111110111001001001
10010000100001111101011010000011001000100110000100110000011111100101001000001100111010000010001011011000110111011111111001001111101110011100101000010010010100010100110001011001010111001
11011111111000100100001011010011110111101100000101111100011001100100111001101011101100001111001110111101010110000101110001111001100001100110111000011011110101011000111011000110000101011
00110011001001101011100001111100111111000111110111011101000000001010000010011000101101010111111011010011011010111011001000001001101111101110111110000101000000100111010110011011010100001
00000010110011001010001110001100000110011110110101011001110110000101101001001101011011011010100111110100011011111110000101110110100011011100110111100011110010100000011101001001010001011
01001101111101110100010110000111000001001001110110000000101110100111101000010111111101111100110111011111110001101011011110011101111110010111101101110101000100001010011111111100010011011
00101101001110110000011101100110001110110001001100001100001100001101001010011001001001011000001010100110111111001100101110011011010111111111011010110010010101001000110111110000010110100
00001101011000111111101101000000011001001010001111011001111110010000001101011101011110001110010100111100001011001010100101111101101111000001101011110100110100100010100000010100110000001
11010010011110010001100010010110101011001001110101011001110100110110000101110011011010001010100011001010101011110000101011000111101111001011010110001100111001100010010011011101001110011
01101111111100001011010111111110110111011011110010110010101101001111111011010000100011111001000010000101000101110101101010101001011111101110100110001000001001001110111011001001111000011
10110011100100001100001001100010111010101010001110001101101110111000111010101000100110010110100011100011001111100111000110000010100001111011000010010111011000111100011001010101000001110
11010110101100010100101000000101111110001000100011110111101110001000000111011011011110111111011101001100010101011011010100111010110110011100001101001001101100111111100111111101000111000
10101111111011100010000111011100001010011010110001110100010101110011001000011101100010101110010110011011110101101110101010000100101011001001001110000110100011010001100100101110011011110
01011101001000110001000111110011111101111010100111110110001010000101100011001000110101010101100100001101000011011101000011101111110110001011010100010000010101111000100010010110111111001
10110010000011011000011111101110100111000000111011000100111101010111000010000111010010111110100001000101000110111001000001111101100001111000110011110101111010001000101000011001000100001
10110111111100000011010010000110110111101001101110101111011011111100010101011001011111110010110011100011110000100101001111101111011001010101100001110011101000111111101010001011010001101
01110111100011111100011100000100001010000110111100001111000001100010100111100110001000010111101010110000110101111011011001101100100110100000100100111100011000111010000001101100000111101
11101111110010010101000110000001011010100101101010100110000110011111111101111101011010001011010101001000101010100110101001100011111101000000001100011011000111101101001101101000101111111
10000110111101000011100111000010110100111100000100011000100000000111011011011111010010011010001101111000101010111010010011110110111110001111101000100100110010011110011101011110011111111
10001110001001001001100010111101010010011011001010011110000011010110100001000100100000100011010001001111001110101110110111111100011110001100011100111111101110110001001000010110110111110
11001000110000011111001001111101101001111100001110000011111111101110100111000011111111111111000011001100000101110010010001101100111111000101010100101101101101111000110011001111011111001
01000011111011001101110010101001001110110111011010100010011011110100111110111101001011001101110100000011100000011110010001001101101011111101001001011011111101011010001100110111001011010
01000010101011010101110111001100010011010100100110110000011111011101111010001001010100110001001111010100110001111111101000011001000111111110011111010100001001111110101011010000010101111
10110000011001110000111101000001001110100011001010000101010100001011001111001100011010111101110100110011100001000001000100011010100100110110100111101101011101000011110001010100110110101
11100001111000001101100111101111001010111001001000101101111011101110000100000001110100100111111111100100010110111000111100001111011000011011110011001000110010000011011111101101101000100
00101111001010011001001010100001111001110010101111000000110010111010101110011101110101001110011101011111110101000000001001010011010110010111110101100001010000100001000110011010111010010
00100010101110011110101001111001101000011001111101001001111001000111010101110001001100101100011010110101011101001010011011100011101111010111101111110000110001111011110110110000100110001
01001001001011000101011010100011001101101000110110011001111001011110100100101010111000101111100011110101101101010101100101011110111010101010011000101011100111110101100011010100111111000
00001010001111100100111000111101000100011111010110110010100110010110110010100011010100110101001101101010101100001001111011111101000110001000000101011110111100011011101001000111101101101
10001000011111011100101101011001001110000101110000000111011111001000111110001111111111101110100111000111111100010000000101001010101010010111100001110000100100000111100010101110010000011
11010010011101101111000010101110111110111111110001101100110110001010100101000010000010111010001110111100000110001100011001011110011111100110101100110100100100110001010010111101011100101
10010110111000011010001101100110101001101111011111001011111010100100010100001111011110110001111001000010100101001100010001000100110111001010111101011000000010000011010100011111101111101
10011100111011101011000111110101101000110011111011101001110001010101111111011011000010110010000010000101111001010101100101011010100001100101101011111010101000010010001001100000100100000
01000011010111111001000011001000101011000100000101001111000111011010010000011110111111101011011001001110000101110101000011011001100101111001100101100010110110110011011101110110010101111
10110100011001000010010010001110001100011000111110101110100110011010000110100111110110000111100110001000100011001010010010000101010111100011010110111110110010110001001100111100100111111
10100101000111111101001111111111111011111001101011011100010111110111001010001111111010000011011101101001100000010100001100100110101110110100000010010010111111001000001100100101101110011
10111110101000101100111110111001111111001011000010111111101110110100110011000111000010110100110000111111111000111111111000010100111101101001010000111011011100110110100011010000110101101
00110110010000001000000100011100110111111100111010101000111110111010010100101001100101010100101010111111110000010100000010011100010101011110010110101000110011110111011101101011011111010
01100011111100101101011000101100111011011101000101000110010101011111100011101011010010010111100010010001100110101101011001101011110110100101001010011001100000101100010011010110111111011
00111100000100111100110000110110101011110010011000101011011101000111101010100101001110111011101010111100111111001111011000110001001110000000010111100111111101000111011010111000110010110
10101110010000000011001101110011011100111101010000110100011110010110101011110010011100100110110001111101111001001101100111100001111101110010111111000011000101001010100111000010100101111
10110111010100111100011010000010011110110000100000110010111101010100010011100011111010100101010110101011000011111011010010010000100111000000110010010101110101001001010000111100110000110
00011101101000101111011001100011111100010010010000000111111110000110011111101000110011111011111000111010001101110100001100011100000111001011110000111000110001111111110010100100101100000
10111001100111001011101011101110100111110010100011100001001001011100101110001010111100111110110111110111011010011010111011010110010001101111011110100110000011000011111000100111101111100
11100110111111101100001010000010010110101111100011101001100111010111001011001011111100000011001010101011110001101001100101110100101010000000011111001110111001111100101100101011111111001
11011011111110100111000111000110011111111001100111011101010010010001110011000110010010101010111001001011111001011011000011001100010111100101000110011110101010100110110000010111001100000
01110101011001100110110010100101111011010001100000001001110010111010111010111110000100101011111010100111110110110101101111111111001010100111010000111111101011001101001010111101100100001
11100111111100000111100010011110011001100001001001110000100110100001100100110011111011101111111011100101111100111111100110011011011100001001001001000101010111101101100011101110010001001
00100111011101100111110100011100011000100100110110101110110111101010010100111001111010011101111101011010011100010001111101100111101000001101001100100101011010111100100100001011111010011
11000010000001000100111111000001011011111110110000101010001101011010110110100011010110011001001100010100001110001001011111010100101100001101111110110101011000111001110010100111111001011
00001111000110100001110001100100000100011110111010011010101101011111100110111001111100100111000110011000001111110010001010100100000000000000110011001010000111000010000001010110110100110
10111010001010011001001011101111110111000100110100000100010101011101111110001000101010101101011111110001101101001100101001100001100011100100010111100110001000111011011010101011110100010
00001001010001000001100001100010110010000101011110001011101001101100010111000111110100111111001010001001111110110011010010110000101101101001010111000001000001110010001101110111111100010
10011010100100110011111000001011001100000011110000011001110001010100100011110011000110011011011100100001000111111011100100100101100100000000000110000101101111001111001101010101111011010
00000101010001001000101111111100001110010000100000011010011101111001011111000111000100000011110101101001011001110010011101010001101111100100110101101110101011111110001000011110101100111
10010111000100100010110001010100110011110010010000111010000011101001010100001111001000111110101000011101000011110011111000000111000000110001000110000100110101010111001111011100111111001
00011000110000110111000011110010010001100111111100011000000110000100100001110111101010011101010000110000110101101000100101101111110100111101001011111111111001111001000110110100110111010
01101101011000111011101001100110111111010010011111111011111000010101101011100010101100111011100011000011101100011001110000010100110011100000010001110011001110110010001110001110001001110
11000011011110110010001111110111001111101100011111110111000110111011100101100011001010001110011011100110110110110101101100101100111001101111100000101000111111111100011110001010101010011
11010001110100101010001100101000000101111001110100000000100110001010101001011011010100001101111101010000000111010000010110111110111000111110110001010000011111010011110011000011010000110
01110111101000110110011010001011101101001001110010000100111110010001011011100110011011000110100010011000001111110110111000001100010010011101011010000001111010001110011011111101100010010
11110010110001111101111110110010111110101011111011110100100010111111101111001011001110000111100000011101110010111011011101101001100101101001011100000001110110001010001000111001100111110
10110101011000010111111100010111001101001111011110001111101001011001001001001111110000110011100100111110101100010111110111010011001100100000011010001000001110001010101101001110111011001
01001101101101101100101111101010110001011011001100001010100100000000111000101010110011010000011010000110111011001100110101110001011100010001010100010010101100110101011111000000111001100
11100001101110001101111111010111000101001110001111101100100101110101100101110100001110001010110101010101110110000101000100001010111111101011110000000010000101001101001100101011001010001
01110001000011001000011110111110100100110110000111100111001110010011100011011111000101110101000101001010101000001100011111001100111100011001011000001101100001111011011000101101101010000
00011100111001010011101010001100011000011111111001100011001001010101101011110111000101011110000110011010111010101000000001011110000111100110011001100010111111111111001110100101110001011
10100110001011110101000110111010010101010000100011010110011011011100000110011110110111010100110011011001111001011111011110111011011100000011110101101011011011101110001000001100110000111
10010011011111001101011011111001011110010100111111000101110011001001010011101010000010110101110100110101001011110100001111101011010011100000110111100001100010111101110111011110011001101
00100010000001000100101111111011100101111101111100100011111001001110111010000001010011000000011110011100111110000100010011001000011101101011011111011001100000010001100100111010111100101
00110101111111101010101101001000000011001111011001010110001101110100101010001001010010110011100010100010111010001111001011001110000010010010101110111101000011101110011000011110010111010
10100011000101011100010111110011011000000011101110011111111111100011011101100111101011000100000001010011100001001000101110100000101111010011001111110001110101001110000000001000111011111
10100001110101111001000000101100000000110110001100010110101100000111100101101011101011010001011001100010011110011000000010101111110110010111110110000111100110000010111110110001000100010
00011111000000110010001001001100111111110110110000101110010010011101101001110011001010001100110110101110110100111001001101110001011011101101011100001011110100010001111011010001101111111
11111011001100011011000010001010000110110100100010000100010111000100101010111101100110110000000111101101111100011101011101100001010001101101111110001011011000101001010110001010011110101
11001111111010101010010111000111000101011110101000101011010110101000100000001111101001010011001110111111011100010100000010010111010111101011010101110111110110010010011001111111110100110
11100001101111100111111110100000000000001110110000101010111110100110111011110011001001101000001110001011000100001010000001111001011111000011100101001101110110000011010101010110010101010
01010001100001100001000000101011100001110110001101011111101011010110001101110010110110001010111010001101001111010110111001101101101000011111101011110011100111001101110111001101000001000
11101110101111011100110101010101000011110111111000101001110001000100001101001011010111001000000011001010100011111111101100101011100110101010110010001111011000110110010101001101110010111
10110010011010001101100101011100101100010011011100001001011100100110010011001000110100110001101011111000010110011110000001000101111011100000000010010000011001100010010010101011001011110
01101100101111111010110101111111001100010001100110101110101110111101000000001100011010111111011100000001010011010001101000111011101000101000000111001010010101111111101000100000101001100
11000101101111000111101000001000111110010001000101100111011101100001100110010101111011010110001100011011101101000100011110101000110100001111101101111111100101101000010110011101000110111
11110010000010010111011000011111011011101101000101010001101101001101011100100101000011001111000011000011001001110000101110100100010001000110111100011101011001010111001000100010111011001
01011111011010001110101111011111100011000110001001001111101101100001100001110010001111011011011010101000010101111011000001011101000110101000111111001001010001110010101001110000011101111
11000100101010011010100110000011110000111000111111110000111010010111100010110010011001110111011110000111010111001100011001110100000010010110100011011000010000101111000010111111010101111
00001101010010011011000011100010111101000100010101111011000001100001001001000111000011000011000011000110001001010011011110101011110110101100010001100111001001001000110111000011100001110
11010010100111010101000001001011100010111000000110000011110110101100001001000001011101101011110110110001101110111001101101011010001100010111110001100000011101101100001011000001101010011
10011100111011110100110111101101101011100010011111101001100100110101111101010111101000101110011011011111010001100011100100101010010111001001101101110110111110011011101001000010010000110
00110110110101000000111000000101111000111001111001011101110111000111001010111101111001010010110111100101111011001111101110010011101110110111111001010011110100001111001001000000011100000
01000000010100001001011101100111000110010101101101100101101101100001111110100001100001011000000001101001111000100110101000110100111011111101001110010100011100011100100101101001110111001
10100001000011011110001010010101000111111101110011000111011011110111011100111101011101101100011110011000011001000101100010100000111101101110000011100111000001101011101001110010001101110
11011011101100010111000100000100011010010000110111011010011010000001010101000111001000000000101000100010100011111100110111011111110101111111110101111011101010101001010100110010010001100
00011000010110100011011101001011010000100101001011010000101010011101110001101000101000101111101001101001110110101011001001111010010011111110110010011001111110011101000111001110100101011
01011111010000001110111101000110101100111111111001011001111010101001011000000011011011000000011001100011011001101101100010110001111001100111101100011110011010110000110110010101000110011
11110101000101110000010110101101100011101011011000001111100110001110000011110010111010111001010010110111110110011101111111110101111100011101110000100000001101111100001011000111011001001
10111011011000000100011000011001101011111111100101011000101001011110010011111101110110100011010011100111111010111000100110111000110001000010110101110110000110110001101100010010001001101
00101111111101001111000101010011100100010111001001011100111000011011000101010110001001110110000111101111111100001100101101110100110010100010111000111001010110100110110111100011110110101
00010101100010001100100011100111010001001101101001111000011101111110111111011010011010000001000101001111100111000101101101001110100000010001001010101000111010111001111011101001100011011
01000110000000110001010010010101011000100111110001111001000001100001001001001011110000010110011101000011101100100010001110111110000001111111011111100001100111101101101011111001011000101
01110000001011110011110000101000101001110111100001011111110100111110001000000010110111111110111000111111010110010111101111010100010111100001100100010101111010110001001111010010011111110
