010010011111111111111011111111111111110111111111011111111111111001111110000101111111101111110110110111111101111011
101100111101111110101011111111110010111111111101011101111110111011111111110011111111111011101011101101101111111101
010111011101111110111111101111100110111111111111011111011111111101011111010111110110010101101101111011011111111110
011011101011101111001111011110011101110111011110111001111111111110001111110111011110010111010100110111111101011011
101100111011111100111001101111111111110111110111111111111111011000101111011101111111111111011111110101011111011011
001100111111111111111111011111101111111110111111101110001101111111101111110111111111011111111111111110101111111011
010111010111111111111111101011110110111111111001111101111110111111111111111111111111111110101111111100111111111111
111011101111111111111111111111111111111111111111011111111111111101101111111111011111111110111111111111011111111101
111111010001110101110101111011101111111111111110011101111111100111111111110101111110011111111011101101111111111111
111001110011111111101011111111111111111111111011111011110111111110111111111111111110011111111111101111100101001111
100111110101101111011111111011110110101110110011111011111111111011111011111111111011101111101111111111111111111111
111111111110111110011101111011111011101111101011111111110111111011111110101110111111111011111111111101011010111101
111111111111011001011011011001111110111111111010111111111111111011110111111111110111110101111111011100111011111111
111011111101101011010111111111111111111100111111111111101111111111110011110111111011001111001101100111111111110111
111111110111110101101101111011111111111111010101111111111111001011110101111011111111111101111111111111111011111011
111111111111001011111111111110100001111111111101111101101111111111111111111111011101111011111111111110111111111111
111101110111010100111111111101111111010111101111111001111011111111111100111110111111111011111011111111111111111101
100101111110111100111011111111010111111101111101111111111110111110111011111110111111110111101111111111111111111110
111011111100001111011111111111110011111011111011111111111011111111111111111110111111111111111111101011111111111111
101011111011110111101111110110101111111011011111101111110101111110111111110011101110111111111111110111111111111111
111111110111101111110111111111011111111111010011011111111111111111111111101111111111111011100011010111011011111111
001101111011011110111011011101101111111110111111101111111111010111001111111111111110110111111001111111111111111111
111101110110110111111100111111111111111111101111111111111111101111110011111111100011111111110111111011111110111001
111111111111111111111100100101111011111111111111111011011100111011111011111111111100001111110111111111111010110000
111010111111011111111011011111110110101011111111111011110101111110011111111110111111011111111110001111111111111110
110101011111111111111110101111110001011111111101111111111111101111110011111111111011111111011111111111111111111111
111111111111111111101110110111111100011011111111110011111101110011011010100011101011111101011111111111111111111111
111111010100010111111111111011111101011011101011111111111111101111111111111111101111011111111111111111111101111111
111111111111011101111010111101011111111111111101011101111111110111111111111111011110111111011111101011011001111111
111011111111111011101111111110110101011101111111111111111011111111110111110111111001101011100111101111111101111111
111011111111111110110111111101011111111110010110111111101101010100111111111111111111111111111101001001011111111111
110110110111111011101011111111101111111111110111111101101011010111111111111111100111111111101111111011011111111111
100111011101111010011111001110110111101001111111111111111111111111111011111110110001110001111011011111111111100111
101111111110111011011110101111111010101111111111111111111111111110011111110111111111111111111111111001111101111111
111011111111111011111111100010111101111111110111111011111110110111101111011110111111111011111111111011101010101101
100111011101011111111111010111111010111111011111101110010101111111111101110111110111111111111101111101101111011100
111111111111111101111111100010111111000111101111111101111111010111011110110111111001111110111101111111110111110111
111111111100111111111111011111110011001111101111111111111011010111110110111001101111101010010111111101111111111101
011001111111111101111111111111111111010111111111111111111100111111111111010111111110111100111110111110101011110111
111111111111111111001111010011110111111011010111111011111111111011001111011011111101110111111111110101111111011101
111111111111101110111111111110110111111101111111111101011101111101111111101110111101111110111111010111111111111111
111110111101101111111011111111011111111110110111101110111010111111101110111111111111111110111101011111110111111111
111011111111110111100111111111011110111011011101111111011111101111111111101111111111101111111111111111110111111010
111111111110111101111101111011111111001111101011011111110111101110111111110110110001110111101111111110111111111111
111101111101110111110111111111001101111010110111101101111111111111111110111110110101111111111101001111011011111101
111111011000011111010111111011111111111111101011010111111011111111101111111111111111110111111111111101101110111111
101111011111110010111111101101111111111111011101111111101111111111111110111111101110111110101101110111111111111111
111011110111011111111111111111011111111111111110111101111111101111011111010111101111111110111111110111011111111111
000111100111111111110111111101111111111111101011011111111111011111111101011011011111101111101100110111110110101111
111110111111111111101011111111111110111110110111100101111101111111011111011111100111111011110011111110111111111101
111111111111111111111111110111111111111111111011100111101011111111111111011011111111111111110110111111111111111010
111011111001111101111110010111111101111011111111111011110110111111110111101111101111111111111111111111011111111001
101011010111111001111111111101101111011101110110101101111110111111111111111111100111111111111111111110110011011110
111110111111111111111111111111111110111110111111111110111111111111111111110111111100001111110111111100101011010110
110110111111111111111110111111111110111101011111111111011111101101110111111111111111111110111110111110110111011011
111110111111101011111111111111001111111111111101110111101101110111111011011110111011111111111111111111111110111111
111111111010111111101111011111111110111111101111111011110111111111010111111111111111101000111111011111111111111111
111111111111111101011111111110101111101110111011110111111010111011011111111111001111011110111111111110011111101111
111110111111111111101110010111011110110101111111101111101101110111110110110110011111101101111101101111111111111111
101111011111111110111110111111111101110110111111111001111010111111111111011111100111101011001101010111111111010001
111101111111110111111011111111001111001111111111011111111111011110101111111111111111101111101011111111111100010100
111111110111110111111101101011111111111111001110111111011111101111011111111111011111110111011101110111110111101011
111111110111111111111011110101001101001111111111111111101101110110111111111111000101111111101011111011111111110111
001101111100010111111110110111111111111011111111111111111011111001101011101111011101111111011110011111111110111111
010101101111111111111111111111011111111101111111111111011111111001111111111111111011011111101111111111111111111111
111001111011111110101111011111011011111111101111111111111111010110111111111111111001111101110111111111101101111110
110011111111111111111011010111111011011011111110101111110011101111011101111011111111100111110111111100111101111111
111000101111111111111011111111111101111010111011111111111111011011101111011111010111011101011111101111011010111111
111111111111000111111101101110111111101111111111111011010101111111110110100111110111101110100011101111111111111111
111111111101101110111100100111110111111111111111111111101111111011111011111101110111111111011111111011111111111111
111111111111110101111111111111111110111111111111011111111111111111011101111111111101111101111111111011101111110001
011111111110111101111111110111111111001110110101111111111101111111110110111111101110111111101111111111111111011011
010101111111111111111111111111111101110011111110000111101110111111101111011111111111110011110011110111111111111111
011111111110111111110111110111111111111101011111111011111111111011110111101111111111111111101010111110111111111111
000010110111101111101111110110111010010111101110111110111101111111110111110111111111011111001011010111111111111010
101111111111110111101111110111111111101011111111010111111111111111011111111011111011111111101011111111011111110110
011101110111111111111111111111111111101111111111111111111111111111111011111100110111110011111101001111110011111111
111111111110111100011111011111110101111101100111111111101101111111111111111100011111010111111010111111011101111101
111011101111111011111111111101111111111111111111011111111001100011101111111110011011011111111111111111110111111111
111111111111111111101101110011101111101111111100101001111010110111111110111111101110111111111111111111101111110111
110111111111011111111101111111100110111111100111101101111110110111100011111101110101111011011111010011111111111111
111111111101101111111101100110110111011111101111111111101111111100111111111011011001010111111111101111111111111111
111111111111111011111110111110110111011001100111111110111111110010111101111111110001111111111111111001011111111111
110011110011111111101010111101111111110111111101111110111111111111111110111111101110111001111011010000111111011111
110010110011101111111110011011111111111111111111111110111011111101101111110110011011011111001111111111111101010011
011111111101101111111110111110111111101111011111011110110100011111010111111111111111101111111111111111101111111111
110011111111011110111011111111110111111011101011111111111111101111011111011100111011110001110110101111111101111111
101111111110111001110111111110110101101111111111101111110110111111111111011101110110110010111101111111110111101010
110111111111010111111111110111110111110111111111111111110101111110101101111111111110110101111111111111111111111100
111111001111111111111111111111111111000100111100111111010011111111110111111111111111111010111111110111111111111111
111001111111101111111111100101111111101111111111111111111110101011101011110111110111011111010101111101101111111110
100111011101101110110111111110101111111111101101011111111110010101110110100011111111011111101111111111011111111111
011011111111111111110100111110111111101111111111100110111111111110010111011111111111110111010101110111111110111111
101111110111111101110011111111110111111111111111101111111111010111110111000010111110111111111011111111111111111100
110011111111101111111011111111011110011110110101011111111100101111111111111101111111111011010101011000110101111011
011011111111111111111111011111111111110111111111010111011111111011111111101110111111110111111110111111111111011010
111111111111011111110111011111010111111100110111111111110110111011111111110101110110111111111101011111111111111111
101111110011101111011111011100011111111111110111111111111101111111100111111101111011110111111111101111110111111011
011001111111101111100111111111111111111001111100011111111110101111111111010111110110111110110111110111111111111100
110111111111111111011101111101001001111111111111111111111111110111111001111111110100111111111101111011010111111111
101101010110011111111111111111011010101011111011111110111111111111011111111111111100111111011101111101101111111101
111110011111011011111111111111111111110111101111101100011011111111011111101111111110111111111101111110111111100111
110101101110111111110111111101001111111111110110111011111011111111101111111010111101111111101111111011011111111111
101110111011111111111111111111111100110111111011111110111111111110111101111111101111101111011111111101100111011111
111111111011111111111111111111111111011110011111011101011111101111111111111101011111111011111101101011100111001111
111111111110010111110110111101111101110111110111111100111111111111101111111101111111111111111111111111111011101111
011011111011111111111111111000111011111111111111111111111111011110011111111110111111010111111101111111111101110111
111111111110111111111100111111111101111111111011011111101111011011101111111111111111111111110111111111111110110011
111001111011111111111111111111111110111011111111111100011110011111111110111111111110011111111110111111100111011011
111111111011111111111111111111110101111111111111011111111011101111111111111111111111111011111111111110110011101111
111111111111101111111110111111110111010111111111111110111110010111111101111011101111011111111111111110111100110111
011000111111110111111100111111111111111111011111110011011110101111111100110111111111011011111100101111111110011011
101111101110111101111100111111111100101011110111101011111110011111111101111110111111111101111011110101111111111101
110111111111111110111110011111111110111111011111110100111111011110111111110011111111111001011010110111111111111110
