01111111111011111111101110111110111111111111111111111110011111111101111011111111101010111111001111111111111101111111001011111111111111111111111111111011111110111111011110111
10011111110111111111111101111101111111111111111111111111111110011111111111111110011111111100011011111011110111101010110011111111101101011111101111110010111111111111100111111
10010111111110111111011110111111111111011111101111111111111111111000111111111111111110110111111111111101011111110111111111011111111110111111111111101011111111111111111111111
11101101111111110111111110111111111001111111111111111111111111111011011110011011111111111111111111111101111111111111111111111101011111001111111111011100111011111111011011111
11010111101011011110111110111111111111101111010111101110111111111101110101111111111111111111111110010011111111110111101111111111111111111011011111011111011111111111111111111
11111010111101111111111101111111110011111110101100111011010111111011110111111111101111101101110111111111111111111011111011111101011001111011011111111111111111011111011110110
11101101111110110100111111100111110110011111111111111011111111101101101111010111010111110011100111111111111111111111111101111110010111111111101111110111111110010111111110111
11111010111110111111111111011111111111111101101111111011101011110111111010110111111011111111111111111111111111111110111111110111101111111111011011011111111111111110011011111
11111111011011111011111111101110111110011111100011111110111110010011111111110111011111111111111111111101111101111111111111111110110101111111111111111111111111111111101101110
11110111100111111010111111010111011011111111111100111101111111011111111111101111111011111111111111111110111101111111101111110011111111011110101011111111111011101111111011111
10111111100110101111111101111011111111111111110111111111111111111111111111110111011111111101111111100111010111111111111111111101111111110111111111101101011111111010111111011
01110111011001111001111011111111110111111111011110111110111111111111100111111111111110110111111111110111110111101101111111111011111111110111011111111110111111101111010111111
11111011111001101111111111101110111111111110110101111111111111011010011111111111011111111101111111111001111111111001111110111111111010111111011111111011111111111110111111110
11011100110110111100111111011111111011111111101001111110111111111111111011101011111101101111111101111011111111011111111111111111111011111011111111010111111011010011111111110
11110111111111011111011111011111101111010110111110101111111111111111101111111110011111101110111111101101111110111111101011111111111111111101111111101110111111111111111111111
11111111110101101111111111111111101111111011101011111010111111110011101010101111011111111111110111010110110111111111111101111111111101111111110111011100011010111111111111111
11101101111111110111111111111101111101111111111011111111101111100111110111111111011010111111111101111110111111101111011111111011100111111111111110111011011111111100111111111
11111111001011111011101111111111101110011111111110111111111011110111011110111111101111111111110111111111111011010111111111110110111111111111010111111111111111111111111111111
11111101111010111101111101100100111011111111011111111111111011110110111110111111111110101111110111111111111011110101011111101111111111111010111111111111111111111111111011111
11110101101110111110111111011111111111111111111001011111111111111111101110011111111111111111101111111111110100111111011101111011111111111111111111110010111110101101111111111
11011111111111011111011101111011011111011110111111101111110111111111111111111101111110011111101111111111111111110111111111111011111111011111111111111111111011111111110111111
01111111111111111011101111001011111011100101111111010100111111010111111111111011111011111111011101111101111111000111111111111111110101111111111111111110111110011111111111111
11111111111111111111110111011111111111111111011111100111111111110110111110111111111001011101101110111101111111110100111100011111111111111111001101111111101101101011111011111
11111111111011111111111010011101111111111111111110110011111001111111011111011111010111111111111101111111111011110111111010111111011111111011111111011111111111101011111101101
10111011110111111101011100110101101111111111011111111101111111111111111111110111110100111011111111011111111111111110111111110111011111111111011111011110111111111111111111111
01000111111111111111111000111111111111101111111111111111111111111111111111111111111011111111111011011101111111111101011101011111111010111111110111010111010010111100111101111
11111110101110011110100011011111111101111011111111111111111101011111111110010111111111110111111111011010101111111101001111101111111111110101111111101110111101110111111011111
11111101011101111101101111101101111101111111111011110111011111111011101111111011111111011011011100111011111101001110110110111111111111111011111101011111111111111111101111101
11111101101111111101111101110110011110111001011111110110111111101111110111011110011111111111101111111111100001101001111111111111011111111001101111011111111110111111111111111
11111111110111111111001111111011111111111011010111100111101011111110100100111101110111001111011111111110111011010111110111111111111101111111111011101111101111111111110011111
10111111111111110101111001101101111111110101111111111111111111111110111111101111111110111111111010110101011111110111110111111111111101011111111011111111111101110110111111110
01111111011101111101111111110110111101111101101111111111101111111110110101101111111111011111110110111100111111111111111111111011101110111110111110111111010111011011111011111
11111111101111111111011111110111001101011111111111111111111111110111110111111011011111111101011100111111111110101111101111101111111011111111111111111011111111111111101111110
11111111111111001011111101111111001011111111101111110011111111111111111101001111111111111111111111111110011111111111111110111111111111101111111110111111110111111111010111110
11111001111011111111111111111111110101011011011111111111110111101111110110111111111110111110111111111111111101011111100011011100011111111111111011111111111111111100110111111
11101011101110111101101111111111101011111011111111011111111111111011111111111111011011111111111111111110010010110111110101111101100111100111111101111011111111101111111111101
11101111111111110111111111001110010101111101111111111110110110111101011011111111111111111101111011111110111111111111110101111001101111011111010111111111110111111111111111110
11111101011111111011111111110111111110111011111101111111111111111111111111111100111111111110111111111111110011110011111111111111111111111110011111110111111101000110111111111
11011101011111011011011111111111010111011010101110011111111111011111111100111011011110011111011111111110111111111011111101111111111110111111111111111111011111111111111111110
11110111111111111111101110111111111111101101111111111011110110111101101101101110110111111101111011101111000110111110011101111111000101111111111111111111100111111011111111110
11111111111111011111101111111101111111110110111101111111111110111111111111101110111111111111111111111011111110111111101111111111111111111111111111101111011110111111110111011
11111111111111101111111111010011110010011011111011111001111111111011111111011111111111111011110111111111111111111111111110111111111111111111111111111111001101110111111100111
11111110111111111111101111110100111101101101111101101111111111111111011110101111101101101101111001111111101111110111111111111111010111011110111110100111111111111111011111110
11111011111101011111011111111111111111010110110111111111011110011111110101011111111111111010110111100101111111111101001100111110111111111111111011111111111001111011111111111
11110111111011111101110101110011110111111111011110111111110111101111110111011111111101111111101111101111110111111111111111101111111111011111010111111111111111110101011101111
11011010011110101111111111111110101111011111101101111111111111111011111111110111111010111111110111111101010111110111111111111011111110110111111111110110111110011111111111111
11110111010101111111111111111011111111111110110011111011101111011100011111111011110111111111111111111111001111011111110111111110111101011111111111001111111111111011111111111
11111111011110100110111111101111111111111011110011111101111111111110111010111111101111111011110111101111111011011111010111101111111101010111111111111111101111111111101111111
11111011101100111110111111111111111110110101101101111111111111001111011111111110111111111001001101111111111111111110110111101111111011111111111101100111111111111111011111111
11111011101011011011111011111111111111011111011110111110111111111110111011111111101011111111101110111011111111111111010111111110111110110111111111111110111011111111111111111
11111111111111111110101111111111111011011111111111010110111111111111111111111101101110111101111111111110111110111111111111011110111111111111100111110111111110111101111011111
11110111111111011111010111111011111111111101111111100101111101111111011011110111011111111101111110111011111111111111101111111111111111111111111001000111111111111111111110111
11111111111111111111100011100011101111111111111111000111111111111010111110111111111111110101011111111111111111110111111011111111111111111011111111111101101111110111110111111
11111000111111101111111011111111101111101011110111111011111111111111111101111111111111111110100111111111011111111011110101111011111111101101110110111111111111011110110011111
11111111101111111111101101111111111111111011111011101100101001111111111011011111111110101011111001111110111111111111111111111101111111111111111111110011111110001111111111111
01110111011010101111101111110111111101111111111110011100111111101111011011110111111111111111111111110111111111111011111111101111111111011111001111111111110111101010011111111
01111011111111111111111111101111111111111110111111111111011101111111111111101111111111111111111111110111111111101111111111101110111111111111111111111111101011111111111111110
11111110111111110111111111111010111111111111110111111101101111111101111111111111010111111111111110011111111111111110110111111111011111110111111111111110100111101111110011110
11111011111111111111011111111111110101101111011111111111110111110111110110111111011111111111110101111111111111011111111111111111101111111010101111111011111111111111111111101
11111110111111111001111011111011111111111111111111111101111011110111111111101111111111101110101111101111101101111011001101111100111111111110111111011111111111111111111101011
11111111111111111111111011011111111111111111111111101101011101100111011111111111110111111011011101111111111111111111111111111111101111111111111011100111100001110110111011111
10111111011111111111111111111111111101100110111111111111111110101111011111101101011111111101111011010111111111111111101111111111111011011011111111111111101011111111111111111
10111111001101111111101111011111111111011110110101111111111111001111111111111111111111111100111011100111111111111001101111111111110011111111110111111111111111111101111110111
11111101111111110111111111110111110111111111011101111110111100000111110111111111111111111110111111111011111111111111111111111101011111101111111011110111111110111111110110110
11111110011111100001100111111111011111111111111111111111110001100111111111111110111111111011001011110110111110111111100111111111111101011110011111111110111111000111111111110
11001011011101101111111111101111111011111011101111110111111111111011111111101111111111111111010111101111111111111111110111111111111110111110001101111111011111101011011111011
01010101111111111111111111111111111101101111110111111111101111111100111011111101101101111101011111110111101111011101110111111101111111010101111111101010101011111111101111011
11011111111101111101110111111000111111111111110010110111111111111100111111111111010110111111111111111111111111111110111000001111111111111011101001011110101111110101011111111
11101111111101111011111011111111111101111101110101101110111100111111011111101111101111111111111100111100111111110011111011111101011111111111111111101001111011111111111011111
11111101111011001110111111101011111111101111111111111111111111111111101110110110111101110111011111111101101111111100111111101111111101111101111110101101011111110110110111110
11110011111011110111111111110010010111111110011111111111110111101111110010111110111111001110111111110111111110111111111011111101111111111110111111011111111101111111110111111
01111110111110101111111111111111111101111111111010101100111111111101110001100101011111111111111111111111011111111111011111111101011111111110111110110111111111101111111110110
11110111111111111111111111111010101111001110111111111011111111111111111001111111111111111111001111111111111111111101111010111111111110111111101110110111011101111011110111111
11101110111111101000110111011011110111011101111011110111110111111111100110111111111111110111111111111110101011011101111101011111101111111111111010111110110111111110111111111
11101101111111111110111011010111101111111010011111111101111111111111111111011101111111111111001111100111111111111111111111111111111100111101111011111011110111110111111111110
11111111101110101111111111111100101111100101111111111111011010111011011011101101111111110111111111111111101111111111010111011111000111111101111111111111111001001111111111111
11111100010111111111111101011111111111111111101111101110111111111111101011110111111111111111011100110111111111111110111111111111111111111111111111101101101111111111111111101
11101111111110111111101111101111011111011111110111111111111111111111111111111011111011111110101111111111111111110111111101111111110111111110111111101101101110111100111001111
11111111111111111111011111111011111110111111111111011111111110111101111011001101111111111111111111111011101111111011111111111101111100111011011111111111111111111111111111111
10111111111111011111111111110111111110100111111101111111111111110111100111111110111011111111111111101111111111111111111101111110111111111111111001111111111011111110111011110
10111101010101000111111011110111011011011111111111101111100110111110111011111111011111111011110111001111111011111101111101111111111111111111111111111011010101111110011110111
01111011111111111011111111111111111111111101111010011111111111111101011111111111101111011110111111111111111111111111111111110100111111111111111111101111011111001111111111101
11111101111111111111111001111011111111101111110111111111101101111110111111111111110111011101111111111111111111110111111111010111111011111111111110011111111111110111101000111
01111110101111110111100110111111111011111111101110111111111111111111111111111010111011111111101111111111111000111011111111111010111111111111111110101111100111011111011111001
11111111111110111111110101111111111111111101011111111111111111111101101111111111111100111111111011011111111111111111111111111111101101101111011111111111111111011101101111111
01011111111011110101011101111101110111011111101111011101111111111110111111111111111100011111111111011111111001111111011011111111101111111111011111111111110101100101111111011
11111111111111111111010111101010111111011111111111111111111111111111110111111111100110011110011111111111111111111011111001111111111111111111101010111111111111001111111111011
11111011111110011101111111111011111111111101111111111101111011111111110111111111111111100001111111111111111111111101111111101111110111111111101111111111011101111111111100110
11011101111011111111111111011111111111111111111111110111111111111111101110101111111111100111111111101111111011111110111011110111111111111111110111111111101111110011111111111
11111101111111111111111101101111111111111010111001111101111101110111111111111111011111101010111111111111101011101111111111111110111111111011011110101111001111110110111111111
10111011110101111111110111111111011101101101111101000111111110011101111111111111110111101101111111111111111111111110101101111111111111111111110010011111111011111111111111111
10111111111111011111111111111111110110111110111111111011111011001111110111111011101111011010011101111111101011111111111110111111111111111111111111111111111111101011110111111
00111111111111111111101111101011011111011111111101110111111101110001101101010111111111011110011111111101111111111100011100111111110111011111111110011111101110111111111111111
01111101111111111110010111110111111111111111011100111011111011110111111101011011111011111111101111110111111111011111111111110111001111011011111111111011101110110110001111011
11111001111111101001111111111110111111111010101011111011110111111011111111111111011111111111110101111010111011111111110111110111011111100110111011110001010111111111011111111
10111111111111111111111110111101111101101101111111111101111110010111111111111111111101111111111011111111111111111111101111101110111111101111011111111111101111111101110111111
11111111111110110111101011101111011111111101111101111101110101111111011111110111111111111110110101111111111111011111111111101111111111001011110111101111010111111111011110110
11110111111111111111110111101100011111111111111110101111101111111111011111110111111111111111111110111111101111111011111111111111101111111111111101111111011110011011101110111
11110111111111101111111100011111111111111111111111111111101110111111111111111111011100111111111111010111101011101111111011111111011101110101111111111011111101111100101111110
11111111110111011111111111111111111111101110011011111111111011011011111111011110011111110111111111101111111110110110111111110011101111111110100111011111111111101111111011011
11110111110011101111111111111101111111111110111111111110011110010101110111010111111111111111101111010111011111111111111011110111101111111111011111111111111011011101110111001
10110111111100111111111111001111111111110111111110101111111111101111111111111101111111111111110111111011111111111110111111111111111111111001100001111011111110111111111111010
11001111011101011111100110111100111111111110101111111111111111111111001111111111111111111111011111111101111111111111111111110111101111101110111111111111101001111100011011110
11111111101111100111111111011010101001011111111111011101111111110111011110111111111111111111110111111110110111111110011111111111111111111111111110110011111111111111111111111
11011111110111111111111111111101101011101111100111111011111111111111111011111111111111111111111111110111011111111011111111111110111111111101011111111111111111111110011111111
11111111111111111111111111010111111111101101110111111111111011111101101110101101111111111010111110011111101111111111111101111101111110111110111110110111111111011111110111101
10111111110011101110111111110111111010101111001111111111111111111111111111111111111111111111111111111110110011111010011111101111101111101111110101111011111111111111110111111
11111111111111111001111011110011111010111111111011111111111111111111111110111111011010110010110111011111110011111111111110111111111111111011111011111011111111011111111111111
01111111001111111110111111100111110111111111111111111111111011111111111111111111111010111111111111111111111101011111111111111111011111001111110100111111111111111110011111111
11111111111111011110111111111111011011100111111111011111111111110111110111111111111011111111111111101111111110111111000111111111011111101110110111111101111110011011111011101
11111111111110111011101111101011110111111111110011111111110111111101111110111111111111111111101101111111111101011100011101111110111111011111111111011111111111111010011101110
10111111111011110111101111100111011111111111111111111111011111111111111111111111111111111011111111011111111111101110110111111011111111111111111101101110111111111011111101111
11010111111111111001000011111001111010111101101111110111111111111111011111111011110111111111111111101111111111110111111101111111111110111111111101111101011110011001101111111
10111011111101111111111111110111111110011111111111111010111011011111011111111101111011011111111110111111010111111011111011101111111111011111011111011011111010111001111111110
11111111111001111101110110010111111111111110111111111111111111011101101100111111011111101111011111111111111111011101111111110111111111111111111111111111111111110111111111111
10111110111111111111110101101111111111101111111101111111101111111110101111110111111111110101011111101010110111001110010111111101011110111111111111110111111111100111111111111
01111111111111110100111110011111111111101110111010111111111011111111111011101111111110111111011111111110110110011110010111111011111111111100111111011110111101111110111111111
01110111101111011111111111011111010111110110111111101111111010010111111111111111111111111101111011111111111110111111101111111111101101111111101111111111111111111111111011110
10111111111111111111111111101001110001111111110000111011101111110001111111101111111111111111110111111111111110101110010011101110111110111101111111101111001111111011110110110
00111011111111011111111011111111110111111111111111110111111111111110010101111111111110010111111111010111111111111011110011111111111110101111111111111101111111111101111101111
11111101111111101110110110111111111001001110111111111011111011111110111110111010011111011101011111111111101111010111111101101101111111101101111001111111111110111011111111111
11111111111101111111110011101111101111111010111111111111111111111110111101111111111111111110011111111111111011111111111110011010110110101111011111111111111011110011101111101
11011111111111111111110110111111110111111111111111011111111111111110111110101111110111111111111111111111111111111111111110011111010101111011111111011110111111111111111111111
11111111111111111101111111011111011111111111011001111110011111111110101111111111111111101111111001111111110111111011110101101111111111111011111101111111101111111111111111111
11111110101111111011111101111111111111111111111111111111111111111111111111111111100111110111100111100101111111111101111111110001111111111111111111111111011111111111111111111
11111111101011110110011111111110111101111111101111111011111111111111111111111111111011111111111111101111111111101111011110110011001011111001111110101111101100111101110011111
11101011110111111111111111111111110001111111111111111101111011101101010011111101101111111111111111111111101111111110111101110101101101101011111111111111111111111111111111111
11111101011111111011111111111111110111111110110110011111011011111111111111111110101011111011111011111111011111011111110110111110101111111111111001101110110110011111111111111
11101001111111111111111001110111110111101101111111111111101111101111011011101111111111111111100111011111111100111110111111011011011011110111111110111011111110111110111101111
10111110111111110111111111111110111001101111111111111111110101111111111110101111111100111111101110100101110111111111101111111000101011011111011111011111001010111110111111111
11111101011111110111101111111111111011101101111111111111111111011111111111101011111111101111011111111111111111111111111110011111110011111111100111110101001111110111110100111
11111011111100111111111110111111011111111111111101111111111110011111111111111111110111111111111111111111111111111111111111111011000011111001111111011101111111111011101110111
10111011011111101111101111111001111111101111110011111111111111110111101111011101111101111111111111011111111111111111101111011101111101111111100111101111101111111111111101100
11011111111101111111111110111110111111011111101110111111111111111011111101011101111111111111111111111111101111110110110010111111111110101011111001111111101011111111111111011
10101111101111111111011111111101111101111101010011111110111110110101111111111111111111111111001101111111111101011011111111111111101111001111110111111111111011111111111110111
11101111111111111111111111111111101011111111111111111011111111101111111111111111111101111111110001111101110100111111111000111101111110001101101111111111111111011111011111111
11111111110011111111111111011111111011111111101010111111101111111101111111111111111111111111110111011111111111111111111111111111011111110111000010111111010100011111111001101
11110011111110111101111011100111111111111111111111110111110110111110111111111101111111111011101101111011111011111111111111001001111010111011110101111110101111111011100111111
11111111111111011111111111010111111111111111111111111011111111111101101111001111111111111111111111011011011111111111010101111011111011101101111111111111111111111111111110110
11111111101111111101111111111110111110111101111111111111110011110011110011111011111111111111110111101101101110111111011111111111111111111110111101110011011110111111111101011
11110010111001111011110101111111111100111111011111111110111111110011111111111101111100111011111011110111011111111011111110111111101111110111010001110111111000001111100111111
10111101101111111111110111110111111111111111111111011110110111111010111101111111111111001111111111101011111111111111101111111111110101100111100111111111011101110100111111111
11111111111111101011111110111111111101111111011111011011111111011111111111111111111111110101111101101011110100111111111111111111110101010011000111110111111111101111111111111
11111110101111111111111111111001110111111110111111101111111101101110111110011110111111011101110111111011111011111111111101111110111110110111011011111111111101011101101110101
11111111111111111111110111101111111011111111111101101111111111111010111111111110111111111111111110111011110101100111111101101110111110111010011101111011111111111100111111111
11111111111111110111111111111110101111111101111111111011111111111111101000111111110011011001011111111110101101111111111111111011011111110111111110011111111111111111011011011
11100110111110101111111000100111111111111111110111101111111011111110110111111111110111111101011111101111111111011011011111011111101011111111111110011111101110111111110111111
11011111110111011111111111011011111111110101110101101111111101111101001111110011101011111011111101111111111111101111110111111010111101111111111111100111111111110111101111011
10111101111110111110111110111111111110111101101101001101111101101111111001111111111111111111110111111110101111111110111111111111110111111110010111100111111110111110111110101
00011111111101110110111111111111011011111111111111111101110111111101011111011111011111111111100111011010110011111011111111111111011111111110111101111011111101111111111111111
11101111110111101111111111111111111111111111111111110111111111111111001111110011111111111111110111111111111110110111111011111111110011111111111111111100011111111101110111111
10101111111011001110101101011111111111111111101110111111101111110100111110111111111111111111111111111111111111101111011111011110111111111011111111111100110111111101011111101
11110111110111100111111110111110111111010011111111111111111111111011101101111111001111101011110100111111111111110111110111110111100111110110101111111101010111111111011111111
11111111111111111111110111111011111111101011111011110111001100111100111111110011111011110011001011111101111111111111110111101011100100111011111111011111101111111011101111111
11111111111111111111111110111110101101101111111111111110101101111111111110011111011010111111110101111111111111111111111111111110111111110111111111111110010111101100110011011
11101111101110101111011110111111111111111110111110111111011100111101011111101110111111111101111111110101111111111011111110111111101110011111011111111111111001111111111100011
11111111111111111111110111011101111110111010111111111111111101111111110101101111011110101111111111011101111111111111011111111011111111110111001011111011111001111011111111111
01111101111111101110101110110111111111110111101111011101111111101111111111111011111111111111001110111011111110110011111101111010001111110110011111010111111110110100101111111
11111001111110111111101111111110111110111111101111111001111111110111111111101111101001011111111110110111101010110111111111111110111111100111011011111111111111011111110110111
11111111101011111110110011111111111010111111111111111100101111110011111011101111101110011110111111101111111111111110111111111111111111111111010111111111110111101111110110111
11111101111110111111111111011101111110111011011111110111111101110110101111011111110110110011101111111111111111111100111110111111110111111111101111101111111110110111111111011
11111111110110111111110011111110111111101110110111111110111111111011111101111111111111110110111110111111111110000011110100111111111011111011111111111111101101111010111111010
11111111111111110110111110111111110111111111011111011111111111011110111111111011111100111111111011010101111111110011111011111011111111111111101001111100110110111101111111110
11111110110101110111111110111101110110111111111111111010111101111111101110111010011111111011101111011101011101011111011111111111001111111111101101110111110110111010111101010
01101010111011111111111111111111101111111101011101111110111111111010111111111111011011111111100101111101011101011111111111111111111111101111111110111110011111111111001100110
10111111011111111111111111101111011111111111111011111111111111111101111111111111110101111111101110011111111111110111111110111111111011111011011011101111101110111111001111110
10111111111011111111011111111011100111110111111111110011101111101111100101111111111111111110111011110111100111111111110111111011110111111011011111011101110111001111110101111
11101110101111111101110111011010111111111111111111011011101101111111011111111010110111111111111111101101111110111111101111111011111111110111111110111111110111111111111011111
11111111011111111111111010111111111111111011011111111111111011111111111111111011110111101111111111111111111111001111111011111111010101110110111111111111111011111110010101111
01111001111111111111111111111111111111111011111111101111111111001111111011111111010111101111111100111111111111111111110111111111110011011101111011110111111011001111011110111
11111111110111111111111111111111111111110111111111111111111011111001111111111111111010011111101111100011111111111111111111111111111110111110111110101111110011110010111111001
11111111111111111111111011101111111011111111111111111111110111111111111111110111101011111111111111110111101110111111111110111111111101110111111011110110111111111111111111000
11111011011100111111111111111101001101001101111111111111001111100111101011011110111111101111111101011001111111011011100111111111111101111101111111111111111111111000001111100
