00100111110111111001100100100110000011111101000111000000001000
00010111010100000010101010111111001001010110011010011010110000
10001011111100101010110010100101110001011000110110001000011001
01000000000001000011110000110010011110100010100111011001110000
00100011111010100011000111001000011011001000111110010001001110
11000001010110011011011010100100101010100000100110000010110011
11101000111100000011110011001100100011011011101000101010101100
11101100100111110100001011100110110100111101000111010110101110
10101011001010000011010101010111010111110100000010010010110010
11101110000001100000100011110101010101110101001000001101011000
00101010100101000100110010010000101101010001001101011001110001
11100111001001100001001010010111011111100101110100010000110011
10001101100000000010011101010100000010001010110110001100110101
10010001011100000101101011010100111011110010100000110110110011
10101001010100001111101010111100011101101011001100011110111010
10000101000000001001100101011110000011000101000001110100100000
10100100000000110100011000111110000110001100111100011100010110
00000001001001101011000111010111110000011010100010000010111100
01111110100010100100000101111010010100100010100110001011100100
10011110100101110100001010000001001101100110111101000110110100
11110010011001110000011100110010010110110001101000000100010110
00110110101010001000101101000111001110100111001110011100100110
01000101000111101001110111001100100000101001011000100101100000
10001000100010010110111000110010111100110010111100010001001101
01101111011101100101001001011111000011110001100001100100000110
00001011110011010110011010101110011101010000110010010100000111
11110101010000101010100101011111111000000101101011101111000000
01010000111111111110100110101101110011001101110001100100011010
01001010000000111010001011110010100011110011000100101110111011
11100111110111111100011011110011010100001011111101100111100000
11010001100100011110110111101100100000101111101111101110100000
01100000110100000101010010110100001100010101010000100010101000
00100111001001000100001100111010011110100011010001010111101100
00111001110101100110100101110100100110011101011100011001100000
01011100001101100001010101100001100110001100100111000111000101
00010001111100101011110101000101111000001100010101010110010010
10011110100111011000110010011000111001010011100001000001000111
11101010111101110001000011011000000010000000100010000011011100
10010101110101100011111110001010100000011011100001100001001111
11100011111001000100100111001001010010100011110011000110100100
10101011000010101100001000010110011100100111100000011011111100
11000001110100011001010000110011011100001001100111001101100010
01010010000011100111010100001110100010111000000111011101001100
10000011011100110000111010111111110010111100011111010101001001
00111110000111001111100111110110001011111100001100010011000010
01101000000110001001001101010101110100010001001000111000100110
01001010011000101001111100100110010000000001110101011100000000
10111101001110101011010100001110011100000111101001111010111000
11111101100010000110010001100010001001010111000000000101001010
10010001001000010001000010110110101110110111001100111101001111
00000010000001010000001010111111000000100000010101000010110000
01011001101101111000010101000000110100001011111101000111001101
01110010011010101010010000101010010000001110011101000000110001
00000001010011111001111011111110101100010111001011010001110001
01000111100001100111000000101111101101011000100100110001001001
00011000011000000010001100100100111011101111100011010110001110
01010111101111110111011000001111110000011100010100101100011100
01110100111111101101100000011000000101001000000100101100100101
10101011010000100100000100011001100001101011000111010011100000
00001011000010001111110111000000101011111010010001010001110000
00001101100101101000110011011000000110100100110011000001000001
00100100001111000000000101001000001010100001000001011110010010
