0011011111110111111111111110111111110111111111111011111110110101010111111111110011111101101111111111001111101011111111001111111111111
0011011111111111101111101111101111111111111111110111111111110111101110011110111110110101110111111111111111111111010111111111110011111
1100111111110111101111111000111011111111111111111111111110111110011111111111011111110111111111111111101111111111111111011111111011111
1100100111111101111111111111111111111111111111111111111011111111111110111110011101111110111111010011111111111111011111110111001111111
0011010101111111111100111111111011111011111111111011111110111111111111111111111110111101111111111111111011111101010101111111111111111
1110101111111111111101101111011111111111111110111111111111011100111111110111011111111111110110111111110111111011111111111111111011111
1110010110111100010111111111111101111111111111111111010111111111111101111111111111111111110011100111110111011111101111111110111110111
1111111011111111101111010111111011111011110111111111111010010111111111110111111111101111101111111101111111111111111111111011111111111
1111011101011111100111110111100001111011111001110111111111111111111111110111001111111011111111001110111111010111111101111111111111111
1111110110100111111111110111011101111111111111111111111110101111101111111101010101111111111101111111111110111111111111001111101101111
1111111101001111110111111111111111111111111111111011101101111111111101111111111111111111111110011111111111111100111111011101010110111
1111111110001101111101111011111011101111111111111111010111111111111010111011101011111011111111111111111111111110111111111101111110111
0101111110110100101100111111111011011100101111111111111111111011111111110111011111111111111111111110111101111111100110111111110111110
1111111111111011111111011011101111110110110011111111110101111111111111111111111111111101111111101111101111111110101111111111011101110
1110110111100101111111111111101111111111011111111111110111111111111111111111111111111111111111111110011111111101011110111111001101101
1111110111110110111011111111111111111111111111101111111111111001111111111111111111111101110111011111111111111110111111111111011111111
1111110111111111011010111101111111110101111011110110110110111110111101010111101111111111101111111011010111111110111111101111111111111
1001111001110111101110111111101111011111110111110111111110111110001111111110111111111101111111111111111001111111110110011111111111111
1111110101011111110111101111101011111111111111011101111011111111111111111111111111111110101101111111111111111111011101101101011001011
1111111111111110011001110110011111111111101110111011111111111111111011111111111111111111111111111111111000101111111111111101111111111
1111001111100111111000110101101101111111011111111111111011111111101011101111110110111111011111011110111011001111111111110111111001111
1111011111110111001100111111111011111111110101111111101111110011111010111111100111111111010111011111111111111111100011110110111111110
1111111011111011111111011111111111110111001111111001011011110011111111111111101101111011111111111111111111111111111111110100111011110
1011101111111111110111101111111101011111111111111111110110110111111111111111111101001011011111111111101111111111111110111110111011101
1111111000111111111001110111001111101101111111111111101101111111111111011110111111111111011001111111111111111111111111011101110111111
1101111111101011111111111011111111111111101111111101001111111101111111111110111011111110110111111111110010110111111011011111111111111
1101111111111111011101111101111111111011111110111111111110111101111111111111110011111111111111011111111111111100111111111111111111111
0101111111111111111011111110111111111111111111111111111101110111111111100111011101111110111111101111111111111110101111111101101010101
1111101110111111111011110111011101111111101100011111111111111111110111111111111111111111100110111111011100111011101110111111111111111
1011111101111001100101110111101010111111110111111110011111111110011111110111110111011111111111011111110111111111111111111011111111101
1111111101111111111111111111110111111111111011111111111110111000011111111111111111111011111111111111101001101101111011111111101111111
1101011001100111110110111111101011111111111111111111111111101111111110101111111100011100111111101100111101110110111111111111111111110
1111110100111111111101101111011101011111111111111111111111111111111111101110011110111011111111111111111001101111111111111111111111111
1111111111111111111111111111101110111111111111111111111110111111011111111111111011111111111111001111110111111111101111111110111111011
1111111111110111101111101111111101001111111111111101111101111111111111111101111011111111011111111111101110111011111010111111101010101
1111111111101111111111110111111111001111101111111111101101111111111111010011101101111111111101101111111111111111111111111111101111111
0111111111111011011111011111111111110111110110111011101111111101111110111111101111111101110110111101111011011111011111111111101111110
1111011001111111111111111101111111111011010111111111111111011111111100111010111111111111111111110111000111111011111111111111110011111
1111111111110111011111110111111111111100111010111001111111111111111111111111111111111111101101111101111111111111010111011111111111111
1111111111110011111111111111111111111100111101111011101111110111111111111111111011011111111101111111101111111111111111111111111111111
1111111111111101111101011111111111111011001010111100101111101111111111110111011111111111111011111111111111011111111111111111011111111
1111111111110111111011011011011111101111001111101101111101111011111101111111111111111001101111111111111111111111111010110111111111111
1111111011111011101110111111101111110011110111111111101101111011111111111111101101111101111110111111101111101111110111111111111100111
1111111101111011011111111111110111111101011011110011111011111010111110111111111111101111111111111111011111101111111011110111111101111
1111111101111111111110111111011111111110111101111110111111111111111111011111111111111111111111011111111111111111111110111111110111111
1111101111111111111011111101011111110101011110111111111111011101111111111110101011111011111111111111111111111111111110111111110001011
1111111111111111110111111111011111111111111111010111111111111010111111101011011111110111010101111111111110010101111111111111101110111
1111111111111110111111111111111111111111101111101111111101111011111111111111101101111111011110010111111111101101111111110111110111111
1011111101111111001111111111111111111111111011010111111111111111110100110111011111101111111011111110101110111111110100011111111111101
0111011111011111111011011111111111110100111011111010111111111111111101101101110011011111110111001011011111011110111111111110111111011
1111111111111111110111011011111111011101001111111101101011011111111111111101101101111111101101111111111111011111111111111010111110110
1111111111111111011111111111101111111111011101111010111111111101011111111111111011011111011111111111110111011111111110111010110101111
1111110111101111111111011011101111111111111111111111011001101001101101001111101011101101110111010111110101111111111011110001110011111
1111111111011111111110110011111111100110010111111101101111101101111011111011111111111111011010110101010111111111111101111110111101111
1111110111101001011111101111111111111111111111111111110110100111111111011111010111011110011101111000110010111111111101011111111111011
1110111011111111110101011111111111111111111011111101011011111110111111111111111111111111111111110111111111101110111111111110111110101
1111111111011011111111110110111111001111100111101111011101011111111111111111111111110110101111111111001111011110111111111111010110111
0101011010111111001111101101110110111111111111111111110110101111111111111111101111110101111111111111101111111111111010111111111111111
1111101011111111111111111111111111111011111110111101111101011111111111111111111110101101111111111111111001111111111101101001111111011
1111111110111111111111111111111011111111011111111111000110101111001111111111110111111110111111111011111111111111101110110101011011111
0011111011111111111110001110111111111110111111111111110111110111110111111111111111011111100111111111111111111111111111111111111111111
1111111111110110111110011111110111111111100011001111011111111010111111010111111111011111111101111111111111111100011111101101111011111
0111101111111110111111111001110111110111111110111110001111111101001110101111011111001110111101111111111001110111111011011111101100111
1101101111111111001111111111100111111111111011011111111011111010110101011111111111111111111011111011110111110111111110011111111110111
0101111111111111101111111111100110111111111111111110111111101101011110111110111101111111100111111111111110110110101111111111110111111
1011111110111111101101111111111111111111111111111111011111101101101011101111111011111101111111111011111111111011001001111010011101011
0111111111111111111111111111011111111111111111110111111111110110110110111111110111111111111010110101111111001001111011111111111110111
1111111111101111111000111111111111111111111111111111101111111111101010111011110110011111011110111111111111111111111111111111111011011
1111110111011111011111111111111111111011101111110011011111111110111101111111111111101101111110011111111111111111111101111011111111111
1010111111101111111110111111111011110011111011110111111111111101010010111101110111110101111111111111111110111111111111111111111011111
1011111111111111011111110111111111101111111101111111010111111010111111011010111111010111110111111101111011011111111111011110111111011
1111111111111111111101111110111001111111111111011011011111111101101111101111111110111110111111111111101111111110011110110110101111111
1111101001110111011111111110101111101111011111110111111111111011111111110110111111111111111011111111111111111111110111111111011111110
1111111111101111111111111111111111101011111111011111101111111111111011011001111111111010111111110111111011111111111101111111111011111
1111111110111111111111111111111111011111111111111001111111111111111110111001101110110101111111110111111111111001111111101111111110101
1010111111111111101111110011111101111011111110111111111111111111011111010110110110011111111011100110011100111111111111111111111011111
1100101100110111111111111110111101111111011111010111110111111101111111111111011111101101111101011111111110110011110010111111011111111
1111111101101111011110011111111111100111110110101101011110111111111111111101101111101111111111111110111111111110110111111111011111101
0111111110111111111100111101101111111111111111111011110111101111110010111110110111111111111110111011110111111111001111011001111111111
0111111111101111111111111001111110011110111110111010011111111111101111111111111011111111111010101001011111111111011101111101111011111
1110111110111111111111001110111011101111110111101101111111111111011111111111111101000111011101111111111101111111111111111011110011011
1011011111111111111101111111111001111111111111111111111111011111111011101100111110001111111011011110111111111011111111111011111111111
1111111111111111111111101111101011111110111111111010110111110001111011011110111100011000111111111011111110111111111111111111111101111
1111111011111111111111101111111111111111111011110111011111011101111101111111001100101110111100110101110111111111111111111101110111111
1001111111111111111111111111111111111111111111011111111100111111111110011101111101110111111110111111111110101111101111000111111111111
1111111101101111111111001111110101111111101110111111111111111111111111111011111111011010111111111111111111111101111111101111011010111
0011011111111010101111111111111011110111100111111111011110011111101100111101011111011101011111111110111011111111101111101110111011111
1110111111111111110111111010111011111111111111111111110101101101111111101011111111001010111011111011111111101111111111011111101111111
1111111111111111111100100111111111011111111111001110100111111111111011111111111101111101011111111101111101001111111111111111011111011
0111111011111111010111111111011111111101101111111101111101110111011111111111111111111111101111111111100111101101111011111111100011010
1011100111111110111110111011011111110111111111011011011111110111011111011111111111111111110110111111011111110110101111110011111111110
1111110111111111111111110111111111111111011111110111101111111110110111110110111010111110111011111101001111111101111101110111111101111
1111111110111111110111110111111111101100111111011101110111111001111111111111011101101111111101111111111101101110101111111100111111111
1111101111011111111111111111011111110111110111101111101111111111110001111111110011100111110110111100011111111110110111101110110110011
1110111101011110111100111101101110111111111101101011011111111111111101111111011110111111111111011111101111111111011111111111111101111
1111110101111011111111111110111010101111111111111011111111111111111111111110111011111111111111101011111110110110101011111110101000110
1110110111111111111111111111111111111011111111101111001011111111110111111000111111101111111111110111111111111111001011011111111111111
1110111111111111011111111111111111111111111111111011110111101110101111111111110011011110111111101011111110111111111111111111111111111
1111111011111111111111111111111011110101111111111111100111111111110111011111111011101111011010111101111111010111111111010111100111010
1111111101110101111101111111111011111111111111110111110111111111111111111110101110111101111110111110111011101011111111111111111111111
0111111111111101011111111111011111111011111011111011101101111111111111111110111011111111110010111111000111111001111111111111111111111
0101111111111011111111101111110111011010110111110111111100111111111111101111111111111111101011011111001111000010111111111111111111111
1111100111111111011111111011101110111011111111111110000111111110111111111111110111101111101111111111010111100110111110111111111011101
1111011111111111101001111011110101110111111111111111110111011101111111011011111111111101111111111110111011111111111111101111100111111
1111111111110111101011111111010001111111111111111111011111011101111111111110111101111111011101111111111101111111111111111111011111111
1111111110111111111011111011011111011111111111010111110111111111011110111110011111010111111111101011111110001111111111111011111111111
1111110101111111111101111111111111110111011111011000111101111111110111011111111111111111011111111101101110011111111111111111111111111
0111111111111111111001111111110101111111110011101111111011111111110111111111111111110110001101111110100110101111011111111111111111111
1111111101111111111111111011111011111111111111011111111111111100011111111111011111111111110111101101100111110011111110110011011111101
0111101111111111111111111111011111011011111111111111111111111111100111111101011110111111111111111110001111110011011010111101111101011
1111011111011101111111111101110111111111111111001111111111111011110111111101111111111011101011111111011111111101111111111111100111100
1111111111001010011111111100111011111111111111111011111001111011011111101111101111111111110100101111100111111110111111111110111111111
1010011111111101110111111111111111110101111111111111111111111011101111101111110011111111111111010111111111101011010111111111111111100
1111110111110011111110111110011110111111111111111111111111101111001111111111110111110101110101100111111111111111100111101110111110101
1011011111110111101110111111111111111101110111110111111111111111111111110111001111111111111110111111111111111111000110101111111111011
1111111111111111111110111011110111011111101011111111011110111101100111111111011111111111101111100111111111111011111011111010101111101
1111011101111111110111111111111111111111111111110111100111011111101101111011111011111111111011111111111111111111111101111111111111111
1111111111110101101111101111011111011111101100110110111110101110111111101111011111111111111111111111110111110011110110011111111111111
0101111110011111101111110011111111111101111111110111110111111100111111011111110111110110111111110101111111111111111110011111010111111
0111111110111111010111111111111111111111111111111111111111011011111111111101111111110001111110111111111011111111100111100001110111001
1110111111111111111100011111111111111111101011101111011111101111111111101111111111110111110011111101111111110111111111100111111001011
1111111011111111111111111111101111111111111111111100011111011111101101111111110100111111110111111111111110110111111011101011101100011
1111111111001111110011010110111111111111111111111111011111001011111111111111110011101111111101111111111111111011111111101101110111011
1111110111111111111110001111111110111111111111111000101011111111101111001111111111111101111100101111111111111110101011111110111111111
1110111111011000110111111111111111111111011111111111111101101111101111110111001111111011011111111111111101110111111111011111011111111
1110111110111101111111111110110111000111111111011111111111111101111111101111111111111110101111101101111011111101111011111011101111111
1011111111010111111111110111111111111011111100101110011101111111011111111111111101101111101110111101111011111101111111001101110011111
1001101111111111110101001110111111011011111110111111011111101011111010111010111001111001101111101111110111111111111111110111110000011
1111111110111001110101111111111111111111110010111110101111111101101111111111111111011111111011001111111111111011111111110011111000101
1111110111001111111111111110111111011111110111011101111001111100110111111101111111111011111110101111111111111111101111111011111000111
1111111111111111110111111111111110111111111110111011110111011111101011011111111101111111001110111101111111111011110111100001111011001
1111111111111101111111101110101111011111111111110111111011111111111111111101101111111111111111111111110111110101001011101111111101001
1111111111110011111110011111111011110111111111111101111111111111111111110111111111111111100111101101111111111101011111111111111111110
