001110111111111001111011101001111111011111010111111111101111001111101111101111101101111111110101111111111111111111111111111111111111110111101111101111111110011111101100111101111
001111111001111111111101111011110011110110111111111111111101111110011000111111111111101111111111111110111111011111110110111111111011111011111110101111010111111111111111111011111
110111011110111111111111111111111111011101111100111101111110111111110011011111101111111011111111111111111011111011111111011111011101111101111111101101111111111111101111001111111
111011111111101011111111111011101111011011111111111111111011111011010111111111111111101010111010111011110111111101111110111011111111111110111111111111111111011111111111111111111
111101111011111001001100111010001110110010011101111011111110110111111011011101111111111111111011111111110111111111111111111101111110111111110111111111111111110101001111011111111
011110011011011110111111111101111111111100111111010011111101100101110111111111110111110111111101111111111001000111111111111111111110111110101111111111111101011111111110110110111
110110011000011011100110111101111101111110111101111111111111101111111111111111111100011001111101110011111110110111111111111111111111101111001111111110111111111111111111111111111
111111101111011111100100111110011010110011110111011101110111101111111101100111111111111111111111000111111111111111100001111011011111000110111001111101111111110101101110001011111
111111110100101111100111011111111111101001111100100110101111111111111111001111011011111101111111111111010101111111111111111111111011111111001111111011111111111111111111110111111
101100011011111111101111111111111111111111101111011111010110010111111111111111111111111101101101111111111011111101101111011111101110010111111011111111111111111111101101101111111
101111010100110111111111101011111111011011111111111111111111111111111000111101101111111111111001110101111011111011111111111111101101111111111111111111011111111011110111101111101
110111010100111011001011111011111000111111111011111101101110110111111111011010111110111111111111111111111011101101011111111111111111111011110011111111110011111111011101011111111
111110001111000111011100101111111110011100011101111101111101111111011111111110101111111111110010111010111110111110111111011111111010111111110111110011111111111111101110011111011
111011110111001110111110110101111110110011111110111101111111110111111111111111011111111111111111110111111101111111111101101111111101011111111111100111111001111101111111111100011
111111111101010110111111111010111011101111111111111111101111111111111111111110111111110101111111111111111111111111111111111111101101010111101111111111110111110110111111111111011
011001011110111001110111111111110111101011011111111111111111111011101110111111111111111111111111111111011111111111111010111101111011001111110111111111110111111111100111111011111
011101111111111000110011011111010111111001011011011111101111111111001101111110111111111011100001101111110011111111111110111100110111111111011111111111101110100111010110111111110
111110111111100100111111111110111111110111111111111111111101110111111110010111111111100110111111110111111010111111111111110111111111110111111011011010110100011111111111111101001
111101111110011111011111111110111111101101111111111111111010011111111111101011111111101111101111111101110111101101111011100101011101011110111111111101110111111111111111101011111
111101000010111111101011001111110111111001111111110001011111111101101111001101110111011111010101111011111101101110110001011111101001111111111110111111111111111111101111011111111
111111000111111001110111101111001111101111101111111111111011100111011111111110110001111111111111111111011111111111111111111111111111111111111111110111111111110111111111010111111
011111111110111101101011011110111111011010111111101111101110011110111111110101111011011111111111111111111101011111011101110111111111111011111011001111111111011111101111111101101
101101101111011111111101101111111110111111100111111111001011111111111110011100111101111011110111110111011111101111101111110111110111011011011111111111101010110111101111011111111
111101001111001111111110101111111010011110111111111111110110101010011101111111111010000110111111111001111011011111111111011111101111111111011111011110111111101111110111011011101
111111110111111101101011011101110111101111011111110110111111011111111101111111111111110111111110001101111111111101110111111110101111111111100111110101110110011111111011101011011
011111111101011111100100101011111011101110111111111010110111110111110111111111111111111011111011111110101011111110110111111111111110111011011111011111110110111100111011101111111
111111111111101111111111110111111101111001111011111100111111101111101111001110111011101111000111011111011011111111111111111110000111111111111111011101110111011111111111011111111
001001111100110111111111101011110111101001011011111111110111000101111110111111101111111111111001110111011111011110111011111111111111110111111011111111111111111111111101101011000
011110011111101111111111011101111101111010111101111111101111111110111111111101101011111111111011111110111111111111011111111011101111011111110111111111110010010111111111110111110
111101101111110110011011111110101110111111111111011011111111110111111111111111111111111111111111101011111111101111011111111001111111100111110011111101101101111111111111110101111
111101101111111101110111111111011111101111111111111111111011111011110111111011011111110101101111011111000111111111110111011111111111100100111111110111111111101111011111011111100
111001111111111111110111111110101111111111111111111111010101110111111111101110111101110101111011011101110111111111101111011100111110100111111101110111111110111111101111111111111
101111111111111001101111011011110111111111101001110101110100111101111111101111011111011101111011111111111111111111111101011101111111111100111110111110111111110111111111111101110
101111101110110111111110101111111000100101111111111110111111111111110011101010111110111110111100101101011111111110101110111101011111011011010111011111111101111011111111110111111
111111011110111111111111110101111001111111111111110111111111111111100100111111101101111011011111111101111111111011110111101110110111110110011111111111011111111010001111111110111
111101101110001111111100111110111010111111111111111011001111111111111111111011011111111110111101111001101111111111111001110001111111111111111100111111111111101111110101011111111
010011111101011111111010111111111111011111011011111111111111111111111110110111111011111110110100100111111101111110111101111111111111101101111011111111011110111111111000110111110
111111110111110011010111001011011011101101011111111111111101111111111111111111111010101101111011111100111111011111110011111010111101111111111110001011101101011100111011111101110
101101101111101110111111111111111011110010111111010110111111111101101111101110111111111111110101111111111011111111111111111101001111110111101110110111000010111110011011010110111
111001100101101001101011110001111111110011111111011100101111011111101111111110111011011001111111100111111111110111011111011111111100110111111111111101101111111011011111101111011
110110110111011101001111110011111011101101101110111111101110010110011111101111101111111111111110111111101011110111011111011111110011111111111111111111111111011111111101110111001
101100011111011111111010101101111111110110101110111110111111111011110111111111111111111111111111111110111111101011110011111001101111111111111011011111111001111111011011111110011
011101111111011001111111011011111111001111010111111111011110111111101001111111111101111111111111111011101111111011111111100111111110011101101001110111010111100011111111110101011
111111111011111111110101111111110111111100101100111111111111111101101111111111100110111110011111110111111111011111011111111111010011101101110011111111111011110111111110111110011
011111101111111111111101111111111111111111010110011111101011111111111010001011111111111111110111011101111111111111111111111110001100111100111110111111111110010111101011111011001
111111111110111101111111110011110111011111111011110111110111111101111100111101111010011110111110111111101101111111111111001111111101111011110110111111101111111110111100111111111
110101010111011111111111111101110111111111101101110010101111111111111111111101111111111111110100111111110111101111111011011111011101111011110101111000111101111110011101110110011
110111110111101111111111111111111111111100100110111011111110111101101010101010111111110101110111111111111101111111110111111111010101011111110111111011111111110010111101111110110
111110101011111101111111111110111111110011110111011111111111110101011111110101101110001111111111001111110110111111111111111111011111111011011111111111111011111111111011110111111
111111110111111111111011111111111111111111111111100111110111010101101111010110110110111111011100111111011111110111111111011111101111111110111111011111111100111110110111101011111
111110110111111111101111011111110101110111111001100111111111110111101111111111111111101110111011011111011111101101010101011111111111101110111111110111010111111111111111101111110
111100111111111111101111101110111110111111111100111011110001111011110110101111111111110101111010111110011111011111101001111111110111111011111111111111101111010101110111101111101
110111101110001111101111110111110111111011111111111100111111111111111111001101110111110111110110110101111011111111111111111010111111111111110011111111111111111101101010111111111
111111110111111111111111000111111011110010111101111100101101111111111111101110111111110111111111111110111111111111111111011111111101100101101100101111110111111111011111111111101
111111111011111111101101111111101110111111011111111111011011001111111110101001101111110110101111111111111110011100111110111111110111111011101110111111110111101111010111011110111
011111110110110101111001111101111110111001110101111110101011101111111111111110111111111110110110111101011010111111011110111111111011110111100111101111111011111111111111101111101
111111101011111111111110101011100111111111111011101011110101110111111111110111010111111111111111111011011000111111111111110011011010111111111111111110101101111111111111011111011
111011111111111111010101111111011111111111110111111011001011111111111111111111111111111111111011011011111011111111111101001101101111111111111011111110111111111011011111111111101
101110111111011110111111111111100111101111111111111010110101110011101101111111111111101011111111011110111010111111111111111011110101111111111111110111111111111111111011011111111
110101111010111111011010111111110111111101011110111111111110111101111111101001111111111000101110011111111110111011111111111111100111110111101111101101111011111001110110010111111
011111111011111111011011011011111111111001111111101111011111011111101100011010111101111111111111111111110001110011111111111100111011010111111111110111111111001110111111001110110
011110001111111111110110110011111111111111111111111111001111101111111111111100111111111111111111111011111101111111111111111101111011111011101111111001110100111010101111111101111
111100111010101110110111101010101111111101111111000111110101110101011101101111111111010111001110111111011111111111101111011110110111111111111111111011111111110111110111000001110
111011111111111011111110111111011111111110111111111011111101111011000100011110101011011111111111111110011111011111111110111111011111111010101111010111010100010010111101111111111
111110111111111111101111111011110111110111101010001111111110110101111111110011111111011000111111111101011111000111101111111111111111011011111010011110111011011010110101111111011
101111111111111111111010111101111111111101111111111111111111111110111111010111111111010011011100111011111111111011101101011111011111110111011111111001111111100111111111011111111
101011111111011101110110111111111111111101111111011111111111110011010010111100111001101111111101110111111111111111101010011110111110111110101111111101111111011111011110111101111
011111111111111001101111110111111101110011001110100111111101011011101111101111111111111111111101011111111111111111111111011111101111111001111110111110000111110011111111001111111
110010111111111111111111101111011001111110111111111011111111111011010111011001111111110111111101111110011110111011111011111111011111111111111100111101111110110111101111010101111
100101111101111111111111111111111011111111010110111111111111111111011000111111111111001111110111001111111111111111111110110110111101111110111111111111111111111101100011100101011
101111101101111101111110011111111101111111011011111111111101010011111001111111110001111011111111111001011111001111110011101111111011111110111110110011101110111111101111111010110
101111111101111010111101111011111101011111110010111011011111011011011010011010111111111111100111010111011110011101111111001111111111110110110011100011100111111101110111110111011
110101110110111110101101110111111111111111110111101101111111011010110110011111001111101111011111111111111111111001111111011101111100101011110111011111111111101110110110101110111
011111100111111111001111110111100011110101110110111000011110110111101111101111111101111111111110111111010111111111110111101101101111111011100111111111111011111111111111001111111
111111101111111110111011111111111111011111111111001111110111111100111111110011011100011101111010101111101111011101111011111111111001111001111101111101111111111110111110110111111
111111111110111111011111111111011010111111110110111111011110011101110110110011111011010111111110111011111111111111111111101111110100111101111111100111011011111110100011110110111
111101111101111111101001111101111111111111111001011101011110101111010111111101011011111101111111111101011101111110111111011111111111101101010110011111001111110111111111111111111
111111111110010101110101110111101011110011111110101110101111001011011110111110100011111011111110101111101011111111110111101101111010101101111110011111100101011110110111111110001
111111110111101111111111111111010110111111111111111111110111111111111111010101011111111111111011111100111101111111111011111010111010111110111011111011011101111111011101111111111
010111111101011111111111111001111101111101101111011111011111111011111111011110101111111011111110011010111111111100011111110111101111111111111111111111110101101111111111101111111
111110111111111111100111111111111111111111101111101101110111111111111101111110110111100111111111010111111111110111111101111111111111111101011110111101111110111111111111101111011
111111110111111111110010110101111111001011111011111111111111111011011101111000111011111101111111010011111111111111110111101111111111011111111111010001011111101111111111111111111
011111011111111111110101111111101101111111011111111111111111011111011101100111111100111110111000111111111111111110011101111111101011111111111110101101111010111110111011111110111
111111011110111111111110111111111011101111101011001111111111111111111111110111111100011011111110111111111111111011111101111111100011111111111111111111111011111111110001111011101
111111011111111111101010111111110111111011111011011111111111110000111011110011111110011101111110111111111111110111011111101101111111101101011111111011011011110110101111111111111
101011111111111110011110110111111111101111111111010111111101111111011011011111110111100010111111010111111111111111110101001101111111111111010110111111101111110111111111111111011
111110111111110110111110011111001111111111111110111000011111110110110111111011110111100111111111011111111011111111111111111011111001111111010111111011101111010111011001111101010
110011011111111101111101101111111101111011111111111111111100111100111101111110101110101011111101111111111111111111101110110111110111111110011110011111110111011110101111111011111
111111010011110111111111111111000111101011111110111011111110111101111111110101111011011101011101111111011100111111000111011101010011111111110110111110011001111111111011111111110
111011111111111110111110111111111010011111101011110111001110111101111111111111111101101110111111111111010010111110111111111110111111111011110101111001011101111101011011111111111
111111111111111111101111110111111101111111101111101111111111110110111111011111111111111101000111111110111111011111011100111100111110011111111111111100111111011111111111111101111
111111111011111101011111110111011111111111111111111111011110110111111110111111111111111111001111110110111110110111111111111111111111111111111011100111111101011111111100111011111
011111111111011101101101110111111111010111110100111101101111111111111010111111111111111111010111111111010111101111111110111101011010010111101111111111111110111010110111111110111
111001111101011101111111101001100111101111111111110011111011111111111111110111011101111111111011011111011011111111110011110011110111111111111011110110111111111111111111100111011
011110011001111101101111111011111010010111111101101111111111111110000111111111111101111001111101110011111111111111111101111010111110101010110111101111111011111111111111010111110
111011111111011111111111011111111011011101111001101001101110110110111111100010101100011111111110111111111111111111111111111101111111000111111111010111111111011000111111110111111
111111101111111111111111010111001111111111110111010111111000111111101010111111100011100111111011010111111101110110111111110000111111111111111101111110111101110111100110111111111
111111101111111101111111011110111011011011111111011111111111111111111011110110111111111111111111100111110111110111011011111111101010111111111101101111011011111110110111010111101
111111001101101110111101111011111111011011101111111101111111111111011110111111110011101111101101000111110110101010110110011110011011111111111100001110111111101111111111101111001
111011011111011111101110111110111110111111011111111111110011101110111101111011101011111111111101111011101111010111111111110111111111110111011101111111101100111111110111111110111
111111111101111111011110011111101000101111110111111101101111111101111101111101011111111111111111111101111011111111111111110111111110101101101111111111011101101111111111111111011
101111111111011111111111101101111111101110111111111010111101111011110111111111001111111111001111111110110111111111110111011110111110111111111110011111101111110101101010011111010
111111110111111011110101110011011011111111111111100011100111110001110100101101111111111100110011111111011101111110111101110011100101111101111110101111111011111111100011101011110
111111111111111111111111101111011110111101011011111111111111111111111111110110111111111111111111111011101110111111011111111011001111111011101101101111100101101111011111111101101
111001110111111101011111111111001111111111111101011111111111011111111111101111111111111110110111100110110111110110111111111111101111101001111111111111011111001111101111111111111
110110111000111100111110100111111111110101111111111101100001011111111111111110111111110110111011111101111010111101111111101001101111110111110011111111111111111111111111111110111
111110110111101111101011111111111111011111111010111111110111001111111111111101011111111101111111011111011101111011011111111111111110111001111111101111110111101101111111111111111
111111011111011110111111111111111111111111111111011111000100111111110110111111111111111100101111110111101010111101111111111111011100110110111101100111011110100111111111111111111
101110111111111111111010111011111111101111101111111011011111111001111100110111111111111111011111111011111111010111100011110001111101110111111101011111111011011111111111111011101
111110111110111111001101111110111111111110111101110111111111111101111101111111111111111111110111110111111111100111110100111111111110101111111111011111111100011110101111011110111
111110011111111111111111111111111111111001111111101111111111011101111111111111110111011111101111001011110111000111101011110011111111111111111111110101101111111111111101111111110
110111111101111111111111111111111101111110011111111111111110011110110111011111111110111111111111110111111101111011001111111111111111111011111011101101111111001101111111111111111
111011111010111111011111011111111111111111111111110111011111111111111110010111101111111111111111111111111010111101111111111110111101111111111100110110011011011111101111101110111
111111111111011111101111101011111011011111111111111111011111111111111111111101101101111110111111010111010111111110111111011111111111101111011100111111110111111011111111101101100
111111111110111111111011111100111111111001101111110111101111111111111111111111101101011101011111101111101101111011011100111111101110111111101011111101111111011101111101101110111
111111101011111111111101111111101011111111111111111011111111110100011111111111111111111001111111111111111111010011101111011011111111111011111110101111111101110111011100111111101
101111101111111111101111001111011101101110111110110111111111111111111101101110111011101101111011110110111111001111110101011100111111111111111011110010011101111111110111101111110
111111101111111011001111111011111110101110111101111011111111111111010101110111011111111111111011101111111111010111111011011111101011111111001111111111110110111011111111111111111
111111101111101111101011111111110110011111111111110011111011111110111111111111110100101111011101111111011111101111010101110101111001110111111111111101111110111111001111111100100
101011111111111001111111111111111011111111111111111111001111111011011011111111111111111011010111110111111111101111011110111101111011111010101011111101001111110111111111011111111
110111111011011111101110111111000111111001111001100110111011110110001110011101111111101101111111110110111111111110100011011100101111111111111110111110111111110110111111111110111
111111111111101111011111111111111101111111011011111111111011111111111100101010111011001111111111111111111011111111111111100111111111011010111001111111111011001111111011110101111
111111111111111110011001111111111110111111011111111111110111111111111011111111101111111011111011011001011111010111111101100111111111111111100011111110100111111110111110111111001
111011101111111111111111111100111110101110111111111101110101111111111111111111011111110111111001011111001011010111101111111011100011110110111111111011110111111111111111111111111
111101111111111001011111111110100010110110111111111111111011001111111111001110111111001101010110011111111011011111110100011101111111101111100110101110011110111111111110110011011
111111111111111101111111010111101101101111110111111101111111010111011011111111011111111110011101010110111111111101110111011110011111000111111001111111111111011100111111110111111
110111101111111111011111110111111011110111100100011111110111111010110111111111111111111101110111110111101110111111111111111110001011101111111111111110101111011011101111111100111
111111111001110111101110010101111111110110110111101111111010111111101111101111101100111111111111101111000011111111011011011011001011111011011110111111011111001101111111101011111
111111111111111101111101110111111101111101101110111011011100110111111111111011111110111001111011111111011111111111111111111011110110111101101111111111111011111111111111111101111
101111110111011011101111111111111111111101101111111111100111001111111101110110011100110101110111100111111111111111111000111011001011110011111111011101011101111110111110111111111
110111111101100111001111111111111111101011110000111110111101111111111011010011111111110111111111111111011110011101111101111111111101111110101101010111111101011111100101111101111
111100111011011111111111101111101111111011010111111111110111111111011111011010011111111111010101101100111100101111011111111111110110111111101111111111111111110101111111100100111
111111101011100011011101111101111011111111011110111111111111011101111111111111111011111111010110111111111111111111111111101110111111011101111111111101111111101110100111111101110
111111001111111011111111111110001111011111101111110110111111111111111111011100111111011111111100111101110111101110111111111100011111101111111101110111110111100110111100011100111
011111101011110110111111111010001101110011111111111110101110011110111110111111111111111111110110111011111010011111111101111010111011110101110110111111111111110011101111110111111
101111111110111111111001101111111011111111111001011011011111101001101111000111111111111110111101111111100101111011101110101111101011111011001001011010110111011110111111100110110
110111111111111111111111111111010111011111000111111110111111111111101111110000110111011111111111111101010101111111111111111111110111010101111111110111100111111111110011111011000
111010101111111111011111111111010101111111110111100111111111111011011000111111011111111011111101111111111110111111111110101011111101111110100011011111101111111010111111111011011
111111010111111101111100101111111001111111111111011111111111111110111111111101110111000011111111111011111111111110111011111111101111111011001101110111111110111111010111101111010
011110010111110111111111011111111111110111011111111110001110101011011111101111111111111111110111111101101111111111011010110101110100111010001111111111111111101111001111101111101
111101111110011011111111011100111011111111101000111101101111111111111110001101111111100100111101111111111011111111111111110101111111110110110111101111011111111111001111111111011
111111101010111110111011111010111111011110001111111101111011111101111110111111011111111111101011111111111011111011010110100110111111111010111011111111111011100111010111111111011
111111101111111111111111111111101110111111011101111110111111111111110111110111111111111110111111000011101110011100111111101110111101101011011101011111110111111111111111101011010
101111111111111111101111111111110110100111110011111110011111111101100101111100110101101001111111110110011111111100101111011101101111110111111110110110111001110011111101111001011
111111111111111110111010100111111011101110111111101111111111111001111111011100111011111011111110110110111111001111111111111111111001111010111101011110111111100111101111110011111
000111111111101111111011111111111111101111111111111110101110111111111110111011111101111111101101100111001100111011101111111101111111111111110111101111111111011101111111110111110
111111111111001111110111011111001111110111011111110111111101011011111100111011111011111111101010111111111110110101110111111111111101101101011110110111111111011011111011011111111
111111110111011110111111111111111111101111111100111111111111100110111100111111011011010110111111111111111111111111110111111011111111111011111111111001110000111101111111111111111
110111101111111111011111010110111111111011111101111111111110101110010111110111110001111110011111111111111111110011011100111111111011011111111111111001011111011110101101111111110
111111011111111110111110111111110111111111111101111111110011111101101111111111111111111101011011010111111111111101110111010101011111111011111110011110111111110111111111111100111
101111111101111111111111111111111101010111011111110111111111111011101111111001011011011100111111101101110110111101110110111101101011111111110111111101011111111111111010110110111
111111111111111101111101111110111111100011111011111011110111111111101100111100111111100111111111111010101111110111111110110111011111111100111111111111101111011110101001101100111
101111111110110010011111000101111111110111011111110110011111101011101110111110101111111011111111111111101101111110111011110011111111101001111101111011110111110011111111100111111
111111111110101111111101111101111111110110101111011111101110111101111111101011111100011101111101101111011111011101111111101111110111111111111010111011111011111111111111111111111
111110111111101110111111111110111011101110111101101111110111101011111111111110001111111100101111011001101111101111100111111111111001111111111110111011111101111111101000110111111
011111111111111100111101001101101111010111110111101111111111101011110101111111110101111111110111111011111110101111111001111101111111111111011111111011111110011110111111111111111
011010111111111110111011010101111111101101110111111011111111011001011111111110111111110011001110111111110111001001011111101110001101111011111111100101101110010111101111010111111
111111111111111101111110111111011110111111011111111111011111011110111111011111101011111111111111110101100100111011111111101111101111001111101011011111111111100111111111111111111
111101101111110101110101111101110111111111000110111011111111110010100111111101111111000111111111011110111110111111101110011111111110100111111010011110110111000111110011011001111
111111111101111111111111111111111001111011011110111111111010101001101111111111111111111111110110111111111111111110111011111111011111110110111110110111110111111011111110101111111
111101101111101111111111101111111111101111111111111001111110111111111010111111111111111110111110111110111101111011011111111110101110111111111111101011111111111101011111111111111
111111111111110111111111101111111101100111111000101111111111001001111111010010111101011011110110101111111111101111111111010110111011001010111111111101101110111110111101111111111
111101111110111101111111111111011101110010111101111110011011111111011111111111011111110110111111111111101111111111101101111111111111111111000011111111111111111101000111111111111
010101101011011011101001111111101101111111110111111101111111101111110001111011111111011011111111011110010111101101111101111111011101010111100111011101101101011111001011011010111
111111111101111001111110111111111110111111111111101011011110110101111010011010111110111111110111001011011111111111110111111111111101011101011011111111111111110111010111111100111
111111111111111111111111001111111111000110110111011101111101111111111011111011111100110100111111111110011111111111111111101111111111111101111111110111001101110111101011101011111
011111111010111111111111111011111110011101111000111111111111111001111111111111011110110111101111111111111111110111001111111111111101101111111110111101101101111110111100111111111
011110101111011101111111111111111111011111101011111101111110111111011111010111111111111111101111011110111111111111101111110101111011101111111111111111011101111011111100111110111
110101101110011111100100110111011110110111111111111111010100010110100111101111111111111111111101101110111111101111111110111111111111101111111111110111111111010111101111010111101
110111101001111111011111001011111111111011111111100011101111010111101011001111100111111111111011110111011111111100010111111111101110111011001101111111100111111011111011100101111
111110110111111111110111111100111011010101011101011111111110110111110010110011111111111111111000101111111111111111111111101100111110110011111111001111010101011111111111000101111
101111101111111011011110011011111111111111110111101111111111110111111101111111111110111011101111111111011111011111111111111101101111111100111100011111111111110111101011111011101
011111111111101110111011111110110111101111011111111111111111100111010011111111111111110111011111111111101111111110111101101111010100001111111110111110101111110111110111100101101
111110111111101111111111111111111101110110101100111111011111011111111101011010111101111111110111111011111011101101011101011111011110101011111111111110001111111111100110111110111
111111111111000110111111011011111111111000000101111111110111111101111010111110110111100111111011110100111111111111111111110101111111111100010000111111111111111111111111111111010
111111111101111110111010111011011111111101110111111010101011111111111111111110111110111111111111100111101111011110101101110111111111111101101111111111111111111111111111011001101
111111111111111101111111111001010111001111111110110111111111010111111101111111111111110101111101111110011111110110110101111111111111011001011101101101111111111111111111111111010
