01101100010011110111101111111111111101110111001111111111110111101111
10101111011110110111100110111011111001110111111111111110001111111111
11011110111111111111111101001111111111101100110111110111100111101001
00101110110111100111111111011100011111100111111111110011101011100010
11110011111110100101111100101111101111111110111111111101001101101111
11110001011110011111011110101101101111111011111111001111111101101111
01111000001111110111111101100111011111101110001000001111111011111101
01001100010111111111111111111110011100110111101011100111101111110111
00111000011011011111111111100010110110101011111101110011110001110111
11111101101100011111111111010100110111101110110111111101011111010101
01101110110110011101110010110110111110100101101111101010111110101011
01111111011001111101111101111101111101001010001101111110100111101111
11111111101001111111010111101110111010111011011111110011010111010011
10110011100110101111111101011101111111101001100111101010011010101111
11111011000111010111011011101111111110101011111111111110111111111110
11100111111110100111101111110011101011001111111011111110111101111111
00100101111111000001111101111011101111101001111011110110011111111111
11111111111111110011101110101001111111101011111111011111001011111111
11110111110011110101111111111111111010010111011111011111110101011011
11111111111111111110100111011011111101110011111011110111011111111110
11111011111101011111011100111110110111110111111111111110011011111110
00111111111111101010101101110101111111001101110101100111001011111111
10111111110101111110110111110111111110110110001111111111100111111111
11111111110111011111111011111111101101011011111011110000111011101101
11010101111010110111001101101101101011111111111100001110011111011111
10110011110111111011011110011011110111011100111111101111001111111010
11001111101110111110111110011111111111111111110110111000111111111010
11010001011101011011111101101111111111110111111111111111111111101111
11111101000111101111100111110111101111111101011110110101111111011010
10111111011111100010111110111011110011110100111110111001001110110111
11101011101010111011101101111101111111111101010111111011111110111111
11101110000101111111011111111110111001111111101101011011111111011110
11101100111111111111111111111111010111111011101001111111111001111000
11110011111111100111111001110111101101111111111011111010111111111111
11111111001111111111011110111011010111111101101111011101111010111111
10111111111101101101111101111010111011101000111001111000101110001111
00111110111011111110111011111110101101111111111111111111011101011011
11111110010101011101110111111111111110110101010011011111101111111110
11111111111011101101101010111111111111001111111110100101111111111011
11001101000010000011101111111111111011001111111111101011100110101111
00101110110111111100010111101011111110110011111011110100111101111111
11111011011000010010111011111111011011110011111010111011111111011111
11011111110110110111101110110001110010111100111100001111111111101101
11010101101011111111110110111011111011111100111101111111110110111000
01111101111001111101110111110101111110111111011111100011111111111111
01111100110010111111110111111110010111111111101000011111000111110011
11011111101110111111101111011101111110111111110001101110011101111110
11111100111111100110111011111111001010110011100010011111011111111111
11111101011011111111101101111110011011111100100101111111011100110111
11111101111111111111111101010011111111011001101010011111011111110111
11111001111111111001111101111110110110111101101010011110010111011111
11111000110110111111101100111111111111001101010111100111111111111111
11001110011101110110101011110111111111010111011111100111001111110101
11101111010100111111111011011000101011101011011111111011001111111111
11110111101111111111111011010011110011010111111111111101110111111100
10111111110010000111011001011111101011110111110111011110111011100111
10110111101100110010001100111011111101111111100000010011010111111111
10000110111011111011100110111011111010101111101111110011101111111111
01011111011001111101110111111111111111101110101111011101010110110111
11101101011110111011001011111111010111111111111111111110111001111111
11110011011111101101111111111111011101110111110101111111111001101101
11111111110110111111111111111001110011101110111101111111110110101111
11111111101101111101111101110110111001111011111111011111111111010100
01000011110010111111111011101111111011101101111111111110111100101111
11101110001101111111111111111011111111111111101100110110110111010101
11001111110101111101111110010111011101011110101111111111111111111011
11011101101111111111111011111111011111111100111111110101111101010101
11101111111111011110011110010110011110111110110111111101111111011110
