011101011110111001101101000011111111011111000011111111010101101111111111100111111111111101011111111101111100111111110111111101011101111111010111111011111110
101111101101010101001110110011111110011111111111111101101111111110110111111110111110110111110111110101111111111111011111111011110111100111111111111011110011
110101111111011111111001111111011110111101101111100111111110111101101111101101111000110111111111110100111111111111111111000111110111111111101111101001100011
111010111101111111101111101010111111111111111101011111011111011111111111111110111111111011111010111101110111111111111011111100111101011111111111010111011111
010100110101110110111111110101111111111010100011110111111101100010111111111111110111111111011110111101101011001011111011111010011110111111111111110011110111
111000101011111111111110111011111111001110001101001110111011111101111011111110011111111111111111010111111111111111010111010100111111011001101111111100111101
011111010111111110111101111111011111010110101111101101111011011111111110100011111000110111101111111111111110101111101101011111111111101111111101111000111100
101110101111111101011101111110111111111111111110000111110100111101110111011111001101111101111111001101100011111111011001111111111111101111111111111111011011
111101010111011011111111101101101110111101111111111110110111111111111111111111011110011101110011111111111000111110100110110011111111101111101101111011111111
111110111001111001111011101111101110111111111100110111010101111101110111111111111010111111111110011011111111111011110111101110101110111111111111110111111111
101001111001111110110101111111111111111111101111111101101111001111111010111100111111010011111110110111111101001101101101111101111111101011111111001110110011
011111111110110100011111111001000101111011111011110011011111101111111010101111110011111101011111101111001010111110111011101111111111111111101111011011111101
100111110111011010111111111011100101110101111111111111011111110111111010011101101010111111111110101111110101111111101101111100110110111111111111111111111110
111111111111101001111111101110111110011111011011001111110111011110111101110111011011111011111111111111111010011001011111111001011111111111111111101011011110
101101111110110011111110110111111111111110111111101011111011011100101110111011110011011110110011111101111101111011111111111111011011111111100111111111101110
011111110011000011110001010011101110111111111110111010111100111100111110101111011001011101101011111111101110011111111111111100010111101010111111111111111011
001111101010101100101001111110111111011010010101111111111101110111111111110111111110111101001011111101001111111011111111110111111111100110101010111111110011
111101011100011100101111111011111101111111111111101110111111111110111010111111111111111111111110110110111110111111100101010111011110111001111101111111010100
101111101110111111011101111111111111110011011101111010101110110011101111111111001110111111111111111111111111110110111100111011001111111111110111111111111111
001011111111111100101111111010111111101101111111111010111101111100111111111011110111010011010101101111111111111101111110111111011011101111111001111011111011
111111111101111011110111101000111110111101011111110111101011110001111111110111011101111111111101100111100011101110111111110111101111111111101110011111011100
110111111011111001111011111110101011110111111011110111110100110111111100111101101111001111111111111111111101101111111111100111111111001110111001111111101111
010111001101111001011100111111111101011111011111111111111111111000111111110000111110111011011111111111111111001011011111110111011101111111011110100101011111
101110111111110111111100111101101011110010101111110111110111101111111101101110111011011110111111111101110111011111011110111111111110111010111110101101111001
011111111111111011111111011001111111111111111101100101101011111111110111111110110111111111111111111111111100111111101111011111111111111111111101111111010011
011011110011101111110111101111011111110011111111111101101111011011111110111111110001101111111111101101110111111111111111111111100011101110011011111110101101
001101111111110011111111110010101011010111111000111011001010101101011101111111111111101111111111111011010110011101110111111111011110011111011111111001110110
001010111110011010100111010011101111111101100110111011111111111101110011111010111011111100110111100111111110111110111111111111111111101101111111111101111010
111101110110111111110110011101111111111111111111001001111001001111111111111111111111101111111101101111111011111111111110011111011111101111111010111101110111
111011101111101101100011110110111011111111011011111111110111111110111111110111111101110111111000111111111111011111111101101110111010111111100111111111110111
110111011110111111111111101111011111111101100111111010111101110011110011101111111101101111111011110011111010111101111111011111111110111011111111010101111110
111111110010011011111010110011101111100011110011111101111000111111011011111111100110011111110011011101111010111111110001111010010110010101111000110111111011
111111111110011111111111111111110011111101010101011111111111110001111111101000111110101111111111111111110111101011001111111011010111100001101111111111111110
111111111111111111111010110110110010011101111111111111111110110100111111101111111101001001111010111011111011111111001101110110011110110110110100011111001111
111111111110011110111101111111111101011110110111110101111101001110101011101011101101110111111101111111010011011111100110011111111101001110110111111111011111
100111110011101011110111111111111010111011111111111111111111111011111111111111111111111111111111111011101110111011111111101111111011111011101110000100111111
001110011111101101111101110111111001011001111111011111111111011111111101111111110111010111011011111111111110001111111111111111111110011111110100101111100111
111110111111111111101111111111101111101111111111011110111101111111111111111111011111110111110011011111011111111010111111111101001111101111111111011111111111
111111011111011111011010100111101111110111111001111111101111101110111111111111101111111111100111111111110011011011110011111111011111111011111111110111111111
111101111110111101011110101111101110011011111111111100110111111110111001111111011011110111111111110011111011010110101111111111111111101111100011111011011001
110111110111011111100111111011010011011101101110111110011011011111111111101011110101101101111111001111011111111110011111101001110111110111101111010011111111
111100011111110101111110111111111101111110001101111010100111111111111111111111011011011110111110111111111111100101111111111101111011110111111011101101001111
011110111111101101010101111110110111111110011110111111110010111111111101111111001101011111111111111111111111111001111101101111111111110011111111111111111111
010100011101111111111110111011011111111100101011111111101111110111001111110110101111001101011111111111001101101011111111111111110111111011111101111110110111
011101111111111101111111111011000101111111110011101101011101111111111111111101110111011111111111110111101110110110111101111011111111011101111111111111111101
011101111110101111111011110110101111110111100001010001111110111101101011101111100111011111101111111111111110011101111110011011101111111001010111011011111110
111010111011111101011111010111110111110110111000111111111111110111111101111011110101010011111111110011111101111111111111101101111111101111111110011101011101
111111101011111011111111110011111111111101011100101011111011110010011010110101111111101001011110111110111101110110111101111011111110111111000101111100111111
111010101111101111111111111101110111001111111011011111011111111111101011111101111110101010101110001111010101111111110011111111111100011101101111011110111011
110110001111100110111111011101111111111111110110101101111011111010011111111111111110101101010111111011111010010011110011111111010110101111110111010111110101
110101101010111111110010011111111101111111111011110111111101111101111010101111111101011111111111111111100010111111111011110111111011011011111111101011110111
111111111110110011001111110001011111111110111010111011011111110111000011111110111111111100110111101001111101111111111111101111111111110111000101101111111010
101111011101111111111111001101101101111011110011101101101111111111111111110111111111111101011111101111110111110101111111110111111111011011111111111111110111
111110110111111010001111111111011111101000111111111110011011111101000011111000111111011101111101111101101010001111111010111100011111000111101001111110111101
011011111010011111111111110111111111111101110111011010011011110110100111111011111111111111111011101111011111111111111011101111111111111111111001111111111111
101111111101111111010111000111111111110110101111111101101111101111110011101111101111111111101100111111111101111010111011111111111001011111011111101111011010
011111100011101111111010111110111111111010011111111111110111111111111111111101111111111111111111100111011011110100010110111100111101011111111100011111110111
111110011111110111110111010101101111111101011110101110011011011111100111111111110100011100111111111101110101110111011111111011110001101111111111101111110011
011101101011111001101011111101001101101111110111110111111101111011111011111101110111111111001111111111111111011111111110101100000110111111111011010101111110
110111101111111011011011110111101011111111011011111111111110011101101011001111111111011110110001101011110110111111000111111010010111111111111111111101111011
111011011101100111111111101101111101011101111111111111111010011110001111101110111010011101111111111101111101100111111111011001101111011111111111110111111110
011101111100111111111110110101111101110111111111111111101111100111101111100110101111101111111100100010111111111111110111111111011111111111011111011111111111
111101111111011101010011111111010011111111101100111011011111100111111100111111011111001101011101111011111111111111101011110101111111110111101100100111110001
111101111111111111010101101111010110111111111110101111111101111011101111100111111010110111011111110111111111111111111101111100110111101001101111111111111000
110110101011110011100101110011110011111111111011110110111110111100111111011101010111111111110100111111111111100101111101111111001111100111101111111101111110
101101111111100010101101111110111001110011111110101111011111011100011011111111111111111111011101111110010011111111111101111111011101110111111111111101110011
111111111111111111111111110111101111111111101110101010111111011110001010111111111011111110111111111110111101010111111101111111111101011111101111110111110100
110111111111110111011111111111111101111111101011011010011010001011000011111110110111111101111110011111111111011101011111111110101111111011011011011100011111
101111101011111111111111011011011111111111111111111010001011111111100111011110111111010100101011111111011111110110111111111111111111111111011101111111101111
111110111100011110111111111011001101111011111010010010101100111110001011111111101111111111111101111111111110100101111111100101111111110111110101111111110111
111111111111101111111010110111111111011011011101111111111111110111111100111111110111111111101101111111101011110111111110111111111111111101110110111110111010
111111011100010010111011101111111111111111111110110111111111110111011100111011111110111111011111111011111111111011011100011110111101100110011101011111100111
111111101111011111111111111111111111111111111111111111111110111101110111001111101111111111111001111111111101011101111010111011111111110111010010100111100111
010111011110111011111110111111010001111101111011110111101110001011111111001011001111010111111111111110111110101111010111111111111101111101001111111101111110
011111011111101101110101111110111111111111101110111101111111101011111111110011110110110111101111111111011011111011101100111111111010111111111111111111111110
111111011111110111101101111011110101111101111101111110011111111111111110100010011100111111110011111111111101111111111110111111000110111111110111110101011110
110111111101011111111001111111110111111111110110011110110101111101111111111100111001111111011111111101010111110111111011111111110011011111111100111111100111
101010111101111111111100011011110111111111101111111010111111001111100111111000111011111011111111111011111101010111101111111001111101101111011111111111101011
111110100111101011010111111111111111101010011111111111111111110101111111101011011111101001111111011111110011111111011111000101111111111111011111111011011001
111111101111011111011011111111101101110111001011111111101111101111111011001111101011111001100011111010111011111111111111111111011111111111111111001111111110
111101111110110111101111001111101111011101110001111111111001111101101101110111110010101111110111110110101111100011111111111111011110111101011101011111010010
110111011010000011111110101011111111111010111111111111111111011011011111111100100010101111111110111111100111101111101110011011111111101111111110111101111101
110111001111111011110111101110011001111101011101110111111011111111111111111001111101111011101111100111101101111111111110111011101111110111111011011001111011
100111010011011101011101111111100111111111111111001111111011011011111110110011110010011111111011111111111111111111111101111111001011110001001101001101101111
111111110101110011101010111111101011011110000001110110111010010111110111101111111110011011011011111111111101111111101110111111111111011111111001011111001110
111111111111111111111011100101010011111101101110001111111111100111111111111111010011101111100111110111111111111110111111111111101111111110111111111101111111
100111011101111111101111111110111101001011111101111111111111111011110111100111111111110111111010110111011001110111111111011011110111111110101110111110111011
111011111101101111101101111111111011111111111100011111111111111111111111111110001101011010111111111111011010111111011111011111111011111101011111111111111010
011111100110111001111111111011111011111101101110101000111011010111100111111111001111111100111111111111011010111111110111110111111101110111010101111111111111
111111111111110111111110111011111111111110111111011011111010111111010111111111111111111000101111011110101110110111001110110111111011111100111010101111011110
011101111110111101101101111111111111011111101110101101111101110010111110111101111111011111011011011111011111111110101111101100111001110111111110011111011101
111111011111111001111111111111111111110111111011011111101101111111110101110111101101101110101111100110111111111111110011111111101011011011001011111111111111
101111110111110111101111111011101111100111111111101011111110111101111111111011100111101111110101111111011011111111101110011111110010101110001011111101111111
111011110111110001111111111110001011001111111111111111011110111111110111011011101110010111011011111100101100110110110111101111111111111111011111111111111100
111111111111111111100111111100111101111111111111111110101110100100111001011111111111111111110101011110111111011111111101111011000111111111111111111110111001
111001111001011110111111111110111011111110111110011111101111101101101111111111111011110111111110101110111101100111101110110111110111011110111000111110101111
111110101011111111111111111111101111101101111111011111111111111111101111111111011111111110011101011110101111111101111110111011111011011001011111111110101101
111111101110011111100111101001111111111101111111011001010110101111111111111111111101111111101110101010111101110101111110111011111111111111101111110011111110
100110111101111110110111111011011111111011110101111111110111101011111111111111110101100111101111110111011111111011101010010111001111101111101111111000111001
111111111011111111111111110111011010111011111101101011111110100111111110111110101111111111111111101010111111111110011111111101011111111111111111111101101100
000001101111110101111110101111101111111111111111111010111011011111111111111101111111111111111011111101111010111111011111011110111011111111111111101111101100
110111111111111110111111111111111111111111111110111111111111101110011111101111100111111110101000001010011011111100111111101111111111111111110111111111110111
111111111110111101111111110111111101101101101111011111010111111110110111110101111111110001010111110110010111010111000110011011111111111100100111110100011101
111101101110111001110111111111111110111111100111110110111111111111111101111111110001111110111011011111101111111011011111110111110111011111011111110001101101
111011101111011111110110100111110101110111111111010101111010111110111111111101011011111111111111111111010111111111010111101011111101111111111111011111111001
111101100110101111110111111101001001110011111111100110110111111110111101110111001111110001110111111100111011111101011111110111011011111001010101011011011101
011111110101010111111011011111111111111111101100011011101011011111011111011010111101010111111010101111111100111111111011100101111101101111101101011011111101
011111010110101010111111010011001110011111110011100110111110111111111011101111111111111000111011111101111100111111011111101000011110111111100110111101000101
111101111101101011111100110110111101010011111011101110111101111111001111011110111111111111111101111111011111011101111100101111100111110011101111111100111011
111101011101111111110001111111110111011110101111111110111111011101111011101111110011111111111110111111111111101010011101101111100111101111011110101011111111
111111111111111111011111111111111111111010110110101101110011011101010001111100110111110110111010101111011111110111111111111110111111001111101111111111110101
111101111011100101111101111111110110100111001111101111101111111111111110110111110111111111111111110111101111101011111111111111111111101111101001111010110111
111111111101101111101111110111011111111110011011111101110111111101101011011111111111111111111111001110111011011101110110001111111110111101111110101111011111
111111110110111111010111111011111111101001110110111111100111111111110111111111111111101111011011111010111111101110111011111111111111011111101101111111011110
101110101111101111111100111111110011111101111111111111110010111111101110101111011111111010111111111001000010101111011011111010111111110111111111100111111111
111111010101011110111111011111110001111011111111111111111110110111111111110110111011011110010110110111011111111111100111101111010111101111111111110111111111
011110110011111110111111110111101101110111111111001111110110101111111111101111111111111101101011111111010111111101100110111111110111111101111111111111101111
111001101110111111111111111111101111110111111111000110001111110111111111011101111111111111101111110111111101111110011011011111011101011111010111111111111111
111111001101011110011111111110101011111111010110111111111111111000011110110111111110111111111101111111111111001111111101101001111111111010111101001111001111
111111110111111111001110111101111101111111111011111110110101111111111100010011111001011110110110000111011111011101110110111111010010101111011111100111111111
110110011111111110111111011101011101111111111011111111111111011111111110111111011011110011110111110101011111111101111011011111111111111010101111111011111111
110111111010111111111011111110111110111101011101111011011101111111111011111111011111111111011011111110110100001101101101101111111010111011111111110110001111
110110110111111100110001111111111011111111111111110101111111110111111011111111011111111100111110110111101001111111111111110111101100111111101001111110111101
101101110111101111011111111111100111111101110010111111111010011111111111011110111001110111111101001111010110111111011101111010111111111111111100111111111110
011010111101001011111111111111111111101100111101111110110101010011111011111110011111111111011111111011111100111111111101111101110001111001111001111111111111
111000111011011011111111111110101011111111111111111110110100111011101110111111111111111111011111111101111110110111011111111010111010010001101111111011010101
011101111111100010001101110101100011100111111111101110111100101100111111111011100110111111111101110011111010111111101010111111010111111111111111111011101100
111111111011111111010111101111111111101111111011111111111101011101101111111011111100101111101101110111111111001111111111110111101111111111000111110111001111
100111111111011011111111101111100111111101101111101111111000111011111111111001111111110111110100111111101111001111100110111101010101101111110011001111110111
111111111111110111101111101110111110111110111111110111101011111111111111110101111110111010000111011101111011111111111110101100111011111101011111101111111111
011011111111111111111101111111111101111111111111011111100011111110011110101110111111111101011111111111110101111111111011110101110101101111101110111011111111
111101111011011110111110110110001011011111111110001111111101111111111111110011110111111111110111111111111110111101111110100110111110110001111111111011111101
111010111111111111111011110111101101011111110111010100100111011111011111111101111111011111101110011111101111110110111011111110111111001111111011111001111111
101111000101111001101011101001110101101011111101101110111011111001111110111110111011111111110111110111111101100011101110111111110101001011010111111101011111
101111111111111101111111111111100011111100011111111010111111110100111010011111111100111101011111111111111111011111011111111110111110110110110111111111101110
111110111101111010111110111111010110110111001011110101111111111011101111111111111110111111101111011111111011011111111101001100111110101010111111110111111010
111110111111111110111111111011100111111111110011011111111111111011111101101111110110111010111111011111011011111101110111111100111010111101100111111111111101
111111111111111001111010101111111001111111111111111111111111111111111110111111111111100110110110111111011111111111111101011111111111110010110111011111111110
011111111111111111111101100111111111111111111010111011101111101111100110001110010110111001100011011111101011101111111010111111101011101111011011100011111111
110110110110110101110111111110110110111001111110011010111111110001011111101111111110110111100111100111011100010010111111010110101101111101100110111111111110
011111111111110111011111111110111001011011111010101011111111111111111001011011111111111101111111111110011010111111111011111111100111100100100111101010010111
111111111111111101101011101101101111111010111111111110011101111111101111011111111101011110100110111111111111111011111111110101110111011111011011011111100111
111111010111111110101011011111101011011111101110111010010111110111110010111101110110011101111110111111111001111010111101110001111111111111111101110111110011
111111111111111101110100111101101010011111111101111111110111110111111101011101111011110110011110111111111110101101111111111011111101111111101110111111001101
111011111100111111110111111111011010101101111001001111110101101111101110111111100100011111011111111111110001111111111101111111110111111110111011001110111111
110111111101101111111100111111111110011110111111110011101011110111111111011111101110111110111111111101111111101101011100111111110011111111010111001111011111
111001111011111111111101111111001110110101111111101111111101010111011111011011111111111111111111101111001111111111001110101111101111111011011101110111101011
000101010110101111101111110111111111111001111011110111111111111111111111111111011101111111111111100111101001101011111111011110011100011111010111111011110111
110110011111111111111100110001011110111110111100111111111100111100101111101011111000101111110111110011001110011111111111111111111111001111111111111101110000
111110011101111111111111101111111110111111101110011110111111111111101101111111111111110111111100010111011111011011111111100111111111111111110111011110111010
111011101111101110110101011111111001111010111101111111101111111111101111111011010111011110011111111111011010111100111101101110101111101111110110101111001111
110111111111110111111011101111111011011110111111111111111111111111110110011100111110011111111110011001101110111111110101101111001111110111111010110111001111
100101111101111100111111010100111111011111101111100101110011110110011010011101110111111111111111111110111110110011111111111110110111111111110001111001110101
100111101101111001101110011011101111111011111111011011101010110010111101111110010101110011111101110111110111011111111111111111111111111011111101110100111011
111110011110111110110110101111111111111011110101101110111111110011011111111111011011111111011001010001000000110111111111110110011110111101111110111101110101
011111011111000110110111110011010111111111111011111011101101011001011101100011100111011010111011101001111111111110111111111011011111110010101111111100111110
