001101001110110110100111000011010111100111011100111100001101111010110100110110010
000110001001010010101100001101010111000100011010000110101000000101010011111001100
100110111011110001111111001111110010111011111010011100010100011101110001010010011
111011001001100000010000010001100010010000110100010101001110011001001111001101010
011101000001101110001111101010111010000100010001010011001000010010010011001111001
100110111100010111110110001000101110000011101011101111010101111100001011011000000
001001000110001011010011011100110001110011100111110101110010111100000101110110001
001001001000100001001111010000011000100110000110110000110000110110010100111011111
111101010011011101000011101101010101111000010110011011011010000010111101000011110
100001100010000011011001110001011011100010100110101011010011100010111010011011110
101000101100100101001101101010110111010001001001100111000001111010010101000100101
011110001000101001101111101110011010100100111101100001110111101111111101000011010
101110010011010011100000011111011111011111100101101101000001000111101110101111100
111001001000101101010110100010101011001111101010010001111000011001100000000111110
000010101001010011111001101111011011101001111100001010000010001000100101011000101
100011001010010000011101110100001101111011101101101000111011101000111001111011100
110011100100101000110011111101110010000100111010011110110100010101010001110100101
001001111111111000010100110111001111111011001010001001100110011111000010001110110
111001000001101010000001001010011001011101111010111111100100001110100100011110111
001101100100011111000000000111010111011100011110000100110110110100000000100111000
011010010111001100000001101101000100110100101010100010110100001001011011011000101
111011010011010101000000000001100010010010010010111101011001110111101011110000011
101011111001010010000000101101000110000100110000101011000101011111111010100011011
101010111111001110101000000111110010011010101110000111011000010001001111010111110
000010001111011111001010011010011111001000010010101101011001011010000111000001000
000100110100100111000000100100011101110001101101010000110010111100101100000000000
011011101011101010101010100001110001110101111010100101110001111110010110000101011
011000101001101111011011010011111101011001101010000100101000100110111110011110011
101010000011111001110001100100011100111100110111001001101100110110110010111101010
111100001100101011011111001100100110111001111010100100100110100100011010111101111
001111100010010010000101001101011010001111110100010010011000011010111010000101110
111010111111101010110001111110101000111001011100000100100110101101011011110101000
000011010101111101100000110110110010101111000010011101100110000000101101010111001
110001001010100101011010110111000000010010101011111000100101100001010000011101010
111111000111111011010111100001101001111110011100001000101011100101010100001100011
110000101110111101110000111100000010100110100111110101000000010011110001111011011
101000111101001101001000011011011011001011111100111100000010101010111101000000000
001100101010100101111101011111010110001111010110100101100110111110111111010010000
001000001000111101110001100111111010110000010011101001110011011100110011001110000
110010010001110010111010001010101011010011110001010110101011111110000101000011111
101001110100110101000101000000101111110101110100001010111000110111100011110111110
101001100010111101100000011101111000110110000100101111100001000010010011110001101
001101100101111110101011011111100101100110001110001011101000110111100001010111100
111110001001001010110110101011110010111110000111100101011001111010010001110011100
111001000011011111111001011101010110100000100100101010111111001011110010110100010
100100111101101100010001010010110011110011111010111110001001110111111101011010111
011001111100010011111101101111001101011000110100000000011101011010001000110110110
000011100011100100000000010010000101001100010000011101110100000010100100101110001
100001110111100100101110101001000101111001011100001101100111011011001110010000010
101110111000010010100100010000101101100100000101000100101110100000011111010001100
101001001100101111100110100010001110101011101101100111011001110111001001011100111
111101100010100010110101101101011001110101010101111001010000011010001110001011110
010011001110001010101011000000100000000111101100001001100101010100110001011000111
000111101111110001100111101010001001011001110001101110011010000011100111101000110
010000110001010111111000011111011110011111101001110010001001000011110001111100000
001001111101010110011101111000100000001010011011001101000011011110001001111000101
110110001000010100000101100110100010000110111110011001100010100000111001111110010
101101000001000011111010000011011100010000001011110010000011101011101011110001101
000100101101001101010000010001011010111100001000110001011100001110110110001011000
100001000111100100000110101000000110001101011110101010110100001000010010110110000
100001110111000100010100011111010110110110110100011000001100001101001100011011011
101111110010010011010111111010100001011110110110101110010000001111000010100110010
101101100011011101101010111000110000111100011010100100010111110010101101000110110
011001110001100011110110011111010010011110100100001010010010110000110000111010110
100010011111100001100110101110100001110111111111101101110110011001010101101011110
011100000001110011001111000000010111000010101100101001100100110010011100100000001
101000001101111100100110010110101001111010101101000011101110001100000011101001101
111010011111000110001010001111110111111001011100010010101011000111000011100101011
000101001101100100001111010101111000110000000110111100011100101001000101100010011
100100111011101000100001111100001010110100000101110101000010101011001001100000000
010111000100100001001111101111110000011011001000110101000111010000110000011101100
011111101011001110001101100000011001111111110100011011111100001010111100111000110
110000110000100110010110000011010001000011011011000001111101010111111101011010110
111001110100001110101101000111011101010011111110111010111101100100000011100001011
010111010100101101101000000111000111001000000101001111111010100110100011100001101
100110100010110011110001001111111110001010101011001000101001011000010010000011110
101010111101110101110011000100001001011110110111000100001011111110001000100101111
010110011101110100010011101011111101000111110000010100000110100010110010011110100
010000011110111111101001000001100000000111110110011111010100001110100011101111001
101100011101010001100111001111100111000110001110101111001000111110011001110110001
001010110010001010101110001101001011000101000101001010010100100001111000011010110
