000101011110111110011110110110111101010111111110110111101100101101111011111110111100111111101111111001101111111111111111111101
000111011111101110111111111111111011111111111110111111011110011111101111011111110111110111011111010111111110111111010110111111
000010111001101111110011111011010111111101001101111111111110111111111101111111111111111111111111011110111111111111111111111110
110010110100111111011111111111011111110110011011010111111110111111110111110111001111011101010111100111110101111101111101011111
011100101101111101111111011101101111011110111111011111011101101110110011011110101111011111110111111101111111101111110111101101
110000111111111111101101011100111111111011111110111111111111111111111111111111110111101101110111111011111111111100111010111011
001111011111111011111001111101011010101111111101111111111101111110101001110010010110110111111111111111111111111111111111111110
111101101101010111101111011111011111011111011010101111111011111000001111110110111111101110111111111001011011111101110010101111
111011110111101101111110111111111111110111011111011111001110111111011111111101011100111111011111111101111111110111100011111111
110111111001111111111111101111101111111111011111110010111111111111101110111110101111111111111010111001111101111111111111111111
110001101001011111111111100111100111101111110111111011111110111111011110111111001111110111110111111111111111111011101111101110
011011111110111101111111101110011101111111111111111111111110011111010110110111011011110111111111011101011111111111101011111111
111111101101011010111111111100101111111110111111111101111111111101111011001111111111110110101111111111111011111111111111011011
100111110111101110111010011111110111110111011111110111011101001110111111110111101100001111111110111111111011010111111111111101
111111101111110001010111111111111111101111110111111011011111110111110101111111001101101011110110101111110110111101110011011111
111111011111010011110111110111111111000110111011100010111111111110111110011110100101111111011101111111111101111001001100011111
111101110110110101001011011011001111111111001111111111111111011011101111111111111111111111111111110111111011111101111011111111
001111111111001110111011101101111011111000101111011111101110101111111011111111111111111011010111111111111111111111111011111011
011011111111110101001111100110011111011001111111101011011111110111100111011111101110111001001110101111111101111010011110111111
111110101111111101001111101111111111010111111111111011111011100101111110101111100100110101111110101011011101111111101110111111
110111111111110011110111101111111111101110011011111111111110111111100100111100111011111101111110111011111011111011111101110111
110111011111101100111011011111111011111110011000111111111111110111110110011111011110111110111111110111011111111111110001111111
111110011111111111111101111110110111111111111111101111001111111111111110111101111111111111011111110101111011110111111011111011
011111110111101111111110111011101010101101101111011000000110111101111100111111111001101111111101111110111101111111111001101110
111100101111101101111011010111001010110011111011101000101111111111111011101111101110110111010111001111101111010111110111101101
111111111000111110000111101101101111111111111000101010111101110110111111111111011110111111011111010111101010111110111111111101
011111111101111011011111010011110111100110111011111111111111111111111111101110111111011111011111001111111011101111011010101111
110111111111111101111110110011001111111111110111111110110111111011111111111111101110111011111111111111111111110111111111110101
111100011111011110111111101101110101011101111101111110111111110111111100011111111011111110111111111111111011111110001010101100
011110111110011111011101111110111111111111111111111111111000111110011101100111101101011101011101011010010010111111111101111110
110011001110111101011111011011001111111011111111011110111111111111000111111111011110110111011111110111111101011111111111111101
111101111001011101111110001011000110111101110111110111001111110111011110111111011111110111111111111011010111011011111110111100
110111111101101111111101110101100111111111111111111101001101110110101101101110110111111111111111110111011011111111111111100110
101111011111111110111010011111111011111111111010011111111110011011111111001011110111111111001110111110111010111111111111011011
011111111110111111111111111101111101001111101111111111101000110111111111111111100011110111011101111011111111111101011101111111
111111011111111111111110011111101110111111111111011101111011111111101001101101001110010111111101111100101010101111011101110111
011101101111111011001111111101111101001010011111101110111110111111011111111111011111111111111101001111111111110111111011111010
111111011101110011110110110111111101000111111011111111011111101111111011111101110111011111111011011111110111111011111001111111
011011110111101011101111010111111111100011011111111111111111010100011101111111110100111110000110111110111011111111101111111101
111110111111111110011111011111011111010011111111101011010111111100111011010111010111111111111111110111111111111111111111111110
110111111111111110011110111101101111111100111111011111011011011111110110111111101111011111111101111111101111110100111011111110
111001111111011010110011110111111111011100110111110101111111101111011101001111111101111111111101011111111110111100111001111111
110011100011101101110011111111111111010111001110101111101101110110110011111110111111111001000111110101110111111111111011010010
110111111111111100111110111111111101111111001111011011111111110111111101111111111111011111100111110010111010011110111110001110
111111111101110111111111111011101111111110110110101111110111111101011111011111111101101111111111101111011101111111011000111111
111011101111111011110011000111111011101111111011111111110111111111110010111111111110111111111001001110110111111110111100011101
110111011111111111111011101101111111111111111101010111101111111111110111111011111101111011111101111111111111111011101111010101
001110101111111111111011101111111011111111010110110110111111111111001110101111111110111011111111001111101111111111011011110101
111001110111111110111110111111011010111101101101011101011101111111111111111111111010101111111111111101111110101011111011101111
111111101111111011011101001111111111011011010111101111111111111000111101111111101111101011101111111111110011111111111111111010
011011111011101011111111111111101111111110111100110111111111100111111011010011111101111110111111111111110111111000100111111010
111111111001110011001110001111111111111011101111111011011011110001110011111111011100011111111110110101111001101111010110111110
111111111111011111111110011111110110111110111111011101111111101010110101110100111011101111011011011011100011111111111101111011
111111111011111011111110001001011111011111111110111110111110111011111110111110111111010011110111011110111111101111111111101111
101101110111100111011100111111100111101001111111011011011101111100011110101001001111100111110110111111111111111110111111111111
011111110111111110111100011111100101111111011101111111101111111111111011111101111111111111111111111101111111101111111101111111
111111111111111111111110111011111111111011110011111111110100001110111111101111010110111101001111011011111111111111111110111111
111111101111111111101111111110111100111101111111111011111010001111111111111111111111011001111011111111011011111111101111110011
011101011111101111111111101110110101111111011111011111010101111110011111111111011100000101011011111111101001111011100111111101
000011110100111110110110111110111001011111111111111110110010111110111110110111111111110111111001111110101111010101110011111011
101111111110101101111111111111111011110101111111111111110011011011111111111010111111111111111111001101111111111111111101111001
011101111111101110101111111111111111101110111111110101110011101111101101110111111101111101101111110111010111110111111111111101
111111111111110111001011101101100101110111001111110011111111110111001111011100101111111111101111101110111000110111011101110001
111111101111111101111111111011111011111111111111101000111111011011100111111111111110111111011011011011111111111111110111110111
011111101111011111101110111111111111110011110111101011011111111101110111111011110110011011111011011011101111111111001111111011
111101001111101011111111101110110111110011011111101101010100111110111111111011001111111111100111110111011111111111111111010111
111111100100111111111111111110001111010110110110111111011101110111010111111111011111001111110111111111111111110111111111011111
101111001011111101010111111111010110111111111110111111111111100011101111101111011111000110011111111110110110011110111011110011
111001111110110111010011111111011111111101011001111001111111111001010111110111101110111101110111111000110111011111111111011111
011101011111011110111111011111111110101011011011110011101111111111111011011111111010010111111111111110101111111010011101010111
110111011111110111110110111100110110110110101111101101111111101111111101111011101110111110110111011111111111111001111111111111
111111111000111011100000111101101111111101111010111110011110111111111110110111111111011111101111101111111111111111011111111010
101101111111011011011011111101111011111010110111110111111111110111111011011111011111111010111010011101110111111100111101011111
111111111111011111101111010110110010111110111110111111010111111111101111100111101111111111101111111000111011111110100101111111
111011001110101111111111111110111111111011111111110101111110101111110110100111111111011010111111110111100110011111110110111101
111111011111111111111111111111111011111111111101110111011111011100111101111011111111101110111111110111110111111111111011111111
111111110111111111110101111111111110101111111111111101001111110111111111111100111011011111111110010111111111101111111101011111
011101001011111011110111110111110111111111011111111100111111010111111111111100111111011111010011111110110111110111111111111011
111011010100110111111011101111001110011011111111111011010101111110001111011111011111111111010101111111101111101001111111111111
111001111001100011001111011010111100111101111111101111011111110110110101101111101111101111111111111011111110111111111110101111
101110011111111011101111111111110001100011111111111111110111111101111111111111110111111101111111111111101111111110101000111110
111111111110111111110110111101111101111111111111011101111111111111111011111101111011111111111101111101111111111111110011111110
011111110111100011101110111110111111110110110101110011111101101111111111111111111101111111111111111111111111111111110101101111
011111010111101111001011001011011110110111111010011011110101111001110001111111111110001100111110111100111111001110101111101111
111001111111101111111111110110111110101101101111111010111001111101001010110100111110011111111111101101001111111111111101101111
111110101111100111111110111111111111111111110111001101011101111111001111111011101110101011111111111001111011111111111011110110
101111011100011111101111011111001100111111111111111110011100111111101011111111111111110110111111101111101011111101111111010111
111111111111110110011111111011111111111111011100101110111011111101111111010111111111101011111111111011111111111111010111001011
111010111111111111000111111110111111111111011111111111110001101111110111111111110110111101111111001111101111111111101111010100
111111101111011111111011111101111111110111111111110111111111111111101101010011111110110110111111111111111110111110111111110111
101011110111111010011101000110011001110111011111111101110101111011101111111110011111111111011101111111101101111111101010111111
011111111111011111011111111111111011110111001111101111110111100110111110101111111111111111101111111001110111110110111011100111
111000111101110110111111011111111111110111001111111110011111111110010101111110011111111111110100011110011001110111110101111101
111111111011111111111111111111111111101111111011111101111000111001111111011110111111111111111011101111111111110111111111011101
111111111111111011111110111110111100011100111001111111111110111111111111111111011011111111010101110111111011111111111111111001
111111111011100111000111111111111011110111111111111011011111111111111111011101111110111111110110111111111111111001110110111111
100111111110111111111111000110111111001110111010111100110111011001111101011101111111111101110111011111110101111110110111111001
111011111111110111001111010111111111011111110010111111111111010111111110111111111111010101111011101111111100111101111111111110
101011111111111101111001101111010111111011001111111011111111101110111111110001111111111111111101110101110101101111100011010110
011110101011111111100111111110101101111111101111111101110111111001110111101111101111101011101111111001111111110111011011111001
011101100010111111111101111111111110111111011111011011101111011111110111001111111010001111101111110001110111011110101111111111
110111111111111111111110111110111010110111101011111110111110110111100011101110111110111111110111111110101001101111111011101111
111111101110111111101011111110100111111111110111111111111011101110111111111111111111011111110111111111011111111111111111111111
011111111111111111111111001111111110111101111110111101111100111101111011110111010111010101011111111110101110011111111110101101
111011111111110111111111111110101111101111011011100101111111101111100111010010111111111111101111010101110111110111100111010111
111111101111001101110101100100110010110111101111101001111001110111111111101111111111100111110101111110111011011110011111111101
111011111011111011001110111111011111111111110111111011111101110111111111111111111111111111010111000110111100111101011010011111
101111111111110111111111101110111010111110101111011111111111110111101111110111101111111110111111101111101100110111111111011111
111111111111101111111111011111001111111111101111111111111110111111100111110111111110111111111111111101101011011011011111111111
111101111111111111111111110111111110111111111111011010101111111111111111111101011110111111111111110110111111101110111111111111
111111110111101111111101011011111111011101111111111111111110100111011111111110111111111111100011111011110110110011111111110110
111111111101111011010111111111101111101111111101010111111101111111111001111111011111111111111110111111111111010010011111111011
111010101111110001111111111111111101111100111111110111111110111111111101011111011111110111111110101111111101111101100011111101
111110111111111111011111101101111111111100101011110111011111111111101011001111110110111110101111011101111011101010110101011101
101111111111111011011111110101111100111111110110111011111111110101111010111111111111111011111111111011111001011011000101111011
111111110100111011101111111101111111110111111101110111111001111101111111101111110110111101011111110101110111111101001101001111
101101100111110111111011011111111111111111111111110011111100111011111111100111111001111011110110010111110111111100010110110110
111110100110110100111000110101111111001100010110011111111110111111101111111011110011101111001111110010111101111101111011100101
111011111111111011110010111110111100101110110011111101101111010111111011001101110101011111110111111111111111111110001101110111
101110101111111011001111110101101111111111100011111011110111111111111111110111100111111111011110111111101101111111110110111111
111011111111010011111111111111111011111111001001111111111111111110010011011101111111110001111011110111110100111110101111011111
111101101101111111111110010101110111111111101111011110111111111111111111111111101100011011101111111110101111111111101011101101
111111111111111111110111111011110110111111011100111111111011110010101011111111111111100100101111110111110111110111110001110111
111110111111011110111101111111111011011111011111100101111010010101101110111110111111111011111101011011111111111011011111111011
011101111111101111111111001001001111110111111000111111111101000111111111110111111111111101110001011011101011111100111011101100
110111011101111111111110111100100111011001001111100011111111111111111110111111110011101101111111100111111111110111110111111100
