0011111011111011111111111111111111111111111101011100111110111011111111111111101101111111011101111011101111
0001111101111010011111011111111111111100111111111111011011111111111110111111111111101111111111101111111111
1001111110110101111011111111111111101011111111111011111111111111111111011111111110101111110111111110111111
1110011011111111011111110111111111010111111111111111111111111111111111111111111111111111111011101111111111
1110010111111110111111111111111111111110111111110111111111111111111110011111111111111111101111111011111111
1111100111111111111111111111101010111111110111111111110111011111111111011011111110101111110111111111111111
1111000111111110011011011010111111101101111111111111101111011110011111110111111011111110111111111111111101
0110111011011111110111111111111110011111111111111110111101010111011101111111111011111111111111111110111011
1011111101111111111011011110111110111111111111111111111101111111000111111111111111101101111110111111111111
1101111110111111111111111111111111111111111110111111111011111111111101111101111111110101111111111111110111
1111111011011111010111111111111111111111111111111111111011110011111011111111111111111111111111110111100111
1111111111101111111111111101110111011011110001011110100111111110111111111011111010111111111111111111111111
1101111111110010111110111101111111100111111111011111111110111111111110110101111111111111111101101111111111
0011111111110011111110110111101100111101111100111101110101101111011110111111111111111111111111110111101111
1101111111111101111111111111110011110111111011111111010111101111101011111111111011110111111111111011011111
1011010111110110111011110111111111110011111111111111111111111111101100111011111111111110111110111101001111
1010110111011111011111010110011101111111101111011111111101111111111111111101101010111111111111111110111101
1111111111111111100110011111111111011111111111111110111111110111111111111111111111100111110111110111111111
1111111011011111100111111111011111111110111111111111111111111011111111111111011111111101111010111111110011
1101110101111110111011111111110011111011110111111111111101101111110110111011111110111110111111101111110111
1111111111111111111101111101111111111111111111111111111111111011011111110111110111111111111111011111100111
1111111111110011101110111111111101111111111011110111111111111111001111111111111111111101110111111111111111
1011110101111111001111011111111111111111111110111010110101111001111111111111111110111111111111110011111101
1111111111111111111111101111111111111111111111111111111111110111111111011111111111111111101111111111111011
1110111111111010011111110110100101111011111110111111111111111111001011111111011111111111111110011101110011
1111110111111111111111111011111101111111111111100111111101111111111101111111011111111111111011111111111011
1111111111100111111101111101111101111101111111110111110111111111111111111111111011110111111110111110111011
1111110101111111011111110110111111010111111111011111111011111111111111011110011111111110010111111111111001
1111111111111111010111111111011111011101011111111110111111110111111111011101111111111110111111111111101111
1111101111111011111111110111100111111111111111111101111011010110111101111111101111011011111111111111111111
1111111111101101111011110111100111111111111111111111111101111111110111111101011111111111111010111111111111
1111101111111101111011111111111011110111111111111111111110101111111111111111111111111010111111111111111101
1111111111111011011110110001111101110111111111111011111110110111111111111111111011111101111111110111111110
1111101001111011111111111111111110110101110111011111011100111111111111111111111111111111111110111111111101
1110111011101111101111111110011111011111111111110111101111111111101111111101111111111011111001111101111111
1101110111110111111111111111111111100111111111111111011011111111110111110101110111111110111111111111111111
1110111111110100111111111110111000100111111111111101011111101111111111111011111111111111111011111110110011
1101111111101110111011110111111111111011111111111011010111111111101010111101111111100011100111111111101100
1011110111111011111111111101011110111100111111111111011101111111111101111111111111111101110101111111101011
1011011111111111110111111111111111111100111111110111111111111111111111111101111111111101101010111110011111
1111111111111111111111111111011111111111001111111110011110101011111111111011110111111111111111111111111111
1111111111111111011111111111111111111111000101111011011101111111111111101110111101111111111111110111111110
1111101111101111111011111111111110111111100111111110111111101111110111111111111111111111111111111111101110
1111111111101101111110111111111111111111111011111111011111111110111111111111111111111110111011101110011110
0111111111101011111111111111111111111111101101110111111001111111111111111111111111110111111111111111110111
1111111110111011111111010111111111111111111110111111111011110101110110111110111011011100101011001101111111
0111111111100111011111111110111110111111111111011111101111111011111001111111101111111111101111110111111111
1111111111111111111111111011111111111111111111101101011111001111010111111111111111111111111100010101111111
1111011111111111111110111001111111011110111101110111111111111111001111111110110111110011101111110101111111
1101111111111111111111011111111101111011101111111011111111101111110111111011111111111111111011010011111111
0111111111111011111111111111101111110111111111101100111110110111110111111111111110111111011111111101111111
0111111011101111101111011111011111111111010111111100110110111111111111111111111110111110111111101111111011
1011111111111101111111111111111110100001001011101111011111011101111100111111110111111111011111111111111011
1111110111101111111111111111111111011111111111011111101101011111111111110111111001111111111111110111110011
1111101111101001111111011101111111111011111111111110110111111111111111101111101110011111110111111111111111
1011111110011111111111111110101111101111111100111111111001111001011111111111110111111111111110111111111111
1111111001111011011011011011110110111101101101111111101001111001011101111110111111111011111111011111111101
0111111111110111111111111111111000111111011111111100111110110100011110111101111111011111111111111101011001
1111100011111111111111111111101111111111111111101111001111011011111111111111010111011111111111111111111110
1111111111111001111011111111111011110111010111101011111111101011111111110111101111011111111011101111110111
1111111011011111101111101111001101111111111110111101111110110111101110011110011111111110101001011111111111
0111111111011111110101011111111111111111011111011111111001001011111110101011111111111011011101110111111011
1111111111111111111111011111111111111111111110111111011000111101111101111111111011111111111111111011101111
1111110111101111111111111111101111111111111011111111111110111110111111111111111111101111110110101111111110
1111110001111011111100110111111111111111111111100111111000111111011111111111111111111111101011110111111111
1111111101111100111110110111111111011011111111110111111111110111101111111111101001101111111111010111111111
1111111101111111111011111111110111101111110110101001111111111111110101111111101111100111111111111111111111
1111111111011101111111110111111111111011111111011111111111111111111011110111010101111110111010111111111111
1111111010111110111111111011101111111101111111011111011101111101110101011111111111111111111111111111110111
1011011111110010111011111111111111111011111110111111011110110011111110011111011110110111111111011111111110
1101001111111111111111101110011111111111111111111111111111110111111100011111011011111111111111110111101111
1111111111111111111111111111111111111111101111111111110111111011111111101111100111100101110111111111111011
1111110111110111111101111111111111101111111111111111101111101111111011110111011111111111111011110111111110
1111101111101110111011111111111111110111011111111011111111111011111111111011111111110111111111111100011001
1111111110110111011111111111010111001010111111111111111110111111111111111100010110111110111110111111111111
1111111111111111111111111110111111111111101110110111111101110111111111111100111111010111111111111111110111
1111111111111111110111110010110111111111111111111111111111010111111010010101011111111111111111111010111100
0111111111111111011111111111101111111111111111011111110111101111100111101111100111111111111011011111110111
1111111111111111111101111111111111101111011111110111011011011111111011101101100111010111111011111111111111
1111110011101101011111111101111101111111111110111111101111111101101111011111111010111111111111111101111100
0111111111111111111111111111111111111111101111111111101111111111101011111111111101111111111101010100010111
1101101111101111011011011111111111111111111111111100110111111111111110111101111010110111111100101111001111
1111111111111111111111111111101111111111111110111111110110001111111111111110110111001111111111111111011111
1001101101111111101111111111111111111011111111111111111111111110100111101111111111001001111011101111011111
1111111110111101101111111101111111111011111101110111111111111111110110101010110110110111111111111111111111
1111111111111111111111111111101011011011111111110111111101111011111111111111111111101010111101111111011111
1111111100111111110110111111111101111100111110111111111111111111111111101111111111101100111111111111011111
1111110111111110111011111110011011101111111010111110111111110111111011111101111111111000111011111111011110
0111111111111111111111111110111111111111111111111101011111111011111111111111111111111111001101110111111110
1111011111111111111111101111111111111010111110010111111111110111011111111111111111111111001111111111111110
1101101111111111101110111110111111111001111111111111110111111110111111101111111111111111110111101101111111
1110111111111111110111111011110111010110111010111011111111100111011011110111100111101110111010111111110011
0111111111110111111111111111111111011101111111101111111111110011111111111111111100111011011101111111111111
1111111101111110110111110101110110111110111111101111111011111110111011111101111110111111111010111111111111
1111111111111111111101110111111111111111111110101011111101110111101110111111101101111111111111011101111111
1010111111110111111011111111111111111111111010111110111111101110111111111111111110101111110111101111111101
1111111111011011101111011111111101111111101111000011101111111011001111010111111101111111011111110111111111
0111011111111101111111011111111111111111111111111011111111111101111111111111011111111111111111111001111101
1111111111111110111111110111111111011111111110100101111110111111111111111011111001111111110111011000111101
1101111011111111011111111101111111110110111011111111111111111111111111111011011101111111111111111100111111
1111111111111100111111111111111111111110111011111111111110111111111111111011111100001000111111111111011011
0111111111011010111101111111011111111001110111111111111111111101111111011111111110111111111111111111101111
1111111110011111110001110111111111110111111101111111101111101111111101111110101101111111111011111111110111
1111111011111111110111100000111111110101111111111110001110111011111111101011111111111111111011111111011010
1111110111111111011111011110111010111011111111111111111100111111111111111011011011111111111111101001111101
1111111111111111111111111111111101111011100011111111111111011110111110110111011011111110001111111111111010
