00111111011011000001001111111010011001101111001100010100101111111010101011011110011111111101111100101111001111001010101001101011100000110111111001101111111011110111011
00101111001101111010011111011110011110110111111111111111111110010110111011011010110111110000110110011111011111001010110000011101010011101110001111111111010111111111111
11010111011111011111111000011010011111011111001001111010100101111110110111101111100100111010101111101001111011111100011100011110001101110101111101101000100111100110111
10101110111111101111001111001100011111111010111001110111110111111101111111111010010001001111110101110110101001010110011011111111110111001101110010011100110111110011101
11010111001110110101101100111011110101111001101000111111100100110001101011110100111110100111110101010101101111101110101111001101110111001001110111011011001101101011111
11111001111010011111111110011001101111011111011001011110100111000111111111010100110111110011001011010111101011111100010111001111011011101100001111111111111110100100011
11111001110111101101001110111011110010111101111111110110111111100001110110101111111011111110111000111010101001001011101111101101111101101001110101010011101011111100110
11101110010011100110011110001111110110011111111110110111111101100001100010000110000111111001101111001101111111111011011111001001111011011110011111010101101101101111111
00010110010011110111111101001111111111111010111101100000011111110101110111110110110010110101111011101010101110110100111100101010110001111111111010111011000011101111101
10110111101111110111111100100101111010100010100100111110110101101011011010011111110101111010110001101010101111000110011110001110111001101011010111100011010011011101001
11111100010111011111111111111111111100011111101111110101010011011010011100111100111011101110111001011111110011111111101111101001011100001011110111100111011001111111110
01111010011011111101010101011011110111111110101100110001100110111111101100110111111111101111101011111011001111111111010011111111101001011001101010110011011101001000111
10111111111101100110000110100111000110011110101011110011100111101110100000010101111111100010110100111111101111111101111101111111101011110110100111011110101111110010111
11110011111110111000101110101111011110110110101111000110100110011110110101111111110101111111110100111011111110011010110001111111110011111111111100011111011111101111001
01011011110111010110111001111101111111011111101011111010110110111011101110110111101101111111000111010110111111011111011111000111001101110000111101010110111110101100011
01101100111101101011111011101101111110111111101111011011100100111110101011101101110111010000111011100111001011101110011111101110111011111110111010011101111111110111011
01110110001101010001010011001101111101111110000100111011110100010000011110100100110111101001111111000111101111110100111011111100110100010111101101011110100111011011010
00111111111110100000111011001111111011000110010100101111111010111100111111000100101011111110101111101010111001101110101100101100011111010111001011110110010111111101111
01110101111010110000111111011010011110101110111110001110111111101111111010011001101011111110110111101111111111110111011001011001100101111111111100111100111111001111110
10111110111100011000111010001010110111111011111101111111110111100101111111111100100001110110111001010111010111100101011101000101101110110111111011101010111111111111110
00101100111001110111011111111011011001101011111100101111001111110111100111100111001101010111110110110101101110111111111010110011100111101101101111011111110000111110011
01100101111100111111101111101110011110110000101111110110010111011111101110101111011111010011110101010110111011101010110011111011011111001111101111110111111111111101111
11111111111001110111110011001110011111100011010101011101111111111111110111000111110111000110011010100111111111010010011010100111111101111111111100110111011011111111011
11011111111111000010110011011110111110111111101111011110111111111001110100011111101111110011010101001101110011110111110101111111100110111110110110110011101111001001110
11010111001011011111111101101111111101101101111011011010111011101101101100111110010101110101011111110011101111111100111101111111111001101111111110011110101111010010111
11010000101100111110111110110111100101110011110011111001011100011111111100111110110001111111101101000101110111011001010111011010110111110011110110110101110010001100100
10001010011011110000110011011000011111110111100100010111110110101111111110110101011111111111110111101001110001001111111001111111110011101111101110111011110011001010100
11101110001100100010100101100111011111111101111101110101101110010110101100101110011001010101100110001110111011111110110011111111101110001110111011011011111101000101111
11111111101101111111111110100110111110111101011011001111111010111101111101110110001001011100111111011111101111111101111011011111111111111100111111111111100000111100101
01010001111011111100011111011011111111111010111100100111100111100010001101111110111110011000111011011111011110010101110011110111001111001101101100100101101111101110101
11101011101111000111111111011101111011011111111101100110000011011111110111001011101111100111111110111110110011100010001001010111010100011110101011100011101101111111011
00001111111111111100100011010110101001101001111001001111101101101010011111010101111110110100011100111010111011010001111110010111001011111101111100011110110101111100101
00001111111100111101000111001111011110011101011111001110011101010111111101100111111010101010011110010101001011011011000111101011001111101100010111110101001011101101011
11111011111101111111111110111110101101001100011111110101100011101111001011011001101110110010111001111110110111001101111011110010100110110111101101110001101110001100101
11110100111001111110111110111111110110111011110001110011011111001011101011111111111111101101111100110001011111100001101110110011001100101111110010111101011111101111100
01111101101111111011011111111100111001011101111011101111011111101011000101110101111110111101101011111111010110010110111110111101100111011011100001101110011101101000111
01110111110111110111011100111110101001000111011111110110110100011011011111111111111111000111011100000101111100000111011101011111111100101111011111111110001111111000101
10111100100100101101101011110111010110110000101111000111101111111110101010111101001000111101100111101000101010110101011000111111101111111110111111111010010101101011111
11011010110101011011111111111101001001011101100101101001101110110001101110101100111011110111101110001100110011111001100110110111011111110111111010100111110000111001011
01111111101111111001010101111110101101101101010111101110111111010101011000101111011011010111100110101101111111100111011011101110011001111101101011000011011111111001100
10111111101110111011100110011111111100110111101111101111011101011100011101001011111011111110010111111110101101011010110111011101110101111010001011111010001111110100111
11100111001111111110000110111010110110111010101001111111111001011100110110011111110110111111011111111111011000111011100110101101110011111011111011100011111110010101001
11110101111111111111101101100110001010001101001110100001110111110011011101000001110111111101001011101001110001111111001110010100110111101111111110111110111100111010111
11101111001000110001101111111011101110111010111100110111111111101111011011110101111101111010001111010110111001001110110010111110111111000010011111101110111111101011111
01011011111111110011110111110111001101101101010011101101111010101110110111111101111011101011111111101101111101111111111111011010000111010001111011001100111100111111111
01010111100000000111101011011111111110010001101111011101111011101111101001001001000000101000011111111111101000111111000010101001011111011011011100111011011101111101011
11111111101111110011110110011111110111001111010011110100001111000011001111110101011000111101110110110111100010110101000101111111100011111101001111101110111001111010111
11000011111101011111111100110110110011111011010011101011011111110011110101001010011011110111110110110111011100011110110111110111101111011111011001011011011101101111111
01000011001011110010010111001000110111011010111101111011010101011111111011010110111111111101110101111001111111000101100111111111111001111101011110111101011111111111010
01110110101011110001011111011011111111111100111110111101011101011011101101101111010111110111110011111110111100111110111010001101010111110101000011001100101111001111111
01111011111110101101110001010110011110111111101111011011111111110011110101101011101111111101111101001111111110101111111111110011110111111111010011110001000011100111011
11111111011110111001011111110000011010000101011011100111010011001110011110011011111101111001011111111100111101001100010011111111011101010111111000000011111110100011110
01101100010000111111101111001001100100111100110111100000100111111111110111010111111011011101101110110001111110101010101111110011101101101101011011111010110111011110000
11011111011001000111111100111111110111011101111001010011000011101110110101110111100111111111101101011110010111001111110001100111111011101000001110101111101111011111110
01111111010011111111110110101111101111011101000110110100011000011110011110101100111000001011110011011110111111110101111111011111001011111110111111110111111011011111111
01011001001110011101101001111101011101101111110111110100111011101101111111001110001000011101101111110000111111111101111111000011111001110101110111111011011011111011111
11111111010111111111001110111101010011110111110000101001011111100110111110011110111011010111101011100110110111001001100101110011110100101000001001111000011000101010111
01010011111000101111011111101000101110011111110111110011101111110110001010110011101001010101111101101011010111111111011111010101100110111111011110101011011101010110110
11000011100000000110101111011001101101111101111101100011110101101101110110100101110010111111101110011110111111010111010011100010100111111001100101001011111101011010111
11111111110111111011111101110101101111111011001111101000111010101111111111001001101101111111011101101000011110111011110101110001111010010011110011011111010101110101111
11010110101111100111111110111110011101110011111100111101110100110111000111011111110111100000111111110110011111111101101111111111111111001111010110100111111010111100111
10110111111010000011111110000111111101011111011111111101111000111111111110111110111111010011111100111001001001111101110011011111101111111010110111110110111111101110110
10111011110110110111101110101101010101100011110100101101111111001011001111111010100110111101000101100100111101011110111111001101001111001111100101010111001010111010111
11111000101101111100111101011010100011111110000111101010010011001011110111111110010011000111111111110011001010010111010111011110111010110010111101101001111110111100011
10110000011111110110011111101011011111001101110011011111001101110011111111100101011001111110111111010101011011011101100111101110111101101111111101100011101111111011101
01110100100111010111111011111010110001011101110010011111111111000000111100010011011111101101111111001111101110100100111011011011001111101110000011100111101111111110010
11100100011111110010111001110111111111000011111111111110110111111000010101100011001001011100101111011101111011111111111011111110111011000101010101110110011111111110010
00011111110100100011111111101010111110110011011111101001001111111000110110111010011011001110101010110110101100011011110001110101111101110111111011000011001011111110101
11111111100111110111111111111010101001100100110111101101101101011101010110111010111011111011100011111011101111011111101011100111100111110101100110111001111110111001111
01110110111001001111001101101011100010011111100110111111101101011111101110111010000111110111011011100111111111110000011011011010101111111101111011111111111010110110110
11011100011100111111010011111101111011111011011011010011110101101100010110011010011111110110111110111111101111111001111011111110110111111110011110001111101101111111111
00110110101101101101111111111111100110101110101101111111101111111111111001110100001101011001100100011101110010100111110001101110111110110101100101001111011101110111111
11111111110000111111111000100011011011100101101010011011111111111001111001101011010101111110011011111110111110111111011111101111111001011011111010010010100100011011111
11111100100001010101101000001111111110001011111111101101000110111010000110010111001011001111101111101101111111100000001000110101111001010110111010011111010001000111110
00111010101101111001110011111100101111110001101001100110011001111011110110010100111110110011111110110011011110111101101110010111111111100111101110110100101111111111101
11011100111111100011000111101101011111000101101010011100110011110101111101101011111101101111011011011111101110110000001010111010110101011010010001011110100011111101110
11110010011001010011010111010110011011111100110101110011100111110001111010010011000111111101100111111100000111101011011101111011111000100111111010111111100011111001101
10101111111111111101111111111101101111110101101011001111101011011000000101100001001110110000010110001011111110101111011011011100111011111001110111111100110111111111111
11110011110101100000111111011110101010011100000111111101110011110111111011011001111110000111111000111111111110110100011110011011111111100101011110111100010010101111111
00100010010111110010111100100011111111011111111001111100011110001110000011011110111110011110011101101111111010010111111011111110000111110101111111101111111110101111111
01101110111111111111001101000111111110101111100010111110111111100000100000110011011011011011001101011010111110011111010110011101001110011110110101111011111011100001110
11011110111111011000011011110101101110111111101111011010101011011101101010110011100111011111110100111010011010000011110110001111011001101111111111101110101110100011111
10001010001110100110110100111111111111111001101110111011110101001111101101110111100110100110111110111111110110011111100011101111010110011111010111111110011100110011010
11101101010111111000111110100111011110000111000011110100000111100100011110111111011010001111011111000110011110110111111111111001000111011011011111111111010111101000011
11001111101110011110011100100111111110111110100111101100101011110101111001101111111101110011011110101001001111100110111111110000110111010111111001100110111110101011011
11010111011111111111111111111010001010111011100111111100110111011111111111011000110010101111111011111011110111101111010111111011111001101111010101110101001010011111010
11101111111111101111000111100011111101101111111111110100001110101100111010111100001011010110011011011111111011001011101110011111101111011110011100101000011011110111001
11100111110001110111110111111101010101111111001111111101111101101010111110101101110010101110100111100011111111111000101110101011011111011100010000101110011011010101101
10110011011101101110000001101100101101001111111010111111001100101111100111011001110101010001000011111101110111110110001111110111001111010110010111111101111100110110100
10011010101101100111101011111011001111111110001111101101111100111111011011011011011101110011101011111111001111111111111110000101110111111100010110101101101110110111101
00111110011111100111111101100010110010111101100101000110101101011001111011110011111111110101111111101111111111100101110111011011111100110100111101100110010101010001111
10011101100101101000110111110010001111110110101111111111111101110100110101111010110111001110111011110001100011011110100011100111011110111001111000000011111111101111010
11111011111111011111110001111110011101110000101111101111111011011111101101101010011001010111011010011011011111001111111110111011010011010110100010111111011111111110110
11011010111011011011111110101111111010001100111111110010010111011100011010110111011111100011100111111011101011110001000110100101101011111111011101111111111101111110000
10100111101100011101001011001111111110100111110000111101111111011111011011110011101111100111100101111101110110101111111110111110101010101111110001100101110111101010111
11111001000011101110110111111011101011111101111110111101011111111110001101101101111110010010011010101110100010011110000011101111110011111011011110110011110111111011110
01100101100100111110101010111110100101111111111101011011101010011111111011111100001111111111110101011001101001101111111000110111101010110001101001100000111101111011111
00111101111100111111010111101100010101001111110011110111110110111110110011011001100101111111011010101110111101111000100101010011001110001010011101011101101110111111110
10110010110111010110101010100011011101011110111111011001110111110001111011101011011011011111011101010111111010011111101011011010110000111111100101001010011111111010111
01011110001111100001110010001111111100001101011111011111001011011011101110111010111001101101111010100011111010011111111110101001100111101111101111100101111100111010111
11100011111111000110000100111111010101111110110011110110011101000110101111011111111011101110111111000011101111111110110111110111111110011101111111111101000111111111100
11011101001010111011111101011110110110111101111101110110101010101111011111011011001100101110001101100011110110111111001111111111111001111111101101110110001110010111111
11010110111111111111011010011111010100001101011101100110111010010101111010110111111101110110110101111101111011011111011110111111011110000100000111101000011001110101111
11101101001111011011101111101100101110010110111110101000010001011110111101110111001011111111111010111110011111000111111111011111011100110110011111111111111100111011101
00111111111011101110111111111011010011111011111011111011101000100111111111010111101001111011011111111110001111111011011111101111111011111110011101110101010010110010010
01100001001001100111011101110111011110110111100111111111111110101010010111100111111101111010101001110111001011111000111110110111100110001111110111111010110010110110010
11111111110111111110111010011101101011011101110111111011001111111111111011110111110110110110110011111011110011010110101101101011011101101110101110101101110101111111111
11001001110111101011101011001100011110011000100111111111111110100101111011111110101111011110101001001101100000100111011011110100011111101110110000111010011101011111111
11101101111111111011111111011111111101110000001010101111111110011110111111111111111111111111111100111111111000010001101000011110111101110010111011001111011110011101111
11111111011110111111011111111011111000111011100010010111111011101010111001001000000011111111110011001011111000010010001111101110111111111101111101110111011100111111111
00101101101110011111110110011010001001110110111001101011010111000110011111111110000111011110011011001100110100001111001101011010111110011111111111111001011010111000101
00110101101111101010101111011101100101101110111101000011011111111011111010110011101100011101010101111110111011001111111101101100010110111111101011001111110111100110011
11101111001111110100110011111000110000101111110101111101110111101011101010101100101001110101101111111110110000110111110110011111111010111111111111111100110101111111011
00111100111110111111100110111100010111010011111111110111011011111110100110100111101111001111101110111111001100111001110100111011010101101110111110101111011101011010111
11011011011101110110111100110010100110011111110101101100011100110011100110001101111111101101101110111111101101111001101111111101001001111001111011111110101100101101011
00000011001110100011100101101101111011110110111010100111111111011011101110101101111101100110111010110111100110111110001111110011001110011011111111101001100101111001001
11001010101011001100110110111101011100101101100111101111100111101111101100100001011110110111101011111001011010011110010111111011001101001001100111111011111011101111011
01110101110111111011111111111101010111011001100101110111011101110111011110001111110111000110101010011011110100011100100111001101101010111110101111011100111111000111011
10111011111010111111101010101011011111010010100001101011010010100110111011111111000110111100101010110111111111110011000011110110101111111101100110011101110111011001011
00101111111010110101000111000001101110101110101110101011110110111000000010101010110111111110111001011111111001111111110011011101111111010001101110001111111101000001011
00011111011100111000111001011101111100111111110111111011011011111110111010110111111111111111111100111111110101001011111101100110000111111111110110010010101111111111110
10011111001111111011010111111110110010011000101110111111111111111111111110001101001111001011000101101101101101110011111110111011100101101101100100101111101111010011011
10010010101111011100111110110100111101110101011110111100101110001011101111011001001111011001111110011110111101010111101011001001010001111110111110011111111111011111011
01110000000111001010110111111111011111101011101110111010110111010111011001111111100111101010101011101111010110101111101101000101111111000101011101111110100100101111001
11111111111111011110010111111000100111011101111011010010000011111110011110011111111101110010101100110111101011111110110101100111110000110101101001001011011110111101011
01111110010111111101001110111111000111111111001111010110010011111011101111100101111000101101011110001111110111011010011110011001101000011111011010011000101111111111011
10110100110111110000111111111111111011110001101110111111101011011110111110111011011001111011101111101111111011101101101011001001101011000111100111110111111111101001010
11011111001111100011111110111111101111101100011111111111110111100101100011101010111101111111110111011111111000001111110101111110111011111101110111010101110011010010111
10011011110111011011101111111000010111001111001110101101111111011011111111111110000011100110011110111100110011101000011101011111011111101001111011001011110101101111110
01011111111001011100011011101010000010111111010011110101100110011011001111111110011011010111100100101111101111111100000100111001101100100111111011000101111110110101110
00100111011110110101011010011101101011110001010110011111000111111111010111101110110001111011011011001111101111101011111100010111110110111011100111111101101010010110010
00111010001000101111111101011110111111101011110101111000111011101101111100110011101110111111000001011011011111110101101111010000111000101011111101011011111111011011111
01011101000011010101110101111101110101100111111101100110011111110110111100100111101110111101111111011010110101111001011110010011101001011100111110110111001001111101101
01111111110111110110111011101101100101111111111111111111001011101111111011110111010111111100110100010100101111000110101111110011100010110111110111110111101010101111110
11100110110011110011101111101001111011111110001011101111111001011101111100101111010001000111011110110101101111011110011011101001111101001000101111010101111010111111101
10100001100111111111001101001011010101111100111111110011011101010001111111010101101110111111110110101101100011111011011110101101001011000110101101111111001110011111111
01011111111101010010111110111111101111011110011110101110111011101100011010010100111101110101011101111100111101111111111011100101101110100111111101100100111111001101011
11110101100011011111111110111111111011110010001111111011010010101111111101101011111011111110111000111111111101111100011011111111010011011011011111110011111110101110111
11000001111011011111011111110010011111101111010100110010010111111101001011111000111111101000111101110101111110111101010010100110011101011100101111110000010111001011111
10111010111101001111111011100101011110110110111111111001011110101011110110101111011111000001011110111100010001111011101111011111111101001100111111111111111011111000110
10111010101111111011111111111111011101110110100000010011001101111001110111101101110010000011101010111100011111111111111111101011111111111011011101101111111011011010101
10111011111001110011001111011001101011100111110110111011010111011011011011011111111111111111011101001001110111101111000010110101110111001101101110010111000101011011011
11100101100101111111111010111111010011111111111110011110110000011001011011101011010110100011010111011101101011111111010100111100110110111111110110101111011001101111101
01101111011011101010111111101101110011000011011010000111011011111010101100100111111101101110010101111111111001101101111111110011001111111111111011111100100101111011111
01011101111110010101110111111010101011111111101011101111010111000101111011101111011100001100100100011011011010111111111110100111111011100111011100111110111010111110011
11101111011010101101110000011010110111011101101101101011101101111111010100010101111111001010011011111111110011111011110000011011111101111111100100100111110110101110110
11100100111100000111011101101110111111101111011010101111110011011110110000101111111111111110111110011111111101101111100001010010001011011111101111011111111010101111111
01011111100111111110111111111001111011001010010110101011100101100010110011111110101101001000110101001101110101101010111010110111001111110111010110100111111110111111111
11111100100011011011100010111001001111001011111111001101111100010000111101011111111100111100110001101011011110111111111101111100101100010001101110100110100100111010101
11010101001011111110111011001101101110100011101011000110000111100110011101111111011111011110111001011101101011011110011101110011011011111001111111111011000011100100001
11001110111111101101111110111011000111111111011100011111011111101111011111011001111110010011110100100101010111010110100111111010100111010101111011111101000001101111110
11001111111101010000111101111110111000110100010110110111011110111101111101001001100101001101111101011001101011110101101101101011111111110101111001110110110101001111110
10110111000010111011110111111111010000100111101001011110001011011100111010111101110010001101011111010001011000011011111111110111111101101101100111111001000111111111100
11010100011101110111111001110001001101110111111110011011111111010010110101000111101110111011111110110011111111111100111100101011110100101111101011110001001101111110111
10001111001111110011011110010110111110011111111111010111111011111111111100100001111011111101110011110111000111100110110111101110011111111101101010110000010001110001101
01111101000111111111010110010111011111011111110111011100011101011110101110100101011110001111111111111101001111011111011111111110110100011110010101011001110011100110001
11110110110011111111011111100100111010011101000011111111000011111111110000111111110111110101101101101100110010110000111011101111011101111111100011110100100100101111111
11111011111111011111011110110111101111011001011111101111011101001111001101111100100100110011111110101010001100011101111111100111100110001011111100000111111100101111011
11111111101011110101111000001111101111111011111110110001100111111111111100111111111110101101111111111011111001111011100010011110110011100101001111111110111111001101110
11010010011010011101111010001011000010111110111010001111011110111111111110111100001001111110110111111111111111101101001011101101011110110001110110011000111000001101111
01001011111101101111111101101111111111110011111111001111101011111111101010111111000111000001111111111001001111101111101010111110100111111111111111111011110011110100010
11100111111001110111111001011111111000001100110111101110010111010111011101110111000001111101110001001110011111011010110010111100111011111100001011110111110111111011111
11111001101011011011101010100110001001000011101111111111111001101111011111100111011011101101111111111101111101011100110011110101101101110110111111111011110111000100100
11011001111001011111011100010010101001110101110111110111000100001000101111111111111011110111000111001111001111001011111111111110110111111010011100110011101011110100111
01111011101110000111010111111101011111011011101101010111111111101001111111111111110000011110101111111111001111100100000010000001110111110111101101111011111010110111011
11101111001110111111111110010010100101101011111111110111111111110110111111010111111111000011101111110110111111011110111111101111111101011111010111110011010011111101101
11111101110111110100111010011111110111101111111101100011101110111001101110101111010110110110001010110111001111111111111101111101000110111110111110111100011111010101110
