001101111100111110011011111010111111011001010110000110110100110101111111101110110111110010011101100010111000110110111010111111010001111110110100111111111110111111101101011100001111010011110100101100
001011010011110110010101010110111111101010111101101100111111110000111110111101010111101111101111011011111111110011011011011111011111011111111100011110110110011100100101010111110011111111101111101101
110110010010110111001100101111111011110111111001111011111111101111111100011111110101010011000110011000010010001100111010111101101011111101111101001110101111101001110111111111111011011111100111100101
101011111110111010101111111010110111111101111101111110011000111110111111100100000111011111111101001111111001010111011011111110001101101111111110011010111000011111101111001111111101111010110101111111
011101010001111111111100111100111010101111100111110111010110011100101110001110111110101000101011101101011101011010011000110110111110011110101011011010111101101011111011011101110101101111111111101011
110110100111101111111111111101110011011011110011001111010110110111001001111111001011111100111101110101111000111101010000101111001111111111011001001101001101110011011100110111110101101001010111011111
100101010111111011101110110110101111000111101111000111111010011111111111111111101100110011111110011011110101110110010111011011100111011110100001011111110000110001111100111111110010101111101101100011
111110100011011011111101110111111111011010100111101101111111101100010111010111100111110110101011011011010111101111101100011101111010111101001111110111111101110110111001111010011100100111110011111111
100100000010110100010010110011110001101011111101111010111110111110010110100100001100111111011010111101001101011011110111101111011001111110010011011100111110110011111110011111011101101110011001111110
100101100011111111101100111011010001111100101111110010010110001011101110101011010111111011111101101011101100101011001111111010111110110101001101001111110110111011111110100101100110011010101101111101
011101111100100001111101111110011001111111110101111100010111111011101010001111100111011100111111100011101110111111101111001111101111111110110111111100001011111111010110011110011111111001110100111111
010011110100101010101111111101110101111101111110111100111011111011111101011111111101111111111011011011100111111011111011011011111100101101011111100001111101110110100100101111001111111111001110110011
111111101111001101101001011001011011111011110001110011111111101101011111100111110100011110011011111101111100111100111110110100111111011110111111101100011010110111100010010101011111100110000111101111
111110111100001000111001111101111001000111101011111111010110101111101011111111010111100111100011101101111011110111111111110100101011111111010110101000001101011001011011001011111101110100111101111011
100111110101110011101110111001111111101111010110011111010111111001011011111111111101010100100011110111000111100110101110110111111111101110111100010010111001110001011001011001001110010111101101011111
111011001100100010011111111001111101111100100011011101111101111111111111111111011001110111111101111100001000111111111101111101110101110010011001110011101010111010101001010111011010110110111110101111
111111110101001101000110100010110111100111010010110111101001011110111011110110100111111110111101100101110111011011001000111111111111100011110011101001101111111111101101011111111110111010111101110011
001011110110101010100111111011100110100111101111111111101111011101110111010111110011110101100110001101101001011010011111001010101111001011111011011111111111111111111111110100111110010011110001101111
000111110111111001011100101100101110001100001011001111110100111011111011111011111001111101111111111101010101111101111111111101101011010111110111111011011010011111110111111011111011111101011111111100
110011011010010100101000001110111111011110001001111110011111111101110110111101100101101011111111101111001111000010101011001110111110111011101101110111010100110111010111111010110101010001110110111110
101111110111111100110001111011111100100010011011111111000101111011111011100111111111110101111101101010011001111111001110111110111100011111101100001101010101101110010110110100011111101000010101110001
011111110111001111100011111111111101001111111010010100111111000111111111011001111011111011110011110101011111111110100111001001111111111111111100110011111111111011111111011111101111101111011111010101
100101101001001111000101101111111110101001001101010111111001110111111101100011111111001011111111100101111011111111011101111011101110110011101011000100110111111110111001011110000110111000100101110100
110101010011110101001110011101111111111111011011111001101111101000110001111111111111101101111111011110011010010110001101100001110110010111101101111111111110110111111111101100000101001110011101111110
101111111111011111101110011111100111110101011011101111111111011101011100101001111111111111001110010001111110011001010111111010011010110111101011001111110011111001001111011010101000111011110101110010
110111111111111101001101101110111011111111111101101110110111110111111001111111111101101110111111011100011111101110110110111111011101110111111011110110101111011110001001001101110110100111101111101100
101111000111111101111111110111111011011000111110101110001010110111101111111110011111111010111010100011111111001001011111101011001000011101110101111011110101000010001001010111001011111101011101001111
011011110011010000110111111011101110111110101010001100101111111011110011111011110111111111100110110100100101011101100110111110010111111101111001101011110111001101111110100111100101101110111011110011
111100111110000011011110111100001111011011111010101101111111011111110111101101001101011101110101011110100000010111110011000110000111011101111100111101101111001011010010100110011100101111111101101111
001001011101111101001111101100111111111101110011011110100100101010101110001111001111110111111111110101101001010111110110111001100010110001111110100110111101010110111101101111011100100111100111111110
111111111001011111111111111101011011111010100111111101111111111000011101111101101110111110111000101011011111111111111111111111111010111101001110100111110011111111011110111111111000110111110010100101
111111011111111110011111011001101110011011101011111111101111000110100110111000011011011110111110111100101110111111111011101111101111100111111111001110110101101110111011001110111110011111100011111111
111010110010111100111111011111110000111100000110011111111111111110101111110010111101011110100111111110111100110110011101110011111100010101000101110000111100101101111111110110111110101110110000111001
110100110001001111111111100111010011010001011011111011011100111111010011011011111111111000110101111110111111010111011011101111110101111111111010011110011111111101111101101111001110011111111111001101
111111110000101011110011111111110101011111100001010111101011110011111101110111111101101111111010101111111110001110111111011011010110011100001111010111111101010111111110000000100010111010111011001001
111101111111111110010101111011100110100011001110110011111011011111011011110011110110010101100110000100001110011110111111001011110001111111100100111101011010111101110111111011100111101110011010101111
011110001111101111001011110101101001011000001101110001110101110110000111111100011010100011000001100101101111111111101100110101001110011001101101111101111111000111001101111100011011111111001111001111
101101010111100100010001111111111110101001101001011010010111101001111100111100111100111111101110011101101101101111111011111101100111101010111011011111111101111001110111111111011111100101110011111101
110111011111101100110111011111111010110100000111001011111111010011100011001101011001110110101110010110111111101110010010111111111011010011110110011101011011110011001101101100111111110100001110111011
001110100111011111110101110101001010001001101111011100111101010101000011101111111100010111110110111101011111111011111000111111001111110011111111011011110111011100001111011001010100111011001111100001
011011111010111011011101010110110011000001111110011111111101111100110111101111110101111101000111101011011011010111111111111001011111101111111110110100101111111101011111111101001010111111111010111001
101111101011111011000111110011010111010110001101010111011010010111011100101101111111101101111110011100110010101111101001001001011110001000111010100011101001101101101111111111110011010101011110110110
011111111111110101000100011111110010010110011111110111101111011111111111011111111111110111011110111011101111110110101111011111011100110110110111010111111000111110101010111110100010111111111100111110
111101001011101010001101111011000100000010101111101111001110111111111111110111111110110010111011101111110111011101111110111011101010011011111011000001011101110010110111101101110111011111001100111111
011100101101010001111111111110010101110111110110010111111111101111111011011111010110111111001111111101111001011011001100101111100111110110110111001111100110111010110100111010111101011001111110001111
110110111111001001000010011000101001101111111000001111111101100000111111110100101111011111011001110110110100111010011010111000111001010100011110111011111111101101111011111011111001010111101101011111
100011110101011111101101101111111101001110111000011010110101001011111110111010110111011110101111111000111001111011011111111110001111101111100011011111101001110101111100011011100011101110110101111111
011111111110110101111011110001110110111101110000011110001101101101011110011001110011001110110110111001110111001011110110101110111010111111010101110001101011110011011111001111011110110110111010011110
011110011111110011011001111010110101100000110000011111101111011101010010011010011111100001111111110000001110110000010111011111101110000001111101010110111111111011111101101111101111111111111110101110
001110001111111111011111000001111111110111101011101111111101101110010111100001001010110001101111110101000111111100110101111110100101111111111011011100111111011101001110111110111110111111111011111110
011101011011011101111001111111111100011110010111110011110110000000111110011110011011100110101101111111100111111110110101001111101111101101111110111101001111100110011101011111111111011111011101111101
110111110011011111111110111111111010000111111101110010011111110101011110101110111111111101010101111111111001101011111011111111110110101111110011010101101111111111111110000110111111111111011011100111
101111101100111011111010111001011111011011111111111100110001101111110111011111101100010111101101111100011110111001011011111111100111111111111111110111110011011100111111110011111101111111011001011111
001011110000111111101011100010111111101011111100111000111101101001100010111110101110011111110110111110101111111111111110010111100111100110000001101101111010000101101110011111011111100001111101111000
111000111001100111100111110111111011101110101110111011001110011111111111111100111101110100111110101011111111010011111111111010111011010111101111110101001101001101110110101110111101100010000110110000
111111111111111100110110110010101101111111001110011111001011111110110101010110110111010111111110110100111100100111110011111101011011111101110101111001111000010101011010001101111111101000111101111111
011100111001100111010111101110111111001111111101110101110001011101011001010011001111111111000001000011100111110101111001100111111010110100111001111111011111111100111001100101111010111101011010110111
111011011110111101111101110111111100111110111111111101100011101111010000011011110111101111011111001111111110110111111011111011000101010010110110101111111001110011011100011110101100111111001101111010
011011111111111001010101111110111011011001111000101100110101111111111111101110011111111111101111110111111011111111111011101111111101101111110111111110100101101111011000011011011011011101111011111100
011000010011101111011111110110111011111110101111110111011110111111010010110101101100111011010011111101101101110000011010110111110101010101111111101101101111110000111000101110001111111101101101100101
111101011011111100111011011101101110110010011101010111010111011101111101111111110101111000111111011011000001101101101010111011011111111111001111110000101011011111111110011100011111111111100100101111
110111101011001111111010111110101111101111110000100100111011101111111100111110011101001100110111111000011111111100011011110111110000111111011011111111011101101011010001101111110101100110111111111110
001110111111111111111001100111101101010010111011110011111111110001110101110111010011001100011111101110111011111100101111011110111011101110111101001110001101111011110001011110110111001101101110110101
101111111000110111010110111010011101100111111001110110111111110011010011111100101010111111101011110101111101111111000101111110110000111111111101110011111101111110101101010010111100111111111010101110
001101101111010110101110011111011111101001111010010010110111010101110011110110011111000100010101110111110111000111010101011111101001010011100111001010110011100001110111111111110101101111101111111110
101001100111111101111110111110000111011101111011100111101111111110111111001110011111101111100100111110100111100101111101111111101101011111101011110110111101111110101100101011000011100000101111101111
111110100111010111111111011111011010011010111110001011110010111011011111111010000111101101101111100011111111110010111111111010000111101111110001100110100111000110110101001110001110111011111111111100
111100111001101111111111110110100111010011111111111110111111111111101101011111111101100110011011101011110111110100011111010111101100111110101011110111010101111010101111011011110110111110001110001011
111111100111111110101110111001101011010001111111001100101010110001110110101100010101111111111111101011011111110110101011111101110110111001101111011110111111110110111111110101010111010111110011011110
111110111101100101010110101011111010110011110111011110110010111001111000111110111111101101110111101111111011111111101111011101111111101111101101100101100101011110101101011010111110111101111110000111
110110111110111111111100001111011101101110111111111111100011000111101001101110111111111101110101110011001111110111010111010100111111111111011101110100111011111101101101101110101011101011110000110000
100101110001111111101111011110101111101110111100010010111010101111110010110100111111111010111111110110111000111110111001111101010101011110111001110101011101110110110101011111100111100001111111011011
110101101100111110111011111110111011110111010110010101100011111110101111011011111111011101010110111111111101100111111010111101011101101100111101101110111111011101000111110011111010101111011010011111
011001110001011111110101011100111111110000111111101011111101111110110101101001111111011100111111111111111111010110111111011111111101110110100111111101110010110111110111110111111111110111101111010110
111011100111011100110101111111110100111111101011101111100110110101111110110001011111100101111000101011001111101111100001001111111110011111111101011010111101011111101010111111111101010010110110011111
111111111011111111011001011011100010111111111100001111110011111111011111000011111011110010101010111010101111011101111111011101101111111111110110111011111011001010011011111111101111110100001011011111
101011110111111111101011011101001111000110111010101111011110111011110110100101111010011100110101111110011010011110110000110000110011111110111000001110100001100001011110101011100110110011010011011111
011001110111111101111111110111100111001111111001010010001101101000010000111110011111111011110111110100110011111111101111111100111111111101111101111010101101011000011011101111111011011000001010011111
101010110011101011111111110100101111010111110111000111110101100100010111110110011100011110110111001011010111110101011011111100010000011011111111110011110101111111010010101101011111101111111111100111
111010000101111101101111111100011111111111111011101100110110111011011111111111101111010111011111111111111110101111011111111111110010111101111101111110111111111011110011011101110110111111111011111110
000011101001001100101111111011111110111101110100111111101011010111010111111111110111111111010111011111010011110111111111100111010001111011001011111111011110111010010011111011001000111101001111001111
111110111111111010011011111111101111010111111110100111111111110011111111111001111011011011111101101001110011011110010011110101101011110011110011111011111100111001101111010111101111111111110001011110
110111010110010011001111101101110101100001111111111101011110001111100111111111011101110010111011011101001111100110110100111111111101011111111111101111001111000101101011110110111110111001000011100110
111101010111011111111111111111011110001011100111101100111110111011111111111101011110110011110111101100111011111101111110010110101111110111111111010111011111111001001110111111111101001111111111010100
110011111101010111111101111101100110111011111000111100101111100101111111001101001011010001111111001111000011001011110000011100101010111101111101111111000110100111111101111111111000110110100011101111
101101111111101111101100101111111101011110111110010111111011100100001011110111111111101111000101111101011111001101111111001001011110111111111010110101010011100111000101101100110011011110111011100110
010111001111100010110111111110111110010011001111000101001111111101101111110011101100010011101111111101111111010110110111111111011111000101110110111011001111111111111111101011101110101111100001111001
010101011011111111101001110111111011011111101111001111111110011111111110111010111000010011111101110111110101101101101101110111110111100111000100010100111100101010001101010111111000111100000100111100
111100111101110110010110111101111010111100111111001011011111000101011001000101111111011100010110110111100011110011100010111001001100111011011010010001110111011111100111101111011111111011100011110010
011100101101010101111111100111000011110111101100110111011111000101101110101001011101111100110101010111111001101110111010111101110001111011111101110100101111110100011011100111111111111001011011101001
010111110111011111111111011111111111011101010011111011110010110101101111011111100111101101011111011011111011111110101100011111111110100010111001110110011011111101111001011111011111111111001000100111
100101101111100110111111011011110110000101110101100101110101111010011111111011111111100111101100110111111110111101001111111111111111001011100111110101111110111110111111111100111111101100011110010011
110111111111100110111011111001110010011001111110111010110110101100111001011100010110101100110111110011101110110101110111110110111111010111111101101010111000101011111011111011011001011111011011111111
111101100110000111111011110111011101011111101011111111110110111011101111110011111101111111111001111001010101111111111110110111111110011111111111011011111110101010111001101111111111100111011111100110
011010111011111001110111111101011011011111111011110001110111111100111101110101111011101010101000110111111011110111111111001010100111001111110010011100110010101101111000011011111011101111111101011100
110111010111111110111111010011001100100010011110111110001111111110111111010011111111111101101100111001011111110011110101110011101111101101001010011110110001111111111110100011001000100110111011111101
100011001110111110111110001101111110100110111111111111110011011111111111111111010101011110011111011110110101111101111110100011111011101111111100010110101101101101011111101111110011011100001101111101
011001111001101100100101110111011100011101101111111111010011110111000011110111011010011111111111101011111111001011111011011011100111100100100001110101111110100111001111101000011011110111110100100111
011110111101110101111001010010111110010111111011001111100101111001011100111110111111111000100101110110111111100111111011011011011101111111101001111000111101101111111101111111000010001000010101111111
000111001000111111110111010111011111111101011100011111010111001111000101110011011011111111010010101000111111011101101101111110100011101101110111101011110111011111111101111111111001111101010110111111
110100110111001000011001001010101110001010110100001101101110101011111111111110111000100111111010111000111110010010100011110110111001101010110101010001110011100101111100011110010101111101110111111111
010111111111111011110110101001100010110110111001011100101111100110111110111000111110111111111111010000011111010111100111101111101011001111111101101101111100100011011110101011101011010111010101110101
110101100111110011000010101111011110111001111111001101111111001111110101110101010101001111111010111110001101011110110111111011110000111110111111111101101101111111000000111010101011111011111100011110
111111110000110010101111111000101110001111011111000110110110011110111101110011111101011101110111111111001001111111101101001011110101111111110111011001101111011111111110010111111111111101011001111111
110111001110110101011111111001111111111110101010100111110111011100101111111110010011011001111011011111110011110111111000010100110011011111111101111111111011011111011111000001011011111111110111101111
010010111111101010110100111100111111111100110101111011111101010111111010111100110010011100011101111111100010111111111111111101101011001100101111011111101110111011111111011101110000111001000101110100
011000010011011010010111111000110111101111110001111011101110011011111110011111111111111010111011011111001101101101011101011011111111001111001110111110110100111101111100011111111001011001111011100010
010110111001011011111110011101100100111110111011011101101011111111111110111101101111111111100111111101111010111111110110100111010111111100101111111110011111110111110101110011111111101100111111100111
110001110111111100101110010000111000111101100110111111011111111101111111101001111011000111111111101000011111001111111101011100101111011001111111001101101011110111111000111011010110111111110111100110
110111101011110111101111100111111101100110111110111011101111011100111111010111101101001010111111100111111101001111111110110110111111000101111101111111100101001110011111111110111111011101101110010111
001011011111100111101110111100110011111101011111011111000010111100000101001111010101110101110100110100110111110010110001001100100100110111010111001111001011111110110101111100111111110111101111101100
101101110010111100101111010111111111111011110000011001011110111111011111111111111111011101111110101101111111110010111111110101111111111101100111101110000101111001111110100001110100011110101111111100
110110111111011111011111010011111111111111101111001101110110000110101111111011011110101011100111011011111101111100111011110011110111011111110111111111111111111011100000011111111111111011100011011100
010101011111010110101010101111110100110111011011000111111110100111000110101101111001110110011111111101011111110000110001101001101111011111111110111001111111001111110111000111101111110011111110011111
101000011011111100110100010111110011110111110001011101111110101001101101111111001011111111101111111111111101111111010111111101111110110101111111000100111101000111010100001010111110111010100110001001
111111101001110101100010111011111111011110010111111111111111010011110011110110111111111001001111111000101111111111101111110101110111111011001101000111111011111010011100101111101111111101100111000101
111110010111111111111011001000111111110111111110000111101111111001111101110101111001010101110110111100011110110110010011101010101111101111101010101011111001011111101110110110110011111110011011010101
000000111110111101101111111101101011100010111011111001100000001111110110010101011011011100111111100101110111110100110010111111101111101011011111111110000011110110011111110111111101111111111110111101
111100101111111001111100111111110111011010110111100111110111111000111110110101111101011011011110111011100101010110111101001011101111010101011111111111100111010011101011011110010110101101111110010111
010100101111010101110111101010111111010011100010111110111110011111111111011101111100011100011011011111110110101111111010101111110111100000101111110101011101011010011100111111001101010011011101100101
101111001100111110101011111101111100111110011111010110111111110101101001100011111110001111011101100111100101010111111101011010011001111001111011000110111110111110100001111001111001111001100111100100
111110110101111110101010110101101010111110110110110111110101111111111111110111110111101111111101011110101110110110110100100001111101111011010110100011110100010110101111010000101011110101111011101001
111101111111000111111110111101110111011111111111111110110110101111101101111101110010111011110010011101110110101001101111100011001110111110100011010111111111011101111111011011100001111111101101111110
111111011010111110111000010110110100111100101011111111011011011111011111111101111111101101111100000111001101111100110101000011100111101111111111100111101110111001010111100011011111011011111111011111
110111101111001011011010111110111111001100111011111111101111111111110000011000011011001100111111111111110011010010001111101101110100011101110101101001110101101110111011110001010011101010111100010110
111001111011001110100111011001111111111111111000101111011111110011011101111100011110011111110101111001110111000111110111011110110111011101111011100011111110001101101111111101001111101111101111110001
001010110111111111111111000001111101011000011101111111101011011111011110011111010111100101111111110111111110111111111111010111011001110001101011110111110110101111101111110101001011111101101110011110
110010011101101110011101110100101111001011100101000100111011111100001111111011111010011101111100101010111011010110110001110011101110100111110110111111110011101110111100111111010111010101101111100111
011111011111111011111110111000111000101111110111101000111010101011010110111101000111111010111101101011000110110101101110111000110011101101011101011111101110100011011100100111111101111101110110101111
010111100111101111011111010110011110110111101010111111000111100001111111111101000011011110111111011000010011111111111111011111010011110111110011111101111010111101100111110111111011000110111111110111
011011110110111011110111100111110010111111011011101111111000101000101110001111010101111100111111110101001111110111111111001101011101110111011111110011111001011110110111010101101111011111011110111111
111101101010111111100100010110010101011110001110011011110111101011100111110111001111001101011011111111011111110111011111110101101110111111111011111100110100111110111001101111010111111111010111111001
101101011111011110010110110101110101010110101011011111011010111100111110110111011101110111100001111110110001001100111101111100111111011110100110111111111011111100110000110011111100011101001001010010
111011111110110100111111111111101111101100111101010010111101110111011011011111111111110011001100001000111001101111110010111011100111101111101011111111010111111001111110110111111111010101101011111111
111111111011111001011100001110100111110011010011011110010010111101111111101111111010110011010111101111111111100111011100111111001001110011000011101011111111111101111011111100110110010010100000111111
111111111111111000101101111110111111000010101111011111111011111101110111111111010011111100001111111101111111011111101010001111011111110010101000111100011111111110101111111010011111011011111101111011
110111101010111111111111110000010101011110111011010111100110111111110111011110101111010111111110101011111010001011011100011100010111111101110111101110001111101001111010001110111001001010011110111101
011101010101010011111111111111111101101110010011111110110011110111101110001101111111111111011111101101011010111111111110110111111111011010111010111110011101010111111011010110111111110111101101111000
111110100010101011111111111111010101111111111010111110111111001111111101111111110111111001111110111111111101110111101001101111110101110111011111001111100110111111001110011011111111110110101111100100
111101001011111111100100011111010100011111111101111110011111011100100011101111110111111011101110100111111000111011100110110111011111000011100011011111011011101111111111010001111011011101001011001111
011111010101101101011111110111110110110111010100111010101001111101011111101011111011110011101101101001101111110001111111100101101011010101100111101111100010111110101001111111100111011011111111101000
111100010111111000111101001011111011101110101101101010110111101110001110111101110011101101011100100111111111111111110111010110011010100010101011101111001011110110111111111101110110111101110111000110
000110011011110011100010110001110110011111111110011110100111110011011000010100101111011010010111000100110111101111101111111101110111111011111101111001100110111111111111001011111110111100010010111111
001011111111100111110011111100011010110100111011110111111011111111111111111001111111100001111100011111111101111110110111101111101111011010111110101110111100111100100111111101110110111011111110101110
100000010011110110110101011111101001100011000101001011111111110101110111110101111110111001111000011101101011010111001111010111110111111111001111011010110111101111100111001111101110110110111111000101
110110111010001101110101011010001111111110100111111110111010110101011011011101111101111111110111111010111111010011000111001000111111110101010010101001010110001110111111111110110000111111101000111010
111111101110110011101001101110010101111100001110011001011111011010001000111111011110101000001111001101111111111111001110000010011101111111111111110001110100110011111111101111011111001111100010110110
111001111110100001011011110011110111111010101010111111101111011001111111110010011011110101110011110001101111111110110111101100111101110111111101000010110100101110101111111001101000110111111011101110
111110110100001101110101111101110110010101101110100010001110011111111000101111111111101000101101100100001111011110011110111101111010111011111101100100100110010001100001011111011111111110110111011011
100001110101000111111101101110100011111101111111001111111101010100010101010100101111111010010100010111111100111011011011011111111110111000111110011000101100110101110010111010011111111001111001011001
111110111101001111000111111111111010110111101111110111010111100111101110111111110100000111011111111111111110110011111010111111111111101000101011101111010011110111110010111010011110111101111111101001
110110111101101001111111101101111111111100110100110011011100010111011011111100111101010110111111011111001011000011111001111011110111111101010001111100100010011111110110101111110111100011011000010100
101111011011111111100101010011001111111011110111111101111101111101001011101101011111001101111100111001111101101011111001101101001110101111010101000001000101101111110111111111110111011001110101011011
111011011101010011011111011111011110110110011100111100101011011101111101101001111111101111010100111101110111010111100011111111101001011111100011111111001011100010010100111001101010111111111010111110
111000001110100111100111110110100101101110001101111111001001100010101010110100011011111011110110010110011101101011010110101101111100111110111110110010110100111010111001001011011110011010001111111101
001011010011011011001110111111110110111111010111111110101111111111111111101111110011011011100001101110111001111111111111001010010010111111010100100000101100101110100111110111010111110111001101000011
101011111111101111011111100000111101011011111111101100001111011111011011010010111101111101111111111011100111101110010100100110111101111110111111101101101111010101010110111101010111000000110011111110
110101111111111111110111110001100111011110111011110110011101101101011111111001111101001011110001000100111111101110011111111100000111111101101111001011110010101111100000011111011101011111011111101111
111110000110010111101110110110111101010111101100110110101010111101010110101101111101001110111111101100111110011111011001101111110111111110111011110100011011010010110110100010110111101010110101101111
110100010011100011111011010101111111100111100110011111111010100101101111111000100010111011110011111110111011111001101100111011110111101101111111110101111001110010111101100011111011000111111111101111
100111011111100111111111011011110010101000111001101100000110111101111101011100111000111110011101011101111101111011111111110010111011000101111110111100111111011100010011010111101011011011111111101001
101111101110111011110101100110101111111011000111110101110110111010000010111010110111111010101011111111111111100111101010001101101100011011110010101011111000110000010101101001100111011111001100011001
111110111101100111100111000101011111010001111110100111101001101111111111011000010110101010111111001110010111101111001010111011110111111111011111111111111011011100010111110111010110101101100111111111
001011111110011001111111000111111111010010011111101110111111111010101001010111111000101001111111101111011111111101110101001110011011111011010110011001111110101111101110111111110101111111111011110111
100111111100011111000111111101111110101111100111111111011111100101011110001111000111101101111111111111011110110100011111011011111001011111111110011100000010000100010111111111011011110011110110001111
111101101111000011111101100101101111111111011011111111100100100111111111110010000101111110010001111111011111011101111101011101111110010100110111111100011101101101111011011111010111111110001100101100
001110001110110001111101100110111011010111110101010111110000100010011000111111111111001011011001110001011100010101001110011111100110011111110111111101111001101010111100011000101001011000101111101101
111110010000011111110111111001011101111111010101101010001000011110111111110101011110111111111100111100001101011001000110111111100111001101011111111110001011000111101100111111001110010111111110011111
001001110101000001111001000111101101111011111100110010101001010011001010111111101011111011011101111101100001111100011101100111111101111100001101011101111101101101111001010101010110011110001001111111
111011111010101111111110101000101001110111101110011011000110101110011101111100011111100100111010001110110111111010001111111011110110111101111101010111101101110010111111100001110101101000110111101001
101110111011011010110111110001110101111111111111111001110111111011110111001111111001111010111110111111100110111010110011101001010001001110101111111111111110110001011111000011111110111111111111100111
111111101111100111001111011111111100111011110001111101111101111010101011011101110111110111110100101110010110011011011111000001111111011011001101111010011001110010111101100011111100111010001110111111
011101111011010110110110101111111101010001101111111111100111011111110111111111001111101111101111101111110011110011111111001100011101110111101010111011111011011110111101001101111101111101111111110111
011111101101111110100100011101100101010111010111101011011010010011011001111111111101101111101111101101011111100111010101101111111111110000111111101110011111110111111101111110100111101001100001111100
011111100100010011110100110100111011001001111110111110111100011110010111111111010111111101010110100101110111011111111100111000001110111011111111110100011100001111010010011111010111101000111111110111
011111111010110111111000010011111000111101011101011111111010111110011100111001110011110111111110110110011111111110101110100110011101111111110111011011111011111100111100111110100111101011110101111111
101100011011111111101100101011111100111010001101111111111111100100100110111101101111101111111111010101111011011011110101110101101110110111110010101111100110010110001011001110000111111010111111011100
100111011111111011011111010111011101011100011001111111110101111110111101011110110111001011110100000010010001111111110111000101011011111101101111101011111011111001110101111111111010111011110111110101
111000100111101111101110011000011111111011110011111101011011101001111111110111110110011011110110111001111001111011111010010111110111011101111111101011111111101111101101101001111100111111111111111110
111111001011110000111101001100000001111001011110101111110011111011001011011101100101010011111110110111111011011011011101111111111111010111111000001011011001111111011110010011111000101001111110010011
010111111011110110101110111111101011111110100011110111111101110111110111110110111110101111110111010110111101101011111110111011101001000001100111110111110101001000111100011111111111011101101110000111
111100000111011111110010101000110110101111111101111110001111100100111100011111011110110111101000110111111110111111111101111100111011111101111111110111101111010011011111101110001110101111111101001001
011111101111000010101111101110011111100110111010111110011111101110110110100001111111011111111010101110111111110110111110101111101011100110011111011011101110011011110110111111111111110011110011100111
011010111001111100100101011111111101111011110111111110001111111110011100110100111101111100111111110111011001111100011110011001111111110001110110111110100101010101110101101010000010110011011111011111
111110111101101111000101110111111111100110110111111110100100110110111010111010110101111010101111010001101000101111101101001111000111001111101001111110010111011111011101101100011110011100110100110111
111011110011001001110100111011110100110111111100111111001111101110101111110010111111001011101110010111111110111011010111111101111011110101011101011101111101010111111001001011010111111100101100100111
111110110110011111010010110111111110010010101111110001010011111111101111011000110101111010000011010010101011111111110110111111111100011101101101111111101100101110111011011011111111111011001111010111
100111011010010111111101101110101111010011101011111111011010010100101111101010110101010001011111011111111011100001001111010110001111000110001111100111111100111110011001011010111111011110000011111111
010010101101011110100101011110000111101111111101111111011111011111110101110101111001010001111111100000110011011101001111011111110110110111111001110101110111010111010111101110101011110101100111110101
111111100111111110111111111011000100101101111110101001110101111011110101011000101001000100010110111111101101111101110111101111111111000111101101100010101011011111101111011110111111110111101001101111
011011010001100100110100010101110111111111001001110100101010011111111101111111111011110011011101000110001011111111111110110101111111010010111111101110100110110110111011011110101111101100111001111110
011111111100111011101111111111010110110100000110011111010111010011101001010110111111111011001111101011011111101110011001111101010101110101111100100111101011111110110010111011111110011100111110101010
111110111111110111111011110111111001011111110010111101111111111111100010000000110010111111101101111111011111101100000101111001011111011111101011011100100110111110110110111111110110001011011111010111
000101011111011010111111100101011000011011110111011011111110011010101011111111010101001110011011101111110100010111001110001111100111111111000010011011011110100001110001100111111111000110111010101000
110111011110111101110001011011011111111010111111111011010110110111111001101111011100101101001011101110111000001111100100011100101011011111011011010111101110111111101111110101011010010100010111010101
111101011110101101110111011011110101110001111111111110011011111111101100111111111111110100101111111111111101111111011111101110111110011010110111101100010110111100111111101111111110101111111110101010
000111111011111111010001101111010001101001111111110110011100110111011101111111111110110010111100011110111011110001000010001110111110111100010111011110001101111100111001101110110011101111110111100101
011111110111111111001100001110111111111110011110001110011001101001010101101111101000101001111001111111011001010001111111010101011111011110010010100011101011011111111011111110110101111111111100101010
