0010110111111111010110111111111111111111101111011111011111101011110100111011010101010001101011100011110010001110111100001010
0001110001101111111111101111111111001101011110111110111111101100011110101101111111011111111111110001110111011111111101001101
1001010011011110101110011101111010101101110011011111011111101100110110111111011111101001111011011111101111010110110101100101
0110110111110111111111101111101001111010111111111110101111110011011111011101101011111011111001011111101110010110101100001011
1101011011111110100101111101101111111001110111110111111101111110011111110000111001110111111111110010100101111011110111011100
1111101011110001101001111011110110100000101011000111101011110111011111101011011111111111101000111110101111110001111101110011
0000110011010101011101110100111010011110011110111111110110101111111111111001001010011100111111110111110111100101111110110000
1001000011011001110011111110010111101001111101001111111100100100110110111101101111001011011101110110110001011111001011011111
1011111100110001110111111111010111010100011101010001101111010111111101111101000101111011110110111011111101010111011110011101
1111111100110011101100001111110101110111011111011011111111011111101001011100111111100011111100010110111100111110111001101111
1101110011001110110001101111110011111101111110011101111111000111111001011111101100111110111100111100111011101101101101010101
1011111111001110111111111110100010111101111110110100111101110110111101110101001011001110100111111101111101111111111101010101
1110100100110001101110011100111110010111010001111101100011011111111111001011111100110001101110111100101101111001100110011011
1111101000110011110101110110111011001010101101110101011011110010111011101111101111111001111110011111111111001101100101101111
1111100001110100001011011110011011011101101111111110101101110111101111111110111111100101011111100110111011111111010111111110
1101011111001100111110111011011011111111111111111011111010111011111110111101011111101111101101101001110001100111100111101111
0111110111111101011110011011111101011101111111110000001111101110111001111111110001011100111101101110111010110101101111100010
1101001110110101101000110001101110110111101011111010111000010111110101111110111111101011111111101001111011010011110110110111
0111011001011011110101011101111110111111110111110111101111100101100101010010111111101101101010011100111101110101110101110101
1111101011011101101010110001000010010111110110011011011110111111111011101010101101011111111010110111101111110011101111001111
1111000110011011100101110011100011111100111001010110111011111010111010101111110110111110001100110101110111011011001101111111
0101111110110110001010110110110101100111110101011100110011110101111011011111111111101111100111111011111110111101111111111011
1101111110110101010111011111010011011010101111111010110101101110101111001101011000110111111110111011101111011011011101001011
1010111110011111111111101101101101111000011110011011011010011111010101110111111011011110101111111110111101100111111111111101
1111110111111011101000110110111111101011011001010111001111111001101010101000101111101110111101101110001111010100101111101101
1111101111111110001001111011101110101011000110111101111011001011011111101101010110101111110100111111110110111001101111101110
1101010111110111100011101101111110010101111110010110011111101111011101101110111111111011011111110000010111010111010101000101
1111110011100001111110110110110101101110111111011111111011111111101110001111100011110001110111011101111101011101110011101001
1111111001111100111011011111011111100111111111111100111010100001101101110111100111111111111011001011101111101101101011111111
1110011111101111101001101011101111100110110111110101011110001101111111011101101110110111011111010111111001000011101111111011
1111101000001111111000011110110111000110011111011100111110100110111111010111101001111101111111110011111101111110101111101111
1100110111001000111001011111111001011011110111111111110110101111100011011111110110111110111110011111111110000011100101111110
1110111110111111011110101110111001110111111111111111011010001110011011111011110001111011011111111100010111110110011111000011
1101100111100111100011111001111110111111111111101011111111111111101000011101100111110101101010111010111110011001010111101101
1011110101110001011011011101110011010011011110010111111100101010110001110111111111111001111111100111110101011111111010111100
1001101011111011111110110010000111101010110011111011101111000111111111111010011111111110000001011110110110101111111101100111
1111101100110111101010111101000101010101111101101111110111000111001010011001011001111111110110011111110101101010111111100001
1110001011111011111111000011111011001000100010001111100010101110100111111100111111111000011111111011110101111111111101101111
1001001001001101011101101101111111110001101101111011111111011001111011100011011011111110011110101001110110011001011110101111
1110100101111011111101001110100111101010111111111111100101111110011111110110111010001001111101101111011111101011111101011111
1011110100110111111111100011110111011111001111001110010010110011101111101111100111111011001101011110110111110100010110001010
0111101111111001101111011011111111111001001111111110010111111111111010101110111111011111111111011110111110011011101110110010
1101011111110111110010111011101011101011110101111111111101111111011111111010101111010111111011001101111000101111111110001011
1101101111110111101101110111111111101011111001010110101111011000001001011110111111110110101010110111111110111111101101101101
1111111001110011111100110111111111110101110000011111101110011010111111010111111001000011101101110111011110111110011111111110
1011110111001111111011101001111111011011111100100111100011101111111111100011111111111111001011011111011111001111011101111111
0101101000011111111000100100110111011011011001010111011011110110011011110001101101111110111001111101101111011111111101111100
1111101011111111111111111111111110110011011110101110111110111111110001110001101100111011001010111101011111011100111111011110
1111001101101011010101110101101111011111111010010010011011110110010011100110001011111011101111111111111110111111101011110011
1111111100111110001011001111111110101101111111110001101111100111010111101011010111111111111101111111111111010101101110001101
1111111101000011011110111011000111111111111111111001001011110001001011111110111101011110100111101001011011111001010010010110
1010111111101101001100011101010111111111001011100110011101111110001111111101101101010111100111011011111010111011011111101101
0101111111111011011011100101101101111111001111010100011101001111110010110011111011111111010010111111101111011111111111101110
1110101101110101010111110111111111101010111000111001101101101101010111110101111100111101100101011011111100110101110100001110
1111110111110111111110011111111011110010001110111111110001111111101110111000001101111001100111011111000111111110011111011010
1111101111110010101100101010011101111011011110010101110001110001111001011100111111011110111011011111001001011111111011111001
1111011011101101101111011111111111011110110111111110000000010101011111011001001101111011011111111111011001111111010110011111
1111110011111110101011101111000001011011011101101111111100101001111111100101010011111100011100111100011001101011101011101110
1111111100010111101111101011101101100101111001111111011101001011111111011100111001111110101110101011010111111001111011110010
0001110011011111010111011001000001000011111110111011001110001111101011011110111111111110101111111110110101110011101011110111
1110101001001001100110111111010111100111011111010001111001110000011101110010111001101100111000110100111001110001101110111111
0110111111111010111101110011011111011101011001111101111010010010101101110101011100100000111110110110110111101010101010011010
1001111011111111110110110111001111111101111011111101101000110101101111111101001011011011110111111001100111111111011000000000
1001011011101011011101011111110101011010111001010110111111110010111111010111011001100100111001011110100011111111111001111111
1010001111111111111111101001111101110110110011010000101101110111011010101111111001110111011000111111010110100011000110111010
1111111110111101110111010110011010110011011011111100110111101001100010011111111110110111110001111101111100001111001111111001
0101111011111111100111101111111011011011111111100011001111111111100111111110111111111001001111111111000001001111101001111011
1111111110011011011000110111111000010101101011000101011011101111001011101011010110111111001111001111100011111001111111111101
0111111100001111000111101101011110011111111011101111111011110011111101100101011111111100001011111110101010111111111001111111
0001111011111110111101110110111110110111101111111111010111111111001110100001111111111101101101011111011011101011101011100111
1110111110010111110110011110100010110111111001111111111001001110101111010011011101110101010001111011011111110111011111111111
1011101111110011111001010000111111111101001110110011111110111111011000101011110001110101011111111010110011111011111111100001
1111011111101111110111101111010111011100111100000111001110110010111100010111110101101111101111111111010011100111110111100111
0111000111110111110011110111111101100101110110001011010101110111111010001011101011101110100011110101111101111110011110111001
1010010000101110111111010011101110110011111111001110100000011001111100111101101001010110011111111101010110111111001101011000
1111011110111101100011110101111111101010100011110101110011000111110111111110111110010101001111000111100111100110101011111101
0101100101101110111111011011111111100101111111110011110100111000111001011111011011110110011110101111101010111111101011000111
1110110001001011111011110110000110111111010111000110110101111101111111111001101111110100111100101101011101111011101010101110
0111111101111111011101111010011000111111011111111011111110111111111011100111110110111110011110111110111110111111110111111110
1110010111101111011111001110110101110100111101110111011110010100011111101001011011111100001101111110011101010010111010011111
0111011101010111011011011111110101110111111101001100100101010010011111000101111100101111011010110101111110100110101101111111
1111110111010111111101011011101011111110111111101111101111111011101011111110110100110111011001111101101110111100011111011110
0011110011101111011011101111111111111110100101111100111011111101111111111100111111011110101101110101111111101111010100110111
1101111010101100100110110011111111111110111101111111111111110010111111110011111101101010111111011101011001111101110111001001
0111011110110101111111011110101110111111110001111110111111111010001111001100001110110100111011111101001111011110110111010101
0100111000110011101111111100111101011010011101100111110101111001110111111111111111101001110000111110100110111101111110100001
0101110111110001010111111110110110011010111111111111100110110010110100001110101011110001101111110100110010100110111011101000
1111110111001111011101100111111011101001111011011101111010000010111101111001000011000110101111101011111110011100011011100111
1111111011111101111101111101101101101001011110101111011100111111010001001100010000111111010111001110111010110111010101101010
0111101111100110110100101111111110101111011000100100100111001111110000110010111011011100100111101110111111110101111111100111
1111111101101111111110111010111111100111111111111100000111111101101111011011111111111011000111011011111111000111110111100110
0100101111111111110011111111011110101111110010001111011011110110001101011011111100110011111011111111101100111011100011111111
1110101010011110011101110011111111101110011101011011101110110110001110011111101010011011111100011111011010010000101101001011
1111101100010011110001011011111010110101111011101111011110010011011111111111000101111011111100011111111111111111111011111111
1100111110111011110111111110001011100111000110111110100011111110111010111110111111101111010100011011010101101011111001101010
0111111111111100001111110111011111011100110111111101111111011111111011111110001111111110001111101111110111010001101100111111
0011010010111101111001111101100111011111111001111111111111110011111111111010111101011101111111110100010101011111110110101111
0011011101111110101110011101010110111001111111111100101111011101111111001111111111111110110111011011011011001111100001101100
1011111111000110100101111100111101111101110111001101111110110101101111111001101100000101111111110101111110001111111111011111
1111001010010101010111100101111100101111001111111111111110100010111101101111110011111001001111110110101111110011101111100111
1111111111111111111111110101111101111110111100101101110000011111010110010101101011100111111101010011000111100100111011111011
1100001111110111111011010111011111111111111111011111010011111100110001111110011110110011111011111110001111111111110010111010
0011010011111110111101111001111101000001011111111111110111001000010011100100111111111001111111000111010011010001101111000110
0111111011011100001111111111101111111111110111111100111000110110110000100111011111101101011101111011110011011000101111110111
1111011000100110110111101110100111010011110111111111101000100111100111111011101011101111111011010111111101110011011100000110
0110111110111111011110111011111010101101100001110110101111111111001101111101010100111000011001111101111110100100111110001001
0000111001111011101101010100101010011101101110001011011011111111100111111111111011110110110101100001110011010101101111111111
0111110111011010111111101111001011100110110110111111111110111011000110110110111101011101110111011001011110101101001110011011
1100100101111110000011100101101001111111011111111011101111100111011111010110111001111101000101101110010100010101011111110011
1111001111110111101001011011101010110100101111111100111110000011011010101111101011111111111001001110110001111011111110111110
1111100111010011010110110010011110111101011111101001101111010111111011111111111110101010101101101111010010000100001110111111
0100111110111111111111110111110101110111011101101111110111111011111111111010111000110100111101111111011010111100100111001110
1111111001111101111101011101111100111101011100111100110101111101001111011001111110011110011111111111111101100101010001111111
1110111011010010011001110011000011111111101011110011111110100011000110111100001101111111111001101010110011001100100110111011
1101011111110000100111111100111010111111011111111101101101111111011111110111110111000111010011110011101111111110000111001001
1111111010111111111111111110011111011111111111110101111010001000110100111110001011111100111010011011001111111111011000111110
0000101110001011110101011101111011101010111010011111101111111100110101111101111101011111011101001011111101111111011001001101
0110110101110111101111111111111111011101000111111001101101110001011111111011101011011011111111100111101100101001101010101110
0010011001000111111011011101111101111110010111101001100101111001111111111101011010100111111101111101110100101110110101011111
0000111110111010011011010000110100100001010011111010001110111101111110100111001111101000000101010010110100111110110100100111
1101100111001111000111111101111101100111101111110101111111001101111110100111011111010010100111111110110001110111111111100011
0110100111110111011110011110101101110111000111110111110011011001000111101001111111101001011101011111001110100111100111110011
1001010101001111110111100100111110010111111011011010111011111101101011101000111111100001111111111011111110111111110101111100
0111010111111101011111111011111011011111001101001101000110011001011111111101100110111101010111011011100101111010111010111100
