001001101111110011111011101000111110101110011000111101101110111011111110111001101011010110001111011110100110000101111000101110001111001111110110001010101001000101111010011111100011011011
000111011011111011001101010101110111100011111110001011100011111011010111101110001001010111101100111001001001100111110110011101111011111100111101000001101101110010011011100110101100110100
100101000110011111111111110110111110101101011100011110110100110111011110100111101101111101011111110011000100110110101110011001010111110010111101000111110000100101110101101011011001110110
011010111111000111000110010110111100011110011000110001111010101101101110100001111000100110110000110100111011100101010011001000111110100101101101110011011111110010110000101001111101011101
010101110010110101111111111010110111110111111110011110001001110100111011001011001111000101111010011110011001001111011011111111010010010011001101001110100100001011001111011110001111110111
111010000000000101111111111110101011110011111001011011101011101100111111100101011111100010101011110110110111101010000011011010010111111000010111100001011100100011011111011101011111101001
100110001100111111001011011011000111111111111101001011101110111111011101110111111111101011111001001100100011001011011100111100110101010110101111001111011100111101110001110110100111011101
010110001111100000110111111101110111110101101110001000110110011101111111110111111111111101101010000000011111000011110001011011111100010011011111000010011001011011110100011111101000000010
110100110011101101101000110111110101010100011111011111011100111101110100111111000101101011001010010101101101011101011110011110111110111111011111011111011101111010000011011111010111001110
101100110000011110110110110101111101100101111100010111101100101011101100011100111010011101110110101000011101011101111111110010010101111000110011111100101100001110011101101100100001011110
111110011000001001110110101101101111001011101000110011110011111000000001110011101100100101111011011111100111011010111111110001011011111111000011011010011110111010011011101111100011111011
110100011000101100001111000111001110100111101110011010110101000111000100011111110110111010010010111101110110100111011111100111011110001111010000111101101111011010110010111110101011101000
110010111001001111101011010101110101101000110011000110001111111101110111111101101110100111110111110110111101011101111110011110111110110111101011110001011010100111001111110111110101010101
111010100100001101110010111011011111100111001011011101011111101100111110111110111000110110101000111010010000100011111110111110111000111010001011011010010011001110101100101111100001111011
011000101111110010111110011100010101101101000111110111111011110110110001111111111100001011101101010001110011100001011010001100111011101011000000111111011010011011111011111010001111011111
001111101101110000101110101100111110011110111100101011001110101011110101001111001001111011001111000110101011110110000110011110011110100111100111011011001100101111011101110000111110110101
111100100100101001011110101111000111100011001111101100100011100011111111010010110101011000101011000110110101001000111000111110111110110111001100010110010010101111111111001111001101001100
111111101010110010001010010111110001111101111100011111110011010001011101100110010110111000001001100000011110001001100010101111010111111001111010101110111000011111101111111111110010110111
101011011110111100000001111110010010111101101011111111111101101011001010001001111000110111101111011010110000001101011101110010010110010011010101001110011111110111011111001111110111011101
101011010110011010001110010101110110011011110101001011111111111111110110110100110010111110111101111011111011001110110110100011001111101011001110110011100001110110010110101111111101011100
111011101001101111010111010011101101110110111100100001110101101111010011000011011011111111100010010000001111011001100111101101111110100111011110010001011101010110010011100111110001010101
011111010111001110011001111011001100111010011100111011010101101010110110001000011101000111111111010010011011000110011011101110100111111111100111100101111011101001111111000111101010011111
101111110111111111011001101101111011111101111100111000111010101111110111010101001010001110001111011101101100111011010011100001000111111101111001110101011111010011111001100000011011101010
111011110001100000101110010111101000010110001101111001111011001111011101001111010110111110011111011110011001111101001110011100000011110011101011111100101100101011110010011110101111101101
101011011110010110100110000011101000000100101111111111001010001101010011010111101111101101110111010100011101110111011010111100111010111000011010001011101101101110011011101100111110001001
011111111100111001111101001000111010001000100101101011000100001110010011100100110011011111011011011100101101101101010111101011111101000111111000111001011011000001100111111101010001011101
100011110010011110100110010111101111110011101000011100110011101011010100001110111011110100110101101100011110111111111110001100011011101101011100110111111110111110000001000000110010111000
011101011111101111110011001010110110010011110101011101111010111101011000101110011101100000110111000011010001111111101001000101010111110111101001001011100111011111010001111001101011100010
001111101001010011101101101101101111111000111001110110110001011011101010001101111011110101110111110100100111100011011001001101000011101111101001010111010101000011110110111111111100110100
010000111111110011011111101010011100001110111000111001110000011111011111111101110011010111101111011100010010111111111000000100111101110100111010001110111101101111010101001110110111001110
111111011110100101011011111110000001011101111111010101010000111110001101001110100010110101001010111011010110011111010111111011010100110011011111100111000011101111110110100111111110001111
111110011100111101110010010101000111001111110001001000011010010111001011110110110100110110001110000110111010001101110111011010101010111000110011101111001100110111111101011100011001110101
101101000111010100001111111011000110110000011111011011001011111011111000100100111011001110110100100100101001100001111110100100110011011000110101110100101111110111111111110111110111100010
111110111111111110011100001111011010110011001100001011000011111110110001110101110101010101110011011110111101100000110000101110001101010100111001111001010111011101111101111011110001111011
111011110011010110110010011110011100011100001111100110110100111000111011011111100001111111011110011011101010101000111011100101011000111100010110011110111001101010111101010101110011110100
010011111110111011001010001010110000010110111001100011110001010100001011001101101110111011011111100011111101101011111001111110101111001111001001101101101111111011001100010110110100110100
111011110101111011101110001010001100001111001010011100001010110001011111110111111100001111011011001010011110111101110001011001001000111011101010101101101110101101001111110100011010101110
000111111000000101111111001110101111000111001101110110111000101110111011011010001111000110110110101111010011111011011110101110011100001110110111011001100110111110101100110000111010100011
101100100010101101110110010011110010100001011110111100111010110101001110111110111101101001111101111101111001010101011110010101011101011010010010001101101111011111111011110101011111101101
101110111101011101101011100001110011110010111110111010101000101100010010001111110100101111111110011011011010101110111110000011111101111111101110011010011001010111111001111011101110100111
110111100011010110011101001101010101110101001011011101101010111101100011011111010011111101011000000111101110101111010111111111111100101111111000011011001010111111011111100110010110011010
011011110111011011110010001100110100111010110111111111001011001101101101110111101011011111101101110001101101011101100011101001110111111011111111010000101101111011001111001011101000101111
010011110111100101111010111111110001000101001011011001111110111001001101011110111001100011101110000010111011011110101100100110100000111111101110100011111111110101101101110110110010110110
111111101100100101011110000111111001001101001010111011011100000111100110111110011110110100111101100110011110100101110011111001111110100110001101110010001111110111111111101111010111111010
111111111111010111101111101011101111111110110011010001101111100110110001101101110011111000001101110110011101010001000101110000010010011001010111100100111100111000100011111001011101001100
011010111101001111011111110100101110011101000010010111010110010111001001110011101011111010000010011110010101011010101111110111100011101111111110000000001001011011000101100101011000101110
010010011001111010100000100000101010101111111101111111001010011011011111010100101111011110101101111001000110111001111111100111001110110100111111000111111001101011010111011000011011111110
000001101000111010110001110110111011010011101010001100101110100111010001101101011111110011111011110001000110011101001101011100111101011111111111110110000100011100001111010111101011101001
100100000010001110101111110011000011011101010010011000111100101100101110010111000100000101100111001111011110011101001111001011111010101110000100011000100111101111110110101011110000100100
101111001111011001100111101111101000111111111110101110111010000011110001111101001011101111101000111000110111001111110001100111011100110001111010111101110111110011110110110010111111110011
111011111001010111110111111101011100101111110011110011001011010011010110001000101010111000110000110011111101110110111110010100101101101011011001111001011101110101011111011010111111101110
101010001100111011100000101110100010111011000111010011101111010101100011100111111101100111000101000111100111010010001011111111111110011110000111111110011110110111001010101000111010111011
011011101111101101110100110010001111010101010110011100011110101111101101110110000101111101110100111001110110000000010101111010111011010111111101010001001101010100000010111011011101111111
110101101110011101111101110101101101000011111110001100111110111011111010110111010010110011110101000111010001100000010101111011010011001110101110110111001001110111010010111011110011111110
111101110111001011111011001111000011011110101001110101001111011101001100001111010011010011100110111011111011101111111111111011100011000111111011111101011000001101010110101101101011010011
001100011011011001111111001111110011011000110100110011000100010101111100100111000111000000100110111101101110111011100110101011101111111101011101101101101010001011100111011101110100011001
100111101100111100110011100100011000111111111011111111100010010001011101101011001010011100111101001100000001101011111101001000010111111111010111110110110010010110010101101110111101000001
101000111101110100111100010000000010000000111101100111110001111011010101100101110011101111011111100000110100001101111110111000101101011000000111101110111001110111111001101010110101111111
110101110010111111010011101100011100101011101111011111101000111110000111110101100011001011101011110110011110111011001101110110111011001110011101111111001100101111111110111011001010000110
010011000011111011111101001010001101000001001000001100100100111101110011001111111111011101101111110111101110010001111010111111111110010101000111010100001100111010101101111111000000111101
111111101110111110111110001100101110111110101001100011000111010001101010011011011101110111011011111001011001101101000011100110111110110111101111111000111001011111001111101111100001011111
111010111010101001010000000111111111101010100110001101111111100110111110101011101001110111000000101011111100011111110101101100101011001111010101011100110011110011100001101101111100110000
110101111110110100111111111111101110010111100010100011100111000110100110110101001101111111011111110010101111101100110001011101001111100111001111111111101011111011011101011101101111101110
001111111001111000011011110101110101011111011101100110110011011011111110101000110110101101010000001100101011001010100101110011011001111100110000111101101100110111111111111110011001110011
111000100101001110111111011011111100010000011111011011000110011100111011111100010111010101011011111011111011111111110101110010111111001101101001010100100011000000011001011111101101101111
111100111101100111111011101111011000101011110111011111111101100100111111111101110011111100010111011100011111111101011110100111111100011101011100110011111111111111011010100110010101101100
100111011100111110010110000010001110010011011000110111010001111111010010111001111110010101000111100010001011010000111011100111010001001011111011011001110100101011011010001000010110111110
111011111000111111011111111101001110110100001011011001011101010111101110111011011111110000111110110101010111101011110100011111111110011000111011110100100101111111110111111100000110010010
101111110100010011100001000111111011111001100110100011111000110111010101101011011010000111100010101101010001110011011110111011111000011100110011100100000110101011110100111001111000000100
111101111101110111010111001001100000101001110010101010111110011101011011111111101011111011110011101111111011110010111001000011101011010110110111011001011110111010101110100001000010111101
111111010000110010111110110011010011111110010010101101000011111111110101100010000010110010011101010010010101011110011110110011101011001111101111111100111100010011010111101110111011111011
010011110010101111001011110001110111110011101111010110001111000011001110011011100101011111100111101101100110110100001011000111110101111010110111011100011001001001011011111001011111101110
111101111010111001010000010101011100101001011101010111011110011111111110001100000000111011111101111001111111110000111010100110101101101001111100111111101110000101111111101001110110110110
100000111111111010010010100001010110111011110110110011000010101011110101000110110101011000111110101110100011011110101100101111110100111001111010010111111010011010101100100110110011110111
110010001101111100100101001111100011011110111001011000101001110111111101100110101101110011110111111101101110001011011001001111110110011101111110111110011011101101111010011010101100000001
011001111101111101010011111111111111101111111011110111110111001011000100111011100011110010100011111011011110011111111111110101110011111000101111011100011111011111010111011111111011010001
011010111011011111001001101100110010111111110100100111111001110000011111011100110011001111000111100111110001111011111001100110110110101111111100111110111111111100010001111100010111011011
101111111011101100101011100011000111100111001101110101111111111001111101000100000111001100101111001110111111110110000111010101010010000111001000101101000011001101010100000111101111011000
101100110111111010110000111011111111101101101110001100000111010101100101011110001101110101111011111111110101011011011001011000001001111111010111011011001101011010001101001110110011000110
000101110101011011111101011111011100101110111001000101100101100111111000010010001110101011100111101111010111111100101001011100100111010111011110111100110100010001100000101011011110100011
111111110110111100101110101110001001111001110111011100001001111000111100001000110001111110101110101100111110010011001111100001111111011101001110111100111011111100100110011111100011100001
001011111011101011000101100100010101111100010011100110010001101110110001011001110011100001010000001101111000111111111110111100111101110101111100000100100100110000100111111111110000111100
100011110101100001011011111011101001010011011111011001111111000111111110000111010101101001100101001010011100101001100101011011000011101101011111101111010011011011011000100011000110111010
111011111000000110001100111111001110011011101111010110110111111011010101011111101110110111100000010010010111110111101011011101111011011001001010001011111100111111001111100001111111100101
001101111011110101111001101110110011001110111101011111000100111101010110101100111111001010101100100000001001100100001100010111001100011000111110001011100101111100001011100011111111111011
111000010101010111111001011011110111000011011111001011101001111011110111111100101001001000011001111011111011010111011111010111111110100110001111010111110100010100001010000101011111011110
001000111101001111011011110000001011101111001110011010001111001101000101110011011010110000110110111011011111111000110111111010011011101111100110110101111011111010110011000000011110010011
111110010110110000111111111011111110110111010010110110001101111111101001000011101001000011001110111101011010000110101001011110000010111000101100111110110011101010010000110101011101011010
110101101001111100111111010001011011110101100111010101100110111000001111101110011001100101111111100111000001111110101010100111011100110110011001010110100111111110111010101101101111101100
011010111110101100101100110011100111101111100001110111100111111110101101101010110111000110000101010011100010011001100100101101001110111000111011000011101100101001001111011111100000101111
010111110110111010111100101111001100011101110011111011111011000000011101111101111011101010010111011111001101110110011001101010111101000011001110111111001110101000110110100110110101110110
001110100111100000010101111110001111111110010001001011001100101111010110111000100100011010100101111111001011011010111001101110100111110100101001111001100111110001110111100111111001111101
111011111010011111110111010001110011101111111011010000001111101010010010110001101000110110000110011111101011101100001110000000100110111110111101001011110110100011010001101100010000111011
111000000100101100110111101111011011011101111010100111111101001001110011111011011010101111111001010100111000011110011101001111111100010010111110001011001110110111110011111010111011111000
101011011111100110101111110111110111110100100101100000110111101011111101011111111000001110101001011110110110100110011011101101101010101111110111100101101011111110011101001010110110110111
101001100010101111110111111111000101101001011011100101001111101011100111101111110010010011110110011011100110110111110101101100111000110011000111000110111101111110100101010011101110000100
011101000101110001010000001010101001011001011011011010110111111010111101111110111000111110010000010111110101001100000110100101101011011101001100111100111010001111101111001111111001111111
111111001011111000111111110011100110001101001111011010110011101011010010101100100001011101111111101101100101111110100100111000111111010111010010011101111001111000001111110100010010101100
110010100111010000110011011001100110111100000110110010111000110111001101111101111110011100111011010101111010011101011001100011110000000110101110101011010110001111100001111111111111011101
100111101011100110000011111011011100011010011100100101011011000101011101011011111100000110111110111001111111111011111111011000011010110011101010101110001101110011001111111111111111101110
101011000010110110110101000100110111110110111100101101100011011010100110010111110011011011111011100001110110011010011100000010101111101101001101110100101011111111111111110110110101011110
011000001011001000010010000100100011011111000011101111110001110010011101101110110100011111111001111110111100110111110101011101000100011000111111011011110001010010111101100100111110000010
100101101011101110110010010010011111001011100000011110110101011110000101111011101100010001001111111111001101001011011111100111101010110101001100011111101100111101111010011101000100001100
000111010101111011110101101101110101111100111100111011100110110011011110100111111111011100000110101111001011101110000011010110011111111110111101011010111110011110100011101011110011010010
010110011100100101011111111000011111101111111000101000110011111111100100101101001110111100111100001101110100101111001111101000110011010001111110101111001011000110100011111111001111111111
101001011111100011001010111010100101100011011111111110010111011001010011101101111011001000100011110111101000111100111011111010110111011111101101011110010010011111100111111111100111110011
100101110011001101011100001011110010110110110011110110110011001111110101111101011001011101011011001110010001110010100001110001111100011000001001111011111100001000100001110101111101111011
010111111110101110011101110110001101011001101100011101101000101111111110110011110001111010111000110100110010110011000110010001111011111111000111011010011111011010100011110010111010111100
011101000001011100000011111111001111110110010010001001111010101011011101100011010111101010101011010101011111001001101001111010101000101111111100101001111001101010101110101111000111110111
001000001110100100001011101101100000111001101111101100010011010011101111110111111101011011110101011111000111001100111001111001110111110010010011100100001111001110110110011111001100011110
000011101110100011111011011101110011110111100111110000111110111111010010011110110110001011011100111110111100110111010100100111111110011001111101011111111010001000010101101011110111001110
111110001101100100110101111101110000101111110001111000100100111011000011010101010101110110101111111001011100011000100100111000110001110010011010111110000011010000111011001101100110001110
011011110011010100010110101111100001010110100100011100111010010110011110011111101101010110110111010111111011001001010101110111011101110110000110010110110110010110001101111010110010111111
110110111101111001101011111111111001111011011011110000111111110011011000001110101111010001000001001101101001101010011011001001110111100010111111001100110010110010101011100010110111101010
111000010110110011011000001101011111100101110110011000111101011110110100110110010111001111010001010101000110110100010100011001100101111001101110111011101011011110101110000101011111001111
110110111111111010110110111011111111111110010010011011101101011011111110101110100100011000110111001111100100011011100110110110101010011101111101110110001100100001111010111011101011111101
101010101111111010100101101111001011011100100111101100101111000001101111111110111101110110111110001110101100110001000101010100001000111100100110110101001111110011101111010110011101101111
011000101111110100111001011000111000011110101111101011111110010111011010010101001110111001001101110111101001001110111010001101100001110000101011101011010100111000100110111001011000100101
011111001111111101011111111000111010011111010110101100110101100001101011100101001101011010001010100100111101000001010100101010111001101011111100111011100011100011111001101110100001100001
000111010111000000101110010110110011100011011111110111101010111110100101001111111011011100110111001101111110110011001000111101001010011101101101101001010001111111011001111100100111101100
100010100111010011111110110000101111010011111110010111110111110111101010110110001100001011110011111000101110111110010011010111111010111001101100111111110000111011001101110011001100100110
011011111110110110100001100000110001101010011101001111100111001110011010000101110111111100000000010101010111110110111001101101110011110111101111010110001101000110110011110111101111010011
111111111000111111001101111010110101110011010001100111111101011000011000011000110111001101110111010101001100110101100111010010111011110110101101010111010000110101101110101101101111101100
110010101001111111001101101111001111011010100111011100000011111001110001111111010101110111010111100001110000001010011101110010010111001110101110100110000111110011000011111111101001011000
100011011101110111110100010000110101010110100110110111110011100111111111111010000010111110110100001010110100101010010010101101111101111100000011001110111010011100111101011111000010011111
011010010011000001011010010110100010101111010110110101110001001101111111011101001011110011000110101001100011011011100101110010111111001110111110111011101011000110001111101111110100111010
010100111000111010001100110001011001000111110101101110110111110011011111111110011101010000111111111010101111111101110110111011000011011011100101111011101001101011101011011010010111010011
011111111111111111101000111101101010011111011001110111001011100111111001011111001101011010100101011100011111011111000010111111000111101111111101111100101110111010110011100110101011100111
110100011011111110011000111001010111111110010011111110010111111111011110100000101101111011100111110110110011101010011011101011000100011111110110110100101111101110001111001010111111110001
101101111101100111111110010101100101011111010011011100011101101011010001111010011100110011111100010011010110011011100000000111011011111110110100100001110110100101110111110010110010111001
111111001011101111111111101110011001000001011110100111111011111010010110001111011011011101011010110110111101011001010001111101110101101011011111010001001111111110111001111111010110110110
111001100110001001010111011111001101001101000101001011111110011110100111100100111111001000110000110010011101010111100110011111110110111110110101101100111101110111111011110100010111101010
011101001110111111011111101111110010100111110110111000011000101100000001110110100110011111011011000110110001110111101110111010010111001000101010111111100111101111011110100011011100111000
011011111110110011100111100101111110101101101011010110011101100101011101011100111101100111011101110101111111011110111101111010101101001011100010111110111111100111011110001000111101010011
110001001111011001010110101010011011111111101101101101011110010111111011111110101011101101001010100011010111101000111011100111111111110111101101011010000110001101011111111100111100010111
110100101011100110001110011111000111010110110111100111111011111111001110001011111110011010011010111010110101100010011001011111011101001001011110010111001010101011100000111100110000010110
101010111011111110111101010110100001111111110101101111101010111000100111000011110000011010101111011100010101110111000010011101111111011001100000010111111111110110111001011011011101110000
100110011011101111111111011110100001100111101101011010111001111011100010111011111111001000100011110110101101101000110011110000111010011110110110110111100111111110111101000011010101000000
111100100100100101000111010111011100110111100111010011100000100110111111111110000100101101011110001101011100101001111111111101111101111011001001001111000101011101001001110110100000111000
111001011101000001101010111001111110011011001111011010111010010101111101111010110110100011001110010001011000111101010010000001011111000101001001110111011011101010110011000110011111000100
011110111000110011011011111111100101100111110111011011110010101011110010111111011111110111111100101111111110101101110111111101010010101100110011110011110110111011011000111011111111101111
111111111000000110111100001000101010010101111111100111011111111001000111101110111110111100101111101011111101101011111011111101111111001101000011011111010110101010010000110100001111111110
100001111110110101011101100001110010111101101111010101101101101000111111011100111011111001100111011101001001010111101100010111001010110101001101100010100110111110011110100010000010111011
011111111110110100100111000110111101010001011011001110111111111010111111000100100010010011011011000011010111011001010101011010110011001000111110010000010101011100110011110000100001001001
000101000101101001010111011000111101100000111001011101111110101101011010101011011010001100110010101110001010110100111111100101111101110001011010000111011111111110110110000111111101001110
000100001111111110011011011010001110010111010001111111101011111111110111111110111000011110110000110011110111001110111010111001111010111111011101000111011111100100111101110111101010111011
100010101111011101100001110101010111111110000000111100110110111100100111101111111011100100111100111101111111101101100111100011110001111000100100000100000111000010111111011001001111011110
001010101101001011100111001011111011101000001011010101111111011110011011111111011110011110100011110110101100011111011000111110011001110111110100111011101100001110111011101010111101111001
101110111010011111110000101111110010000110110011000101001110001001000000111010100011110111101101001101111111001110110110111111100000111111111110110101001100000010110101110110111011110011
011101101001101100011110111110110101111010100010011011110010001101100100110001100011111001111110011001101010101000101111101001100110100111111100110110011000001100100101110101010111111110
111010000101000001010101101101001011111001101010110000011100111111110010110010011101111111011011110011110010101011100010100011111101110011001010000100000000111111001110100011000101101110
001101111010111011101110011011000110000100101010011100101100110001100111011110011011011100001001111001010111101011000101101010000101010010011101110001000100011111110101010101011111111011
110101111111101101101111111001011011101111111110001111110111101101000111111110101001001001100111110110111011111000111000010011111011010110010000110111000110111100100101101010100110101101
010111101111000100101011101111011101111001111001111110000011000101111110100110110101110011111101001100110011010010011100010100011111111011101111111110011001000111110000100000110001101101
000100000011111010100110011100101101111010110000110100011000011011001100111111001010001110111110101010011101011111101010000111011110111111011110111000001001011011111001011011001010110111
110100011001010000111110110111101111001101110110111011000100111011010001001111101010101110010011010111001001110100101011010101101011110011110001111000000110101101100101101001011001011101
011101101010100110110101101001111011110011111010111101000111011101111100001010001101101111111111010110100000100001011111101100111111110111011110110000101001011001101110100111111110111001
010100111011001001111010001100011101011111111101011111001101111101010110010110111111111010010111010111110101000111101101101110010011000011101011100000111010101001011110111010111110001100
000010111111011111000101101101100111111011001111100000110011101001111101011111101011101111100011111010110111111000100101100010111010101101111111100101111011110111100001000111011111111100
101000100100110111111000101101111100111110110001101111101110100101010000101111001001110010000111101010111100010010100001011011001111111011100011110101111101001000111100101101101100001010
010111011111111111111011101111111011011111010110110101011111111101111110010100100011001110001111101111011101110011101011110101111011110111011110101110110110001000011010111100100000010110
101011110000101111100111010111111101101111110110111101110110111101111011101101010011000001011100101110100100000000011011101100100101111100101000000000110111111000101011001111101101011011
101100110001011011000111010010111110011100111000110000010111010100011100111000011100001010110101101011111111110101111110011010110111000111010001111111011111101101011111011011111111100100
111101110111001110111111100111111110001110010010111001101110001111111011101111000010001110111110000011100000011100010011010010010111111011011111111110010110010110101110111111110111110100
110011000110111111100110100000011111111111110001001100000111101111100101111000100011110011000010110111100000100111111011101011101011111011101010011100100010110111110110011001111011101111
001011010100110111110100010011111111110011110111111000111011101100011110110101101101000001110011110111000100111010101100101011001100111001000010111011111001110100111011110111000011011110
110011001011101011111101110010101000101011011011111111110010100101110111101100001101111011110100110110111101110101111100011101111101111000010011101100100000110011111100011101001101000111
011011101110101111101110111101011110101111111111001000011101111110010011100110100101101001011111111111011111001111001011110111111111001011110001011111011011001001100100010001111011101111
011100100111111101011010110110101100111110111100110111101111110101011111110010010111100110111100011111011111101011010111111101010111101100101111010111101101110110010100011111001101111110
100011111001101101000001010110011111111100101011011011010011001110011001001110001100000101000101011110101111010010011101110110100111001110101101011011010010010010111111100011111100111111
101111011111011011110001110111010100000101011010101111111111111110111011101110111100000011001110101100111100111110010111001111101010011110001000001100001011010111111010100110101011011010
110011111111110011111101110011111011101010110101000000111001111111010010010111101100010111111000111111101110110100101011011111010011001100110100110011010000101111010110101000011110110001
111010111011111011111101000011101101000111110001111011001111100111000010011101111110100001110111101110011101111011011010110111111110100011111010110110101010111001110100111000010110101101
101101011010110011111100010110101110001101011101100011110011111010001101100101011111110111010001101100111110111100110100111111000010100011001000111001110011101101111111110000011011100011
110100110111110101111101101111101111010101100001111101111100111010001010111101101101100011110111101111010111001111010011011101011100011100101001110110001100110111111001011000011001110001
001101001000100101111010111011111111111010111110111111011100010101101011110110110101111100111110111111010011001011101100000001101111111111011000100111010101111000111001010111100110110111
011111010001001110010111100110110000111101001111011110101010011110001011001101010001111110010101101101001011010000111100111100011000111010011100111110010011111101101011111101100101101110
010111101000101110110001100011101001001110011000011010011100011011110001101011010011111110100011001111101110111101101001111001101011111011011100101101111000111101110010110110011010110110
100011101011001101100111101101101010111110110011011101100010001000110111110111111011111010000111011101011101101111110001011010111111000000011110011011011010111000111101001111010100100101
101111101111111010111011010101011110001000011011011011101100101111000011010111101001110110110100101110011110101001111011011100111001010011011101101111110101001001111111101001101000111110
011011000011010101000011001110011111111101110111111111000101011111100111110000011111100011111110110100001111100011011111101001011111100010101110010111111110101000111001110111111111010110
111110100110111101111100011010010111000010110010010111110101110100110110110111000110111100111110101010011111110010010000010111101110111110100110011111010011101011010100111100110101101110
100101101111011010110111111001100100101011011111001111010101101011100111000011000110110111011100111110101011011111111001001111000101100000101111111101111101111101001101111010001001010010
011110101100101111111101010011110011101101101110101011000111101011101101110000100101010011110011111110101001111110111101101010010010001100011100101001101111011010111111110010011111110001
101010011110011001000110000101101100110111110110011111100110101110110011110010110010111101101010100111011110111111101000110011110011011100001110111011110010000111001111111001011101111000
100111100010111101101101110000110100011101000001010110111101100110000110011110011001101001011010101000001110100010111110010010111100011000001011010110011111100001001011010111110010000100
