01001101101111011101011110111111111111111110101010101111111101110101110010111011111010010100010111111111111001011111111010110110110111111111111101
10100100111111111010110101100111111111111111001110111111101111111111111111111101110111001110111111101111111111011101101101100000101111110011001101
01011111101010010111111111111110111111111011011110010100111111111110110110111110011111110111111011111101011111011110111110011110111011011101111111
00101101001101111111111111011111111111101111001011111111111111111110111011111111110011111101110111111110111111111101111010111001111111010101101111
10110011111000110011111011011011110010110011011111111010100110101111101001111111011111111111110111110111101111011110011011101110111011001001111001
11110011110001111001101111111011100111011101110111011110110011111111101111111101100111011111111101011110011111111111100011011011101110111011110111
00101101111001111111111111110101110001111111110111100100010110011111110010111110000111111111100111111111011101111101101101000111111111101011111101
10111110101111011101001111111111111110111111001001111111111100010011110111011111111001110011011111001111111001101111011111111111111111110110111011
11101111011110101011011110101111110101111010111111001111011111011111011011111111111111110011110111000101011111110110111111111011111011001111111101
01001110101101001010110111011110110110111010110101010000111010111111101111111101110111101111011111011011111111100111110100101010111111110101101110
11111011110110110111011101101111111011110111101101111111111001111111111010111101111111010111110111111011111111110010110110011111101111111100111100
11010001111010111111110001001111010111010110011111110111101110110011111000101001110111110011111011010111111100111111111111001110111010011101111111
11100001101100111111111110010111101011111110010011011011101111110011001101100011101111101111011101011100101111111111111100100010010101111110111100
11010111010000111010111101011010101100111011011011111101111011111111001011101110101111100101101111111101110111011011110011111111100111111011111111
01011110101111011010011111111110111111111111101111111110010110110111111111111110111111011111101111111010111111011011111101110110101110101111110001
11111111001111101111110111101101111111101101011101001110111110111110111111011101011101110110111011111011111100111111001111100001101011011110000011
11010111110111110111111111111101111101110101110110111110011001101101100011110111110011011001111111111111111011111111111111111111110111011111111110
10110011001110011011010111101101011111111111011111111000110110001111111111111101110111011111111001111101011110010111011110110100111111111011111011
01111010111111111101111110111110111010110111011111111011111111010011111111111101110011111110101101101010101101111111011011100111111110011010001110
10111111101110011110110111111111111011011011111110110111011111111111001111001000111001101111111101111010011001111101011110101111111001101011001011
01111110010111011011011111101111111101100111110111001111011011110101110111001111111110111011001011111010011100111111101111111111111110100100011111
11111010111111111111101001100111111111001101111111101110011111111110111110111011111100111110100001011110011111000111001111110111011111101100101101
10111111101011101010110111110100011111110111111111110100111101011111001010010111111111111101111111111111111110111011111011110111011101111110111110
11110111111011111111101011010111011101111111110111111010101111111111101110101111111101111111111111111110101111111000111111100110011110111111110111
10111111110010111111101101101110110111001111100111111111100101011111111111011111011110101110001111110111111111111111100100110110000111011101111101
01111111011101111101111110111111111111111101111100111101110010111010100111001011000001111111111100011110111111110100011100101101111110110111111111
11100111101000111111111011011101111010111010011111111011111111011110111111111111111111111010011101101111011111111111011101101101101110111011011111
10111111010011101011001101101011011110011101111001011101101110110011000001011110111111100011111101110111110111101111111011111111011101011111010111
10111101111101111111100011110011111110101111101111010111111011011111110101111111111110111111111011111110001100111101101101110111111100011011110110
11110011111110111111111111100001011111001011111110111111111111111101111100011010101110011101001011111101111110101001111110101111111110101001110111
11111101111111100011110111011001110110000010010110011100110111011110111011011101111101011101111101011011011111111011111101111111110000111111111110
11011111101110011101110101111110111110010101011011101111111110111111101111111010111110111111111011101111111110110101111110111001111101100111111111
11111111111011111011110011101011000011101111111111111111101111110111111101111101111011111111111111100011111111111111001101011101111111110111011111
11111011111100111111111111111111001011100111110111110011011110111011011111111011111111001011101110111011111111101111100111111111111111111111111111
11110001001011111111111101111101010110101111110101101111111111111011010101011101110011101111111111001011111111111011101100010001111111001010111101
11110101110101111100111111011111001011110111111011111111101011111111100110101011111101100111111101011111110011011111111011011111101111111111110111
11111101011110110111011011111111111100110111111111011101110111111111111111101101011111111011011111011111011100010111011001111111010101111111110101
11110110101110111101111111000100110100101111111011110101110011110101111101111110010011111111111011111000101111101010111111111011110011111111110111
11111011111011111110101101101000111111011101111111111111011110011111011111101111011110110111111111111010011111101111011101111111111101110011011110
11101111111111101111001101110001000110101111111010000111001111011101101111111011111111101111110100111111111101111111011111111111110011011101011110
11110111110011110101010111111100101001110111010110111111111101111100111011101011101111010110110010111111101110111111011100111111111111111011111111
11010111001110111110111111011001111111111001111011111111110101110110101111111101011101101110111101111111001101111111111111001111111010101001111111
11111011111111100111101110101110111111011001011111111111001110011110111101111011101111111010111111010101011011111111111011101011101111011111001011
01111111001001111111111111011101111111111110000100001011110111111101111111111111101111111011111111111111011111110111101101111111111110111111111110
10000110111000101001111111011100111111110100011110111101000111111111010100001111110101100111111110110111111011011110111110011111111101111111101011
00101110110111011111111101110111111111111110101001111111111111111011101011111100111011110100111111010111110111110011100111111111101111110111111111
11111001101101110111011001111101100111110110110101111111111111111111111010110111100111111010111111011110111111111111110011111011111111111111011111
01101110111100111111111111101110111010101011101000111111111100110101111101110101111110001111111101111111111111011111111110101110111110111011111101
11111110100111101111111110101111110111111110100001111011111111110010011111110111011110111111111111111010110011111111111111111111111101011001101111
00011111111111110110111110111001111111100110011010100101011100101001111011111011111011010101111100111100111011111011101110111110111101111111111111
11011011001101101111011111100101111101101110111111011111101111111101111111010101101111011111111011011111011111111011111110111111111011111111111101
01111101011111101111001111111110110111101110111110101111011111110100111011111011111100100111111011101110011111110101011111001110001111111000111101
11011101101011111110110111110111101110101111111110110111100111011110111010111111111111110011011011111011101111011111111110111011011100111111100011
11110111101101111001111011011111101111111110111101111001101111111111110000110110110111111110101011111000011111111110110100101100111101111101111111
11011101101110111011110110101101111100111111011110111001111111111101001101110111101111111111111111111011100110011110001001111111101001101101111111
11010001101111000011100011111101111111111111111111111110110111101110111111100110011010110111101011101111111111100000111100110110010111011111111101
11111101011111010110001111111111101111001101011110101111011111100111111101111010111111111101111111111011011111101111110111010111111111110111110010
10110111111001111111111001101111011011101101011111010011101110111110011111101111111111000011111101011111100101111111101101111101011111011111101001
11110001111111011011111100111101111100111010011111110110110111010110111101111111110111110111101011001111110011111011011101100101011111101111101111
11111011100110110111011110110111111010111111111111111111111001101110111111101101111101110101011111101011110111001111101110100110111110111111101111
01111110110111110111110101111111111111110011111010111111111000101110111111110101110011111011111110010111111111011101101111011111000110111111011101
11110100101011001011111110101110101111011101111010111111101100101111111001011011101111011101110111010111010111101111011111111100111101011111101001
11111100011111111001110101010101111111001101111111110111110111011111011111111011111111111111111110111111011101101101110011111110111111011111111101
11110111111111110011111111111111111111111111111110111110011000101101011101111101001101111110111110111001110111110100011111111111000011011011011111
01111110111001011101011111101111011110111011111001101111010111110011111001011111111111111111101111010101011010111111110111110111111001111111100111
11111110111001111101111110101111100111111111101100111111111111110011101111111111111111111011110111101111111101111110100100111111110010111111110111
01111111111111110111011111111011111110100110111010001101111111101100111111110111110001111011111101010111111110111101111011101110111101110001101011
11001111111111101111101110011101111111110001111101100110100001111100011111111111111110100111101111001111011110101000011101011111111110111010111101
11111111011100111110110111101111100111011111011101111101101111001110011111100111011111101100101101111111110101111110110111010100111111111111111111
11110011101100110110110010101110111011101011101111111101111111111011101100111111111111111111011111111001010111110111101110111110011111111111011011
01011100111111110111011110100111110011111111011111111011111111111111110111101111110100111011011011001111011111111111111111010101110111111111111111
01100101010010110111110111101101111111110111100110100011111110110111111011111011101101111101101011101111100111011110111111111111111101101111110110
11110111111001111111111111100011010110111101011011111001010110100111101101111011011111011011011100011100111011111001111110100111111111111010011110
01011101110011111111100011111011111011111111010111110011111111111111101110011011111010111111011111100111111110000100011111111110110111101001111111
11111110111111101110010100101001110111111111011111011111111110110111111110001011011110110111111111111001111111111100110110100100011110111111110011
11111111111000111110011010111111111001010111011111111110101011111111010111000110111010111101011111101111111111011101110000110011011111001111011111
11111111111101110111110111111111111111111111110001011000111101111101011111100100110100011101111111111011011111111001000111110101111100111110110101
01111111111001111110101110111010101011100101111110101111011110011111111000011001101111110011111001100011111101111111110101110110101110111011101101
10111011100011101000111111111101010101111011101011011111111001101111111111110000110111110111110101101100101110110110111110111011010110010011011110
11011101111110011110111111101010111110111111101111111010011111111111111111100100111001111111111101101111011111111111111011010010001110111011111111
11010101111111101111111100111111111100011011111101111110111111101111011101011111000101101111101101111111111111110111110111111110110101011100011111
11111001111100111111111110111011111111110100110111011101111110101111111011111011000111111111000110111111111110111111011111010111001101101011100111
10101001101011110001111110111111110110111111010111111011110101111101110111110101000110111001111101011110111110110011110101111111011111111101101110
01101110111111110100111110111111010110111111101110111110111101111101111110101110111010111111011111111111111011111011111010001000101111100011111111
11111110111111101110101010111101111011111011011111101111111011101101110011110110011100111111111011101111111110011011110101110011110101011111110011
01111111111111111111001101110010111111011111111001101110111111111110110110000111110000111001111101111111111110110110011101011101111111011111111110
00111011110111010011111111111001101111110111111010011111101110111111111101110111111111011111111111111001110111110111110110011011010101001110111000
10111111101100111110111101101111100011101011011011101111101111111110011111111111011111100011110111111010101111111110011110101001100101111111111111
01011110010010101111111111101111111011010111001110100110100011111110111111011001111111100010110111111111011000111111111110111110001111111111110100
11111110011011110111011111001111101101111100110111110111101101111001110101111011110110100011111111111111111001111011101011100011101101011111101111
01101111111110110111110111111001111111111111101110111111011010111111011011100111110110111101111111101011111111110111011111101101000111111110101111
00111111111111101101101101011111111111110001100111111011111111101111011111111111111111110110011101110111111111111011101111111111101001110011101111
01111110101101111111011101011011111101111111111111110111111011111111100100101111101011111110001111011011111111111111111011111011111101101111011110
11111101111110011101001101111011101111111111111111111010110111110110011011111111001111111111001111100111101111101110001001111011110110011111111111
01100101010111111111101111111111111111100111111111111111111110111011111111111101101111100111110111011111111111111111011101111101010011111101101010
11011111111011101011001111110010111110110111111111000010110111111111110011111011111101111111111011110011101101010111111111100111111111111011101111
11111011111101111000101110001101111011101011111010111111101111111101011101111000010110111110111100110110100111011111101100101110101110111001111101
11111111111111111111111110111111101111100111011110111111111101001111111101111111101111111111111100111111001111110111111111111111110110101101110111
11111010001001111111101110111101110001111101100111011111100100110100110101111111110111111111010111011010111110111101110011011010111011111101111111
10111110011111111101111111011110010111111111111111101110110011111010110010101000111101111101101111101101111001101111111111100101111101111010100111
11110111011011111111111101101111011111111101001111111111111100110101111110111011111111111110101001110111111011110111111111111111111111111111111010
11111111100111001100011111111101000110011111111101110001011011101111101111010011111111001101011011011011011111110011101110111011001011111010101111
11011111011100111011111111111011111110111101111110111011111111100111101101011101111111011111111111101101010110111111111111011101110011000111110111
11101011111101011100001010110111111110011111110100101011111111111111111101111101110111101111111101011110101110111001111111101111111111111111011111
11011001011111111010001111010101111101011000111111001011011110010110100111110110111111110111111110111001011011000111011011111101011111010111100101
11110111111101111101111011110111111110110011111111110101101111111111111011111101111111101111101000111110101110011011111111101111111111111111111011
11111111111110111111111111101111111011111111101101111101100010101111001011111111111111011111111101111101110110111101110111111001110101011100111111
01111110111111110110111111111111111011111101011100111111110111110111111101111111111011110011111111100111011001111111111111111111110111111111010111
01111100111011101100011111110111111101101011111111111111101111011011011111111011111111110011111011101111111001010111110011111101111110100111101011
11111111111011101011010111110010111101110111111111111101111111110100111110111101100100110111111111011100100110110111110111111111111111011111111111
00010111111110011011101111111111111001111111011011110101111001111111111010101111111101111111111001111111001101001111010110111010111111111111111101
11111110101111111111101111101011101110011111111111111110011010011110111110111111111111111111101111101111011111001111111101111111111000011111011110
11111111000111111011101110111110111101111110101111101110111111101111101110111101010110011101111010110011011100110111111111101101110011111101101101
11111111110110011111110011111001110110111111101110011110110111111110111101110111110001111010111111111010101111111011111001111101001111101101111001
10101101111111111110111010110010111111111111111111101110111101001100111100000111111111111111111111011110110111111101111101111111101111111111011011
11010111010111111111111010111111111110111111011111111000111111101010011010011101111110101111101111111111111111111110110001111101111011011101101111
11110110111111101000101110011111011101000111111111101101110110101110111110110111101110101101100111111111011111011111000011100101111111111011111111
10111001111111101111001101110111000111111110101110111101101001111011101111110111111111111010101101111011111111111111000111011111110011110111110111
11111011100110111111111101111111101111111111100111111011011111010011011111000011010101011111111111011111110100011110000111011111110111000111110100
01100011111110111101110111101111111001111101110111111101111111011101111111101110111011111011001111011111011101111010011010101111101010110111111111
10111101101101011111111100010101010101010110111111111000100111111010111111101011110100111111100101111111111111101000111101110111101101111101011110
01001111100101111010111100111010110111110111011010010010111011111011101101001101111011000111111101111011111111011111111010011110111111011111011110
11011001110011111111111111111111010011111011011111101111011101111110010111111110101010011111111111011101111111111111100110011111111010111111110111
10110101101001101100111010011011111111111001111011101011110011111101111101011111111011101001111001101110101111110111011011100111111011110111111110
00111101111101001001100001110111110111111111111111111110010011110111010101000010101101111011111011101111111111111111011101100101011101111011110111
10101011001101101111111111111110110110111101110111110111111111111111111111101100111001001011001111011011110111011111111111111011111101111111111111
10101111111111101011111110011110010111111111111111111011100110111111010111010111111010101101110111101101010101110010011111110101111110110011110111
00010111101001011011111001111111111111111111111010101010111010011101001110011010011011110111111101011111111111011111111110111110111111011111111111
11111111111101111111100001101111111101111111111111100110100101101111101111001100100111010101110111111011011111111011111111110111011011111111111010
10111011110110001111111101011111111011111101101111101101111101101111111111111010101011100000111101111011111111111001111001111111100011111001100011
01111111111100110111111101111101111100101111111111111110111101101011110110111101011101001101100110111101110011110111100111111111100001001101111110
11010111011011101110111111111101111110101011111111011101111111100011111111111111111111111110110111011001111111100110101011001111000011111111101111
11111111111101111110110111100100111101011111011100110001111110110101111011110111001101001010011111101111110111101111111101110011110101110111010111
11111011111011011101011010010001111111111010111011110111111001111010111111010000111111111111101100111111111101101111111011011101111110101111101011
11000111011011100101111101100111110111101101111101111110101110001111111111101101011100011011101111111101010110101110110110111110110111011111110111
11110101011111011110001111111010110111111011111111111101110111111111111010101111101011011111011110111101111101111011110111111111110110101011001111
10101110101111111111011110111110011111011111101111111111011111111101111111111101111011111110111111111101011101111111100011101101111101110111111110
10110001111110111000111111010011110111010011111001101111111111101100111100111000101011111110111001101011111111111111011111110101101111101000001101
11000111100011111111001101111011111111101011111101101001111111111101111110111111010111111111110100011111110111110010111101111111100111111001110101
11111110110101101101000111111111110111111111111111101111111111111110111101110111011111011101111111101011110111111111111111111111111111111010111101
10111111111111101100011111001111011111001101110111111111111101101111101101101101011111111111011111111110111011101101111100111111111101101011001111
10101111101111101100101111111111111111111101011101110111100010110101111111111011100111111000110011101011011101110110111111111111101010101011000111
11111011111111001111111011100011111000111111111111110111011111110011111011010111101101110111111110101101011011111111100111010101101101011101100100
11110110111111001010111111111111111111111101011111110111001110111101101111011111111101011111110111110111101101111001111111111111001110111111111011
00110101010101011111101101111111110101111111111011001110101100011110111111110011111111010111111101111111011111010011110111111111111111111000110100
11111111100101110101110111110101111111001110111111111111011111111111111001111101110110010111010111110111111111101111110100101111010111110111110100
