011111101111111111111111111111001111111101111111110111111111111111110111111011101111110111111111111111111111110101111111111011111011111110111011111101111101111001100111111111111001111111110001111111
101111111111111111111111111111111110111110111111111011101111111110111100111110111111111111111111111111011111111111011111011110011101111101111011111111111101111111011110101111111111110111111111100110
110111111011111111111111111111101111111111111111110111111111111110111111111111101111111111110111111101111111111011011111101111101111111111100111110111111011111011111111111111101001111111111111101111
111001110111011111110111011111111111111111111111111010111111111110101111101111111010011110110001101110111111111111111111111111111101111101111010111111110110101111111111101111111101111110111111110111
111001111111111110111111111011110111111111111101111111111111100111111101111111111111111111111111111110011110111111111000111111110111110111111111111111111110111111111011010111111011111111100101101111
111110111110111101101111111111111111111101111011111101111111011111111111111111111111111111111111111111111111111011011111001111111111011101011111111111111111111111111101111111010110101111111110100111
111111011110111011111110111111111111111111111101111111111111011111111011111111111111011111111111011111111011111111111111111111111110011111111111111011101111111111111111111111111111111111111111111111
011111101011111101100111111111110111111111111010110111011101111111110111111011111101111111111111111011111101111111110111111111101111111111111101111111101011111111110011111111111010111111111111111111
111011110111111111111111111111101111001111111111111111111111111111111111111111111111011111001101111111111111111111111110111011011111011111111110111111111111111111011111101111101111111111110111111111
110111101011111111111111111111111111111110111111111111110111111110111111111111111111110111111111111111111111011111111111111101111111111111111111110111011110101111111110111111111111111111111111110101
111111111101110011111111111111111111111111110111111111111111110110111101111110111111111101111110111111111111101111111111111111011111111011100111111011111011111111001111111111111111110111101011111111
111110011110111101110111111111111111111111111111110111111101110111111111111101111101011101111111111111111011111111111111111111111111111101101110111011111111101111111111111110111111101011110111011111
111011111111011111111111101111111111111100111111101111111111111011111100011111110111111011111111111111111111111011111010111101111011111111100111111011111101010011111111111111111111111111111111111111
111111111111101111101111111111111111111101111111011111111011111111111111001110111111101111111111111111111111111111111111011111110111011001111111111111111111111011100010111110111111111011100111111110
111111111101110111111111111110111111110111111110111111111101111111111111101011111111011111111011111111111010011001010001101111011111110111111111101101111011111111111111111111111111111111111111111101
111111011101111011111111111111111111111111111111111111011111111111111010111111111111110101111111101111111111101010101110111111111111111111101111111111111110111111011010111110111111111111101111111111
111110101110111101111111101111111111110111011110101111111101111111011111111111110111101111111111111111110110011110111111111111111111101111111001111111111111110111111011111001111111011101111111111001
111101111111111110100111111111111111010111011111111111101101111101111001110010111111111110110111110111011011111111110111111111111011111111111111101111111011111101111111111111111101111111101111111111
111111111111111111011101111111110111101111111111111111110111111111111111111110111111001111111111011111101111111101111011111111111111101011111101011101111111111110111111011111111011111011111110111010
111110101111101110101111101111111101011111110111110111111111111111111110111111111111111111001111110111111111111111001111111111111111111111111111111111111111111101111010111111100111011111110111111011
111011101110111110110101111110111111111011111111111111111111011011110011101111110111101111101111111111111111111110000111111111111111110111110111101011111101111011111111111111111111111111111111101101
111111111111111111111011111111011101111111100111111111111111111110111111101111110111111111110111011111101011111111111111011111001111111101111101101111101011111110111111101111111111111111111111111111
111111111111111111010101101111111111101110111011101111111110111111111111110111111100111111111001111101111111111101111111010111101101111011111011111111011111111111111110111111111111111101110110111110
111111011111111111111110111111101111111111001111010111111111111111111111111011110011111111111101101111011111111111111111101111111110111011111100111111110110111111111111111111110111111101111111111111
111011111111111111111111011111111010111101011111111111111111111111111110111111010111011111111111011111110111111111111111111011111111111111111111111111111111111111111111111111111111101111111100110111
111111111111011101101101101110011011110010111111111111110111110111111111111111011111111111111111111111111011110111101011111111101111110111111111111111111111111111111110111111110011111111110111111111
111111111111111111111111110111111011101111111111011111011111011111111111111111010111111001100111111111111111111110111110111110111111111111111111111101111111111111111110111111111011110111110111111111
111101111111111111111111111011111111111001100111101111111101111111111011111111111111101111111111111111111101111111111111111110111011110110111101111111111010101111111111111001111111111111111111111111
111111111111111111111111111101111111011111111111111111111011101111111011111111101111111111111011111111111111111111111111111111011111111111111111111110111111111111111111011111011111010111011111111111
111111111111110111110111101110111111111111101111111111111111111111111111111111101111111111111111111111111111111111010111111111111111111111111111111111111111111111111111111111111111111111111111111101
011111111111111111111011101111011111111011111001111110011111111110111111111111111011111111111001101111111111111111111111111111110111110111111111111111111110111011111111111111111111011111110111101111
010111110111111111111110111111101111111111111111111111111111111111111111101111101111111111111111111011111111111110101111111111111101001111111111111101111111111111111111101101111111111111111111110111
111101101111111111011111111111110101111111011111111101101111111110011110111111111101111111111101111111111111111111101111111110011111111111111111111111110001110111111111111111110111111111111011111111
111111111111111111111111000111111011111111111001111111111111111100111111111111111111111111111111011010111111001110111111111111111111111100111111101111101110101111111101111111111111111111111011111111
111111111111111111101011111111110101111111111111111101111111111111111011111111111011111111101111111111110111110011111110111111111000111111111111011111111111111111111111111111101111001111111111111111
101111111111111111111111011111111110111111111111111111011111101011111111111011111111111111111111110111011111010111111110011111111111111111011011101111110111011101011000101111110101101110110010111111
111111110111111110101111111101111111000110110011011111111111111111111110111111111111111111111111110111110110111111110110111111011111011111111111111111011101111111111111111111101111111101111111111111
111111110111111111011101110111111111001111111101111110110111111111111111111111111101111111011101011111111111011111011111111111111111111111111111011110111111111101111111111111111110111101111111111111
111111111111110100111111101111111111010111011011111101111110111110000111111111111110011111111011111111101111011011011011111110111111111111111111101111101011111111110110111110111111111111111111111111
111111111111111111110111101011011111111011111111110111111111111111101111111111110111110111101111111110111111011111111111011111111111011111111101111111111111111111111111011111111111111111111111111111
011110111111001111111111011011111111111101111111100111111100111111111110111111110111111111110111111111111111111110111011111111111111100101111111010111111111111111011111111111111111011111111110111111
101111111011011111111101101111111111011110111111111111111111111110011111011111101101101111111111111111111011110111111111111111111101111011111111111011110101111111111111111111111110101011111111011011
111111111111111100111110011111110111110111011111111111111011011111111111111111111111111101111010111100111111011111111011111111111111011111011010111111111111111110111111111111110111111111011111111111
111111111111111111111010111010111111111111101111111111111111111111111011011111011110101110111111111111111011111111111111111111110111111101111101110111011111011111111111111111111111111111111001111011
111111111101111111101011111011111111011111110111100111111001111111110111111111111111111011101111111111111111111111111110111111101111011101101111111110111011111111110111111011111111111111101111111011
111110101111111111111101111111011011010111111011111111111111111110111101110101111111111111111111110101111111111111111111011111111111111011111011111111111011111111111111011111101110111101111101111111
111101011111111111111111111111011011101111111101111110111110001111111011111111111011111111111011110111111111111111011111111110111111111111111001111111111111111111011111011111111111110111111111111110
111111101111110101111111111111111111111111111110111111110110111110111111111111110111111111110111111111011111111111111111111111111111011110101111101111111111111011110111111011111111111111111111111111
111111111111101111111110110111111111011111111111010111111111111110111011111111111001111101101111111111111111110111111111111101110001111110111101111101110111011101111110111111111111110011111111111111
111111111111011101111101111011111111111101110111101101110110111111111111111111111111111111111011111110011111111110111111101111111111111111111111011111111011000011111110111111101101111111111011111111
010111101110111111101110111111111111111001110111010111111110111111111101111110111111111111110111101111111111111110101011010011111101110101111111111111111111111111111111111011111111111111111111111111
101011111111111111111111111111111111111111111111111001011111111111011101111111111101011111111101111111111111011111110111111111111111111110111111111111111111111111101111111101111101111011111111111010
111110111111111111111111111111110101110111111111101001111011111111101111111101111011111111110111111111110111101110101101111111111111111111100111111111111111111111111111111011111111111111011111111111
111011111111111111111111111111011111101111111101111110101111111110100111111111111111111011111111101111101110111111011111111001111111101110111111111110111111111111111011111101111111111011111111111111
111111101111111011111111110111011110111111111111111011011111101010111111111001111111011111110111111111111111111111111111011111111101111011111111011111110111011011111011111111101110110111111111111111
101111111111111110111111111111110111111111111111111110101111111011111001011111111111111110011111111111101111111111111011011101101111111111100111111111110101111111111111111111111111111111111110111101
111111111011111111011111101111111111101111111110101111110110111111111111111111111111111110111111111101111111111110111111011111111111111111101111111011111111111111011111101111111101111110110111111111
111111111111101111111111111101111111111111010111111101111011111110111111111101111011111010111111111111111111111111101111111111111011110110111101111111111100111111101001110111101011111111111111101111
111111101110110100111111111011111111111101110111111111111100111111111111111111111111111111111111011101111111011111111111111111110111111111111111101111111111111111111011111111111101111111011111111111
111111111111111111111101111111111111110101111100100111110100010111111111111111011110111111111111111101100111111111111111111111111100111111111111111011111111111111110111011111111111111111011111111111
111110011111111111110111110111111111111111011101111111111110011111101111101111111111111111111111110101111101111011111111111111111111111111111011111011111111111111111111111111111111111111111111111111
111101111111111111111111111101111110111111111101111111011111101111111101111111101111111111111111110111111111101111111111111101111111111011111111111111111111110111111111001111111111111111111111111111
111101111100111111111111101111111111111111111111111111111110110111111111111111111101111111111111111110011011111110111111111111111111110011111111111111110111111101111110111110111110111101111111000011
111111111111011111110111111111111110111111111111111111001111111010111111011111101110111110111111111111111110110111111011011111111001111111111111111111011100111110111111111110101111111111111111101111
111111111111111110111111111111111011111111111111111111111111111101101111110110101111111111111111111111111111111111111111101111011110011111111011101111100111111111111111111111111111011101101111111111
100011111001111111111011111111010011110110111010011110011011111010111111011101111111111111011111111111011011111100111111111101111111110111111110011111111111111101111011101110111111111111111111111110
111111111111111101111111111111110111110110111111111011111111111111011111110011110100111110111011111111111101110111100111111111111111111111101111111011111101011111111111101101111111111101111011111111
111011111111111111111111111111111111110011111111111100111111011101101110110111111111011101011111111111111011111111101111111011101110111111111111101011111101111101111011111101111100111111111111111011
011111101111111111110111111111111111110111110111111110111111111111110100111111111110111111001001011011101111111111111110111100111111111101110111111111111111111111011111011011111110111111111111110111
111111011111111010110111111001111101111111101101011111101111111111111011101111111111111011111100111111111111111111111011011011110111111111111110111111111111111111111111111111111111101101101111111111
101101111101011110111111111111111111111111111011110011101111101111110101111111011111101101011110111111110111111111111111111111111101111111101101101111111111111111111111111111111110111011111111111111
101111111111011011101111011111110111011101111111111111111111111111100110101111111111111101111101111111111111111111111111001111111111101111101111111111111111011111111111101111111101111111111111111110
111111111111001111111111111111111111111110101111111111101111111010111111011111101111111111111101110111011101011111111011111011111111111111101101111101111111111100101111111111111110110011111111111111
111011111111100111110011111111101111111111111111111111111111011111111010101110011101101111111111110111111111111101111011110111101001001111111011111111111111011111111101111101011111111111111111111110
111111111111111110111101111111111111111111111011111111111111111101001111110111111111111111111111111111111111111101111111101101111111011101111111111110111111111111101110111111111111110101111101111100
011111101111110110111110111111111110111111111111111111011111111111011111111011111111111111111111110110111001001111111111111101111111111011111111100011110111101011111110111111111111111011111111111111
111111111110111111111111111111111111111111111011111101011011111110111111111101111011111111111111111111111101100111111111111111111111111111110111001010111111111111111111111111101111111111111111111111
101111111101101110011111111111111111111111111111110111111111111101111111101110111111111111110111111111111111111111111111111111111011011111111111011111111111111111101101111111111001111111010101101111
111111111111111111111111000111111111111111101111111111111110111111111101101111011111111111111101101111110111111110111111110111111111111111111011111111111111111101111111111111111111011111111011111011
010111111111111111111111111100101111111110111111111111111111101001111111011111101111111111110111110111111101111011111010111111110110111111111011111111001111101111111111101011011111011111111111110111
111111111111011101110010010111111111111001111110111111111111111111011111111111110111110111111101111111111111101111111111111111111111111111111111011111001110111101111111111111111110111111011111111011
111011111111111111111110111111011101111111111101011101111011111111111111111101111011111111111111111111011011011101111111101101011111111011111111111111111011001111111111111111111111011011111111111111
111111101110111111111101111111110111101110111111011011111111110111011111101111111101111111111011111111111111011111111111111111111110001001011110101110111011111111110111111111111101101010111111111110
111011111111111111111101111111111111110111101111111111111110111011010111111111111110111111111110100111111111110101111111110011111111111011101111111111111111011111111111111111111111111111111010110111
111011010110110111011111011111111111110111111111111011011111111111101111111111111111011111111111101101011111111111011111111110111111111111111011111111111111101110111111111101101110101111111111111111
111111111111101101010111111011111111111110101111111111111111111111111101101111111111101111111111110111110111011111111111111011101111111111111111111110111111011011111111110111001011111011111111110111
011111111011111011111111111111111111111011111111111111111111111111111111111111110111110111111011111101111111111111111111111111101111011110111111010111111111111111101010111111111001110111111110111111
111111111111011111111111110111111111111111110111111110111011111111111011111111111111111011011011111111111001111011111111111111111101111111011110111111111111111011101111111111011110111111111111011111
111111111100111011111111110111111111111111011111011111111111111111101100111111111111111101111111111111111001111101111111111111111111111111111111110101111111111011111111111111111111110111111111111111
111011111111111110111111111111111111111111101111111111100011111011011111111111111111111110111111111111111111111111111111111111101011111111110111011110001111111111111111111111111011111110111011111111
111111110111111111101111111111111111101111111111111111101111111110100101111111111111111011001111111111111111111111010110110011111111110011111101110101111111111111111111110101111110111111111100111111
111111110111111111100111110111111101111011110111011111111111111111110111111111111111111111001111101111110111111111001111111101111011110111111110111111111111110011111111111111011111111111111111111111
110011111111111110111011110111111111111101111110110101011111111111111111111110101111111111110111111011111111011101111111011111111111101111111111010101011111110111101111111101110000110111111111010111
111011111111110111111101111101011111110111011101101111111111111111010111111111111101110011111011011111101111111101111101111101110111111001111110011111111111111111111111011110111111111111111111101111
111011110111111111111100111111010111101111111111111011111111111111110010011111010111111111111101111111111101111111101111111111101111011111011111101110111111111111111111111111111111111111111111111101
111111111101111111111111111111111111111111011111111111111111111111111001111111111110111111111110111011111011111111101110110111111111101111111111111111111111111111011111111111111111101111111111111111
111111011111111111011011011111111011101111111111111111111101111111110111111111111111111111111011011111111110111111111111111110110110111111111011111010110111110110111111111101111111111111111111111111
111011111111111011111110111111011111111111111111110110111111111111111111111111011110011111101111101111111011111111111111011111111101011111111111101011101011111001111111111111110111111111111111111111
111111111111111110101111111111111110011111111001111111111111001111111111001011101110101111111111110111111111110111111111111111111111111111111011101111011111101101101101111111111011110111101111111011
111111101111111111111111111111101011111111111111111111111111111111110111111111111111111111110110111011111101111111111111111111111111111111111111111111111111111111101110111111111111101011111111111111
110111111111111111111101111111111111111111011011111111110100011111111111111111111111010111111111111101111111111111111111111111101111101111111101101110111101111101111111111111111111111111101110111100
111001111111111111111111111111111011111011011111101111111111110111111111111011111111111111111111111110111111111011111101111111111101111111111110100011111011111111111011110111111111111011111111111101
101101111111111110111110111111111110111111111110101111111111110110111111011111111011011111111111111111011111111111111111111111111110011111111111111111111110111101011110111111111111111110111111111111
111111111111111111011011111111111111110111111111111110101110111111110111111111111111111111111011111111101111111111111110111111111111011111011111110011111111111111111111111111111101111111111111011111
111111111111111101111111011111111101011111111111111101111110111111111101111111011111101111101111111111110111111111101011111111010110111111111011111101111111110101111111111111111001111011111111111111
111111011110110110111011101111111111111110101111111111111111110110101111111011111011111001111110101111111010111110111111001111111111110111111111101101110111101111111110111111111111111111110111111111
111111101111111111111111111011111111111111111111111111111111011111011111011001101111111001111101111011111101111111111111111111111111100111110111110101111100101001111011010111111111111111111011111111
111101111111110101111111111111111111011111111111111110111111111011111111111111111111111111111111011111111010111111110101110111101101101100011111111111110111011111101001101111111011111101111111111111
111111111011110101111111111111111010100011011111111011111101111111111111011011111001101111110111111111111111011111111111100111111011011101111100111110111111111111110111011110111111111111111111111111
111111111101111011111111111111111011111111111111111101111111101111111111111001110111111111111111111111111111101111111111111111111101111111111011001111111111111111111111111111111011111111111111111011
011111111111111111111111101111111100111110111111011111111111111011011111111101111110111111111111110111111111110011100111111111011011111011111011001111111111111111111111111111111111111111111111011011
110110111111010011111111111111111101110111111111111111111111011111111111111111101111111011111111111110111111110011101111011111111111111111111111111111111011111111111111011111101111111111101111111111
011111111111110111011101111111111111111111111111111111111111111110111111100111111010111101110011111111111111111101001010011111101111011111111111111111011111110111101001111111111111111111111111111111
111111111111111001110111110111101011111101111111100101110111110110111111111111011111111111111111111111111011111110110011011111111111111111111111111111111111111110111111110011111111111111111111111011
100110111111110111100111111110111111100111111101111110111111111111111111111111111111011111001111111111111111111101011111001111110101111011111111111111111111111011101111111011111111110111110111111111
111111111111111011100111101111100111111111111111110101111011111111001111111111111111111111101100111111110111110001101111101111111110100110101111111111111111111111111111111111101011111111111110111111
111111101111110110110111111110111111011111111111111011111111111111011111111111111111111111011111111111111110110110110111110111111111110111110111111011111111111111111111011111101111111111111111111110
111101111111010111011111101111111111110101011111110111101111111011111011001111101111111111111111111111110111111100111010111111111111101111111111111011111101111110111111111010110111111111101111111111
111101111111110111111111111111111111111111111111111101111111111111111111111111111111111111111011111110111110111111111101101110111110011111011110101110111111111110111111101111101011111110111011111111
111101110111011011111111110111111100011111110111111111111111111111110111111111101111111111011110111111101111111101111010111111010111111111111101111110110111111011111101011111111111110111100111111111
101110111111101111111001111111111110111011111011110111000111111011111010111111111111111111110111101111111011111000011111011110111011111111111111111111111111111111111111111111111111111111111111111111
110110111111110111111110111111111111111111111111101111111111111101111110110111111011111111111111111111111011011111001101101110111110110111111111011001101111111111111101111111111111111111111111111111
111111111111111111111101111111111111111111111111110111111111111111111111101111011110111111011110111111111110011111110111110110111101111100111110101110111111100011111111111111111011111111101111111111
011111110111111111111111011111111111111111111111110110111111111111101011011111111110101111011111111111111111111111111111111011111111111111111111111111111101110111111111111010011111111111111111011111
111111111011011111111111111111111111111111111111011110101111101110110111110011111011111111101011111111111111111111111111111101111111101011011001101111111111111111111111111111111111111101111111111111
101111111111111111111111110011110111110111111101111111111111111111110111111111111111011111111111011111111111111111111101000110111111111111111110111101111111011101101111111111111111111111111011111111
101111110101110111111011111101110111011111111111111111111111111101111111111111111011111111111111111111110111110111111110111111011110110110011111111111111111111011111111111011111111111111111101111111
110111101111111111111001101111111111111111110111111111101111111111101111101111111111100110111101111101111110111101111111111111101101111111111111111111011111111111001111111111111111111101111011001111
111101111111101111111111111111011111111111101111011111111101111111111011111111101111111111111011011111110111111111011110111111110111111111111111111111111111111011111110101111111110111111110011111111
011111111111011110111111111011111101111111111111011111111011111011111111101110111111111110101111111111111111010111111111011111111011111111111111110111111111111101111111111011110111111111110111111111
101011111111111111111101111111101101111110111111010111011110111011111101101111111111111011111111101110111110101111011111110111101101111101111111001111111111111101101001111110111111101111111101111101
111111011111111111111110111111111101111111111111111111111110111101101111111111101101111111111111011111010111111111101101101111011110111111111111111011111111011111011111111111111111111111111111111101
111110010111101111111111111111101111011011010110111111111111111101111111100110111101110111111101101111001111011101111101111111111111011110110111111111110011111111111111111111111111111111111111101110
111111111111111101011111111111101111111101111111111110111111111111111110101111111101111111110110111101111100111111101011111101111111101111101000111111111111111101111101111111111111111111101101111111
111101111111110111110111101011011111111101111111110111111011110110111111111111111111111111001111111111111001111111100111101111011111110001011111110111111111111101011110111111111111111111111111111110
111111111101101111011100111111111111111110111011111111011111100111111111111011111000111111011011111111111111110111011111111101111111110010111111111111111111111111111111111111111110110101111111111111
101010111110101111111011111111111011111101100111110111111111111111110111110111111101111111111011111111111110011111111111110111111101110101111001101011011111010111111111111111111011111111111111111111
011111111111111111111111111011111011111111111110011010111011111111111111111111111111110111111111111111111110111111101111110111011111011010111111111111011110110101101111111111111111111111111011111110
111110111111111111111111111111111110111111011111111111111111111111111111111111111101111011111101111111101110111111111101111101011111110111011111011111101011111001011110111110111111111111011111111111
110111111100011011111111111111111111111111110110111101100111111111011100011111111110111111111111111111111111111111101111111111111111101111101111101111111110111111111100111111111101111111110111111111
110111111101011111110111111111111111111111111111111101101111111111110111111101111111111110111111111111111101111111110111111111111111011111110111101111111111111111111111111111111111111110111001111011
001011111111111101111101111111111110111111011001111111111111011101111111101111001111011111111111010111110111100111111111111101111111101101111011101111101111111111111111111001110111111111001111111111
111111101111111101011010111011111111111011101101011111111011111111111101011111111111111111011111111101111111011111111110111101111111101101111100111110111111110101111011111111111111111111110101111110
111011110110111111111110111111111111111111011111111111111111111110111011111111111101111011101011111110111111011111111101110110111111101111111100111110111111111111110111110101111111111111111111111111
111111111111111111011111111111111101101101111111101111011111111110111111111100110111110110110011111111111111100111111111101111111101111111011111001011110111111111011111111110111111111101111111111111
111111111111110110110011111111111010110111111110111111111101111101101101111001111101111111111101100100111011100111111101110101111101111101100011001111111111111101111111111100111110011111110111111111
110111111011111111111111111111111111111101101111111111111111111111111111111011111111110101010111111110101101111111111111111111111011110111111111110111111111111111111111110111111111111111110111111111
111111011100011111110111111111111111111110111111111111110110011111001111111001111111111111111111001110101111111111110011101111111110111101111111011011111110111111111011111110111110111111111111111111
011111111111110111011111110111101111111111111111011111111111111111111111011111111111111101010111111111110001111111111111101110111111111111111111111100011111111101111111011111111111010101111111111000
111111111111111111111111111101111111101111110111111110111111111111111111110101111101101110111101011101111111011111111100110111111111111111111100111100110111011111111011111111111111111011111111111111
111111111011111111111101111111111111011111101111111111111111111011111111111111100111111110110111110111111111111101111111111111101111111100111111111101011110111111111111110111111111110111111110111111
111111001111111111111011111111111011110111111111111111111111111101111111111111100111111110111111101111111111111111111111101111111111111111011011111111101111111111100111111101100111111111111111111111
111011111111111111111110111111110110111110111111011111001111110101111111111011111111111111111111011111111010111111111110111111111111011111111111011110110111111011111111111111011111111100111111110111
110111101101110110111011111011110111110111110011101111111111111111111111111111111001111111111111101110111111111011111111111111111111011111011111111111111011111111111111111111101111111111011110110110
001111111111011111110111111111110111011110111111111111101011111011001111111111111111111111111111111101111101111111111011111011111111111111111111111111111101111111111101111111111111110011101011011111
111001111011111011111110111011011011111111111111111111111011111011111111111111110111111111111111111111011101111111111111111111111111111110101111111011011110111111110111111111011111111111111101011111
111111111111011111111111111111111110111111101111001111011111111111011110101111111010101111111111111111111110111111111111111110111110111101111111111110111111000110101011111111111111111101111111111111
111011111010111111111111111011111011111111111111101111111111111111111111111011101011011111111111110111111001111111111111110111111111111111111111111111111111001111101111011111111111111111111110111110
111111111111011101111111111111110111111111111111101111111111101111111111111111111111111111100111011111110111111101111111110011111111111100111101111111111111010111111111011111111111110011111111111111
010111111111001111110111111111011111111111111110101111011111111111111111111011111111101001101111101111111101111111011110110111010111111111011111111111110111111011101111111111111111111011111111111111
011111111111111110101111111111111110101111111111011111111111110110101111011111010111111111111111100101010101111111111111111110111001100110011101101101111111111101111101111111110111111010111111111111
111111111111111111011011111111111111111111011111111111111111111011111111011111111111011111111111011111111111111110111001111111111111111111111111111111111111011110111011111111111111111011111111111111
101111110101111011111111111111111110111101111101111111110111111111110111111111111111111111111110111111011111111111111111111111101110110111011111011111111111111111001111111111111110111111111111111111
011111111101101111111111111111111111111111111111111011111011111111111111010110111111110011110111110011111110111101011111111110101101111110111111111111101111001011001111111111111110111111111111111111
011111101111101111111111111111111111110111110110111111111110111111111111111111111101111111111111111111111111011111111111111111111111111111111110111111101110111111110011111101101111111110011111111111
111101101111101001101111111111111110111111111111111110011001111110101111111111111111110111111111111110111100111101111111111111111101111111111101111010111111011110110011011110101111111011111011101111
111110111111111111111111111111111010111111111111111111111011111111111111101110111111111111111111110111111110111101111110101111111101101111101111111111111101111101111101101111111111011101111011101111
101111111011101011101101100111111110110111111111001111111111110111111111110011111111110111111111111011011011111111111111111111110111110111001111111111111111111111111110111111111101101111101101111111
111101111111111111011111111101111111111011111001111111111110101111110111111111111111111111111011111111111101011011110110111111111111111111111111111101111111100111111011011111111110111101111111111101
101011110111111111111011111111101110111111111111111111110111101110011110111111101111111111111111111111111110111111111101111111110111111111111111111111111111111111111101100111111111111011111111111110
111101111111111111111111111111111111111111111111111111111011111111111111111111111111101111011111111110111101111110111111111111111111111111111110110111011111111111111111100011011111101011111111111111
111111111111111101111111111011111111111111110110110101111111111111110111111111101111111111111111111111111111111110011011111011011011111111111011111111111111111111111111110011111111011111111111111011
111111111111111101111111111011101111111111111111111010111111111111001111101111111111011111010111011111111111111111111111111111111111111111111010101111101111111111110111111101111111111111011011111111
111111111110101011111111111111111111110111111111111111111111110010111111111111111111111111111011111111111111011111111011111011111101111111011111001011111111111111111011111110111111111111111111101111
111110111111111111111111111101111111111111111111111111111111111111111111101111101111101011101111111111111111111111111111111011111111111111111111111111110110111111111111110111011111111111111111011101
110111110111111111101111111111111101011111111011101111011011111011111111111101111111001111111111111111111111111011100101111111111111111111111111111111101011111111110011111111101111010111111111111101
111110111111111111101110101111110110111111011111111111111111111111111111111111111111111111110111101111111111111111111011111111111011111111111011111111101111111101111111111111110111111111111111111111
010101101111111111011111100111111111111111111111111111111011111111111111111110111111100110110111110111110110101111101101110111111111111101111111111111111111111111111111111111111011111011011111111111
010011111111111110111111111111111110111111111111101011110101111111101110111110111101110111110111111111100111111111111111111111111111111111101111111111111111111111111110111111111101111101111111111111
111110101111111111111111111111111111101110111011111111011111110111100101011111110111011011010111111111111111111111111111111111110111111011111111101011111111111111001111011111111110111111101111111111
111111111111111101101111111101011101111101111111111111111111111101111111111111001011111111111111111111111111111111111111111111111111111111111111101101111111111111111101111011101111011111111111111111
111110111110111111111111011111111100111110111111111111111111111111111011111111111101011111111110111011111111111111111111111111111101111111111111111111111111111111111110110111111111101101110110111101
101111111101111111111111110101111111111111111101011111011111111111111111010111111111110101110111110111111111111111011110111111111111111011111111111101011101110111111111111111101111110101111111111111
111111111110101111011111111111111111111110111111011010111111111111111101011011111001101111111111111010110111111111111111111111111111111111111111111110111101110000111011100111111011111010111101111101
111111111111111101111100111111111111001111111011111111111111110101011011110111111111111111111111111111111110111111111111111101101111111011111111011101110111011111111101011111111101100101111111111111
111011111111111111111111111111111110111111111111111111110111111111111111111111111101111110111111111111011111111111111101111111111111111111110111111111110111111101110111111111111111111010111011111111
111111111111111111111111111101111111111111011111111101111100111111111111111110110111111111111111111111111111111111111111111111111111111111011011111111111011111111110111111101111011111111010101111111
111101111101101010111111111111111111111111110111111111111111111101111011111111111111111111111111110101111111111011111010110111111111101111111011111111111101111111111110111111111110111111101111111111
011101110110101111101101100111011110111111111111111111110111111111111111111110111111111111111111111111111011111111011110111111110011111111101101100111111111111111111111111111111111101111010110111111
011111111101111111111111111111110010111111101111101111111111111111011111111111011110111110111111111111111101111111111101111110100111111110110111111111111101111111111001111101111111111110111011111011
011101111111111111111111011111111111111111101011111111111111111111111111110110111111111111011111111111111111111111111111111111011101101111110101111111111110111111111110111111111111111011011100111110
111110111111111111011101011111111110111101111111111111101111111111111111111111111110110111011111111101111111111111101111111111111111111111111111111111011011101111111111111111111111101111110100111101
111111111110111111111111111111111111111110111111111111111111110111111111111111111111111011110111111111101111110111111111111011101111111111111111111111111100111111111111111111011111111111111111011111
100100111111111111110111111111011111111111111111111111111011110011111111111110111111111111111011111111111111111111111111111111101111011111111111111111111111111111111001111110111111111111111111101111
101010111011111111111111011111101111111111111111111111111111110111110111111111101110101111110111111111111111111111111111111111111111111111111111111111110011111111111111111111111111111111111111110101
111111111111111101001111111111111111111110100111111011111111110111101111111111010111111111111111110111111111100110111111111111111111111111110111111101111111111111111111111011111111111111111011111011
111111111011110101110111111110111111111111111111111111101111111111111111110111111111111111111101111100111111111111111111111111111100111111111111111101111111111111111111011111001111101011111110110101
101111111111101111011101111111111111111111111101111011111111111110111110100111111101111111111111111101111111111111110111111111111111010110111101111101111011101111111111101111111111111111111101111110
