0110111111110111111011111111000111111110001111101110111011010111111100100101111011011011011110101110011011111
1010111101111111110101111110111110111011110110111010111101110111101101011111111111111111111111001111101101101
1101011100110000101111111101010001000111110101111100110110101101110111101110000111111111001111100111111111111
0010010110101111011111111010111111111111111111000110111101101000111111111111111111111001111111001111110111100
1100011111111111110010011101111011111011001011111111111011111111011111111111001110001001110111100111111011010
1111101011111111111111110101111101110110011101010111110101111111111111111111111111011111111100111011111111101
1110110111101110110011100110111110111100100111010111110111001000101111111001100110100100011101011111111101011
1111101010000111111011111111111110111011011011111101010111101101110111010111000010011111110111111001111010101
1001111101101111100011110111111111111110101110111111011111010101110110111111110001111011110111011110111001100
1100111010101111111011100111111111101101111101110111111011111110011111111111111001101111101110110110101111111
1111111011001111111011101001110011110101011011001111111011111110110111010111111110110111001111111110111101010
1110110000001111011001111101011001111101001010111111101011110111011001110011110101110111111001111100010111101
0101111011110111110001011111101111011100101111001111111111011111110011101110010111111111111111111111010111111
1101111111111001101111011010101111111101101110111101111110001001110011011011110011111111101101101111010111011
1101111111111000101111111111111011111111110011100110111111101011011111100111111011011110110111111011000001001
1101110111111100111110010111110011111111111101110110101111111111111010111111101111001110111110111101111111101
1110111111101111011001111111110111111111011111111111101001011101111011101001110111101111111101111101111011111
1101111101111001101001010111100111011110011101111001110111111101100101111011011101101111111111101100110111110
1011010101110111110111101111010110101011101011101111111101011111111111101111110111110110111111111111111110111
0111010000000111001001100111111111011111111110111111110111101111101111111110101010111111001111111110011110111
1011111111100111001001111101110100111111101101000101110011111111101010100110011011111111001101101001001111110
1111011111111110111110111111101101011111111101011111011110111111111011011101111000111111101000110111111110111
1111011111110010101111011111111111101111000111110111101101101011011111011010111111101001111111110111010111011
1111110110011111110011100111101111111111111111011111111100101100111000111110111100111011101111111100111010011
1111100100111110101011100101111010100111010101011010111011111111101011111010111100111111100100110110011011101
1110111111011011111111111011001111011010111111011111110010001111100111111111111111001101110011011111111111110
1101001111001111111101110101100111111111111110101100101111011101110110110110111111101011010111111101110101111
1010110111111011111111111110101111111101111111111111110101111011111110111111111011001111101111110111001110111
0101111111101111110111111011011011110111111111001011011010111011111111110110110111110101010110111101111011000
0111111111110011101110101000101111101111111111101111011001110111111111111011110111111111111110111101011111101
0101111111011110000101111101110111111110111111100110111111111111101110100000111101111011111111110111100101011
1101011111001100111111110111011010111111001110110110011011111111111110110111101111111111110111101101111111101
1101101111101111111100111111111101001111111111111111101110110101111111111111111101001101101110111101101100111
1011110011111111110101110111111010101111111101111101111101011111101111111110011111110110111011111111011110111
1101111111110111101010111011111101011001111011101111111101110111101110110110111101111111111100100111011011111
1101111110111111110111010111101100100111111111010011111001111101111100001110101011100101111100101111111111010
1101101111011111111111110111011111100110111111111111111111011111110100111111111011111111111111101111111011011
1011011011111111110111111011111111011001101110001111111100011111010111110101110111111111111110001111111111111
1111110110000011111111111110111111011001110001111111111111110000101111110101111100101100001111111110101111110
0111100101110111101111111011110111110110011111010111111111100100010111111111111111100110111110101101111101111
0111001011001111001111010111111011111110011011011011100100111111101111110101111111110101011001111100110111111
0111010101100011110101011111111011111011101111100111101111110010100111101111111101011111111110011111111111011
1001110111111101111111010111111111111101110111100011101100001111100111101101100110111110011001101111111111101
1111011011001101110111111111111111011101011001101011011001110111101001110110100011110111101110101011111111001
1101101110111110101100110111111110111101111000110000011111110011010111111111001111110110111111011101111011111
1011111101101011111011111101111011111011111100101111010110010111111011100111000111011011111011101111100011111
1110100111010111111100100011011111101010011111011111111101110110111100101110101101111111111101011101101111011
0110111111010101110101111101000111011011100010101110111111101111011011111111101111011011001101001111111111111
1110100110111100111101011111110011101110100101110111111111011110100011101100111111111101111111100101010111010
1011111111111111101111110111011111101111010001111001111111111111101111111111111111010001010110111110011101001
1101111011111011101101111101111110111111111101111000011110111000111011111011010111010001110110011111111010001
0000111111111100111111110101110011111111111101101100011111111111111111111111011101110011111110001101111101111
1111111001111111111110111111001011111111111000111100011111011101111011110100110101111110011111110100000110110
1111111111101110011111011101111101111111000111111111101101001101101111101110011101111111111111111111111011111
1101100011111111101001111010111111111111011110111111110101101011101111101111110110111100111111101110111100011
0111011110001111011101110011001011101111111011111111111011111111100001110010101110111100001001110101011111111
1010101111111111010111001110101110001011010011011111100101111011000111101011011111011110111101111111111100111
1101111111111011111110101011011101111011010110111101111110110101101011011001101001101111010110100110010011001
0111110101110011010111111001111110110011110110110111001111011111101110111011111111110111111111111110111001111
1100110011111001111011001011111111111110110111101111100111100111110111111011001111110111101100111110111101011
0011111101101111111111111111101101011100101000011111111110100011001111110100101111111101111111111011011111001
1110110111111001111111011110011111111101101101111101110101110011111110011101110001111101010101101111111111101
1100110001111011001111101101111101101100111111111101001110111101111111011101111110111111110011111011001100100
1110110110011111111111101111111111111100101111010101111111111110111111110110101110111110001101111011101110111
1111011110101101111111011111111111111010111101101111111101110111010101011111011010011111011111011011111010011
1011110111111111101001110011110110011101000011110011100000010111100111011110111011101110111111111110101101111
1101111001010011101111111001111111110010100101110111111001101111000011111111101111111111111010111100101111011
1111111111100010011100100111111111111111111010100101011010111111110011111101001101110101010010111001111110111
0011111111101111101111101111111111100111111011011111111011111111011100111110111011111011101111110011011110011
0111111101111110111101101100110011000111111111011111111111011011111100111111101111111111111011110101110111011
1011111011011011111110011111111111101111111111111111111110111001001111001001111101010101111111010111111111011
0101111111110101010101111111110111101111100110010111100101111111111111001110101010110111111101111111101100010
0111111011001101111101111101010011011001011010111111011011110110111111110101111111001111111111111111111011101
1111110111101011001111010111100111111111111111111101111000001111111111011011111111111111001111101100101111011
0111110111111111011110111111110111111001010111110111011110110001111011010100111111110101111101111011011100111
1101111111110111111001000101010110001111111011010111001011110110101101101100111011111101111100111111111111110
1101011011110111101101111111111110111111111100111100101101101111011011111111001110101110111111111111101111110
1101010011111110111011111111111011101111110000001111111010100110110010101111001111101101111110101101111110111
1101110001100011010111111111001111111011110010111101010111111011111111111111110011111111100101100101111101111
0111111000111001111000111110111111100111111011111111111110111011001101101110110000111111111111101011011111101
1111111100101111101110100111110101011101101111011110001110111011111011011111111001110111111101101001111111100
1111010011011111111010100111111111111101110111111111110011111100011111101111011010110110101101110111111110111
0111001011111100111111111010111101111111101110101001111101111111011111010111111111011111000111110111110111101
1111010110111110001111011000111101101100111111111111111110111111101111110111001111101100011011111110101111101
1111110111001111110111111111011110101110011001111000111111001111111011001101111100110011101110111110111111111
0110011101111111111111001101110111111111111110101000111111111111111101111111111111110010111111111111110111111
1110010111111111111111011011011101101101011111110001110011110011111011011100101111101100111101011111011101111
1111110111111100110111111111111110111100110101111111010001111110101111111111011110101000110101110110011011000
0101110111011111111001111101011111111101010111101011011010111010011011111011111111001111010111111111110110111
1101111110011011111000100110111101111101111011101111111011101110111101111011110110010111100110011101011101100
1111011001111101111111110001011011111111111111111001111110111001111011111111110111011110000100110011011111111
1111111111101111111110111011111110111111010110111111111011111101110010111111111111101111111011111110011110011
1111100111101011011100110111111111001111010111001111111001101010111111101100110100111100110100111110111010111
0111101110111110111110110111001101001010101011111000111110101111110011111110101111110111100100011111101111111
1010110101111111111111111011111111111011101101001100111111111111011111011111111111111101101110011010001111111
0000011111111011101101111111111011000010110010100110110110111011111111111011100001111111111111101011110101111
1101011110111111111110010110110111011111111111110111011010111111111100011111110110011110110111110111111110111
1111101011111101111101111111111111111111111011111111111111110100011001111101111001111111110111001011111101101
1111111011101110001101101101001001111110011101010110011011111111110010111011100101111111101111111100110010011
0111111100001111101011100111111111111101011111111011010110001111100111111011111111100110111001011100111011001
0111111111100001111001010110101110011111111111110011011010110101111101111101111011111100100011011111001101100
1011111110111101111101111110110101111101111110011111011111111100100111101011011111101111111110011111001101111
1110111111100001101111011101110111111111011110110111011110111111111110111111111111011011011111101101110101011
0111011001111101011111100111011111010111111100111101101110011111011111110111111111111110111101111100111010001
1011110101011101111111111101110101111110111111111010110101001101101111101101110111111101101111101011000100111
1111111011111111110010101110111100111111111111111101010101111100011001101101101110111111011001110101111000101
1111010111011001111111001111010111100111101011010001110110100111010100001011111111111110111011111100110011011
1010101001101100111111110111001011111111110011111001111110110001111111110111111001001110101111111010011010101
1110011101011111101101111011011111101101111111110111011111111101111111101110011101111110101111111111011111110
